ECG,-2.7656795487750667,-17.712236136890784,-23.415414295278175,-35.69878642671802,-51.34349437515193,-45.27339939170642,-42.254232684789265,-66.57853523624004,-92.75221479555842,-103.59423259555736,50.363124896421766,500.90928033116114,746.4470320353771,213.1954493633302,-493.3988941779006,-474.4378583745107,-97.2700913076924,-42.648297348734225,-94.50605493283496,-1.8776653362067037,24.80242237032511,-17.144454835326165,14.160175223357825,40.40243843776075,21.58942670555907,20.479123567689484,16.86643244530034,-2.9616488732171016,-8.302110276608078,-10.841255050129021,-20.926818707101138,-29.855242789517103,-45.337718268463476,-57.434976100891575,-47.00203109502043,-30.220957041834748,-23.469401326045418,-13.667648301128157,7.535203550843329,33.32732784929316,60.148072632023386,82.32446244698389,93.30068646247301,101.6170690966537,109.85862978245737,96.40237806477911,54.280526939289,8.32801782187095,-25.558050978661797,-53.25396123971814,-75.61675712608785,-82.00000891054981,-68.67791159789668,-50.00343052490982,-39.988928802949445,-33.09476077541116,-23.775206277556876,-19.729534446128316,-20.521288784045982,-16.61301015989929,-7.7788527939148615,-1.0886223122422205,-1.1892758283050124,-4.031119625406852,-1.9844018052201058,0.7258905972684424,-2.0464537875707514,-4.340791388274683,-3.7266556057323896,-2.747041597052239,0.5151773216848676,1.2172223579052988,-3.291849362808322,-1.4143560625450369,6.94055562631536,8.303255488578714,3.3254367521304964,1.3071710103190362,3.5677998664810984,4.650707141914388,1.3474146199851282,0.5160023990523221,1.2847819435426677,-9.267155950271048,-18.699539032451234,-6.986027648915315,6.04477369107257,3.1555647723540785,2.589675131099386,9.406372033625225,10.900280222789416,9.617778789259425,13.814644497585386,22.410497968763693,19.77970319858218,-6.090426097428265,-29.516080413736287,-27.860696328033285,-24.99084982305598,-31.961155620881584,-29.132352561105403,-20.93103319824116,-17.963447851667503,-11.710063275162444,-6.974593263709798,-13.077859581745322,-20.79968453114534,-21.731887200202834,-13.793667614601656,3.847094829247804,23.751137482925593,35.063365238463355,33.89929497403138,28.80622911679382,27.06584099881317,17.99734604477512,2.1545102043511415,-3.405922569424116,-7.767677694972672,-17.135146337964894,-12.766837057683695,-11.009882590211367,-30.992461491042032,-44.41537663648244,-47.25327047013933,-53.37273191449104,-49.45220422682389,-49.22991058019953,-68.66092588047846,-99.47870018451277,-85.13415481827795,186.0852364164495,667.2602298858977,670.1906610352241,-53.43192834608209,-572.9543279797216,-339.232460149432,-37.89757905329564,-73.31887512139932,-71.26430735858906,25.074248401082905,5.8239259685790685,-17.97098140931606,28.724879906428683,31.2445884861312,9.64203302752539,16.78094717491231,6.360515714686927,-13.24052065820705,-8.298379639837016,-5.861775640610731,-14.29008319431982,-18.271680582710513,-25.044480560024795,-28.759281017136463,-16.52532635910992,-2.1114910175935355,9.697859782038815,26.529991890761018,31.571758629974433,22.994445925117184,35.52304183906144,67.03146899765052,78.62080334708192,73.2431262752076,72.08691520164184,59.461179427378696,26.088764989795727,-6.547376888829776,-32.928603483280995,-62.049460194251836,-80.88722592110048,-75.19550073288544,-58.3506177480773,-46.24672006957894,-37.09851584181868,-28.688195621685054,-22.310406392678818,-14.162332154730603,-4.158011037763176,3.797965535320806,9.317015922976156,8.791708143591206,2.7351699031704335,3.147161833611616,8.740524156091652,4.631837595990023,-6.4304248389444645,-12.319017394894031,-12.90018135929174,-9.06851491766895,-0.3349632480665816,6.001077532624935,4.267129259652449,-1.7175920967442408,-4.846779388681732,-3.1257323325582878,-1.138346549355873,-0.2668418899680125,1.04773419515608,-1.6277229812205958,-7.374498664921539,-6.4175032849945595,1.1891328106137775,7.712865772038908,7.93956344948624,-0.7042933061789292,-7.723332197497607,-2.240943992865395,2.521813278504416,-2.520771270874851,-4.581480488206403,-3.8743259479554046,-9.384593272063718,-11.330857924010362,-3.288962143740048,3.446746211216774,1.552879803152483,-5.060356133909746,-8.236100001560683,-3.5203246206062593,4.636102801750392,10.916917434927885,13.9388863781949,14.006393460634682,14.068495183964288,16.972451806339976,25.30151697463873,32.25857881347309,11.273211873459921,-39.05378925664325,-67.22926255951532,-49.0023030698138,-26.076171153201834,-25.04320426996003,-29.390569758894692,-29.135707535151084,-24.01749074336455,-7.226193970204371,19.828708558700086,41.12413832081203,43.39731811980932,34.14017161920711,26.73548382773537,15.52831659252169,-0.2283632173377681,-6.031127459964513,-9.686802492639785,-21.45203841896198,-26.572426627407886,-29.912387793867122,-41.75421938083156,-42.729651010635614,-39.79492393277242,-50.13985718118427,-51.04232813285326,-45.93539211827742,-57.125963398117236,-80.73438178859743,-83.80720586160271,116.60730015572929,579.7146173424734,729.4195919111052,124.70399480990784,-509.4019719852589,-417.9876919360328,-79.65405198614496,-60.61013625004471,-92.93628696931596,-1.2796320546961937,8.466827176298388,-28.890225743233444,1.513219771539494,15.997224922657686,0.5662470491147111,11.282883139580923,13.88958411283613,-2.493136729330377,-6.470074122334315,-8.902338963152712,-15.056035633029738,-16.164789918339977,-24.797116701316142,-36.73100980673864,-34.86516077617503,-26.341806148856442,-16.74847304288849,-0.012276513447517345,19.418010881481916,38.82747541564588,62.201177725525504,85.10192409310125,104.02653102061586,117.79015509993496,116.00563664926145,93.75439430521345,59.00672837851852,22.089083279332115,-7.314953686572235,-36.08637497668643,-79.56070478869655,-113.53035014443783,-102.3626442994395,-70.21477382069084,-56.861623552786526,-50.11837673758011,-32.14007053862403,-18.316341007503894,-14.715474571877401,-6.996191993942656,4.147084319262966,7.073014143838343,5.061120890793328,4.136674655822835,-0.5694347850874983,-6.1150709380102874,-4.4923495438215095,-3.2091738626491697,-5.969674275561141,-2.8337763715707496,1.1927632718027983,-3.358797835738999,-6.6337064405758355,-4.805353050606438,-5.790223251753675,-5.50732708870602,-1.0711365457881064,-0.07692751226864392,-2.1671637027725463,-3.0083422925552252,-2.398849391655891,0.503531252839668,2.4849959073345085,1.575080391637652,2.286033422354842,1.803346217305191,-2.476508250414308,-2.9224894815354725,-1.0651810756489954,-2.7871587872814736,-2.2053108797492644,-0.11597361890908875,-2.9455357103843633,-3.4875603974135414,1.4486344905944653,1.9589173832240414,-4.248017986445708,-10.645111715214165,-11.872722487648485,-7.196824167259513,-2.589707223114366,-1.5787241169666917,-2.257229586075641,-4.157451961442822,-2.403492309792425,5.900365512907865,9.918871791078317,6.827297773551455,6.590499090402175,3.9190540615894394,-8.600198333810589,-15.981562850522428,-9.700350130281379,-4.235805270616467,-4.321102853063819,0.7917453687981588,7.378704793183846,5.056556828127559,4.426688092625227,12.268755871828086,7.432106499085517,-13.306406514637544,-17.039554834937654,3.046923442153309,13.479408937175334,1.3643076497528064,-11.585410566836828,-14.918242882204538,-22.908119729683037,-36.577232456594245,-38.34766653338202,-34.40606403915415,-39.38052919872977,-41.150811127082264,-38.00007614718321,-38.29610443869798,-35.276891767462516,-41.74752048658825,-60.64491509437246,-79.20640341572056,-79.69135638076624,122.47226161783442,593.2526954671412,727.3260610309221,80.08396320839992,-561.2857595367512,-429.4716695755299,-70.733361778199,-64.56452420329742,-98.85529876474995,-1.7079309361597268,3.4613668816614123,-27.73906589901015,19.241738861409356,30.30729112922738,-3.466583714945422,2.923070957568487,11.8448644333893,-2.8189156133009945,-1.9090223382183904,-0.6985891455790973,-23.542963022170355,-39.41326144138953,-32.245343712443045,-27.21377304997097,-32.17501923693195,-30.144030106413478,-19.38398700656104,-8.167782260260745,9.856571344829325,41.14738671774783,73.71659027227182,91.14004555551263,98.04286535362132,111.04089924237236,117.6257240971012,90.3033738806741,41.531463810961625,-0.9085472778743853,-38.20688992217152,-68.30748079497964,-77.42658484670922,-73.74047897690718,-69.2573965471619,-59.16509641070197,-40.9459273135332,-20.014668988140283,-3.425422982782674,8.928895199319502,21.044599534801577,13.61678610792249,-25.724527521294114,-53.761775861612264,-39.90690358972121,-20.767361285054633,-21.13482258252408,-22.472276948807604,-19.105490604615046,-15.844504063613154,-8.344020825420863,-2.3398255887009825,-3.628651266052648,-3.5410658744886483,-0.45949693967701855,-0.6365270028432892,-0.03789994537952346,5.135814523827974,7.095928400706482,1.7119917997137613,-4.400121077618378,-6.955750995086815,-6.278234136515467,-1.832003916785406,1.6025231681142396,-2.3313761773995214,-7.8354757076394534,-6.104598784243698,1.1800969679346407,7.581146211758865,6.402146845228719,-2.733828685591935,-7.130407491063446,-0.6879072032740372,4.796988415672454,2.621217466854729,-2.9023481452727395,-9.727142789560508,-14.036860006056205,-10.806406033696213,-3.160332993950625,1.9162290009175331,-1.8285426456176985,-13.561951569319,-20.013244624592065,-14.76937669686353,-4.965052583617716,9.021677585504154,25.942003565073684,34.787021598206564,37.992191942906615,41.19686000214408,29.741986120754362,2.763520274010699,-13.041648682445619,-14.557671986673263,-23.176487302617005,-32.503090305800974,-27.65693352445843,-24.655064633197885,-30.45772667213467,-34.30652977393358,-43.86851283680506,-48.81504549934901,-34.20718026903896,-37.154921801872064,-66.57060078697586,-98.35234183341427,-92.3733023086157,160.08614492662468,654.8033276648338,704.9511401095813,-12.786079978687383,-580.831664284472,-364.5543972001267,-31.48617480774255,-54.67101126199087,-67.0001798565099,29.19399919145949,15.12609968542494,-15.36276892742619,32.057312365709784,43.7845317268852,10.163159436996516,-12.999673559705277,-31.710688768212624,-32.936944793431486,-19.597731602770644,-24.19284060446242,-31.7067066031677,-28.274204761880206,-32.32148412436574,-36.39002168213879,-27.900804509838633,-18.78237251608649,-9.601998843825092,8.514583607060102,30.222584872329662,50.894910983617876,71.87046584335026,87.72593014588028,95.32479918084175,101.36747286642037,104.41501914234823,88.49220876726326,46.15561845059385,-5.3154748947571075,-40.25144020636263,-54.52414769607277,-63.885855977309205,-70.2129612260797,-63.18664461602978,-50.6226334481527,-41.81355742532271,-28.781472445788854,-13.861584427021842,-5.907334273525596,-0.1694226830808443,-1.9005189974454204,-15.819913922879785,-18.24106315726077,-3.7400642875733094,0.022164727417557373,-7.346339572887306,-6.15587594145491,-0.5929177701914643,2.1147052448024315,4.86007710279356,4.619270452119492,2.3129433010868325,3.624953002805041,4.6040299833069,0.7288839043356381,-4.487273772738752,-5.091337324713296,0.23424535184118356,2.9315216176363617,-2.2846103585995503,-6.931999411415749,-6.269079954110449,-4.080734065117125,-1.1421608886420183,0.5407806104165843,-0.8197780242600101,-0.424367015423076,3.4960220534596584,7.13352162431415,7.794907998441849,7.944001615128105,14.02320938243995,19.982975085754966,16.7641432537862,19.119446009111414,24.745237196605185,-1.453664399629357,-42.05933404173865,-41.82159930770314,-16.96466407637412,-11.152549517045463,-11.106358581270168,-4.217350398467078,-4.504825257487765,-4.574675562883241,0.2780383707981242,-5.552144683339844,-15.081774376873208,-12.348540648727464,-7.25001996665671,-9.744850158451978,-13.482602783062289,-13.999687150777724,-7.978645812399877,10.935492765091187,34.36444663527811,41.23234727731928,31.564769781299955,23.651978036030478,15.823651863109896,0.21062563906172826,-10.08909265600062,-10.847389688263657,-13.124740484784187,-17.078245169904008,-23.844712126432476,-36.108427777955974,-47.4724903562922,-54.77114414526399,-50.249758185626156,-40.867479394513204,-54.029681640839016,-76.53695338073598,-92.85112481524854,-43.895218333591316,273.3864913740574,717.1656875612175,589.6872677116967,-164.86300512470697,-566.8913185186225,-274.67556166619136,-28.30653430201898,-91.40523273613496,-78.76820220533219,8.0386943809319,-9.44388052159556,-18.45526958422149,20.133097576985993,15.55095915441522,2.2765188717153375,10.988775029824264,4.498483175450873,-3.1474652732641584,-1.4396119236250815,-12.177097989418375,-21.71064803972347,-18.749474255968373,-19.720414457282786,-22.44294531993563,-19.755728131272324,-16.05236912845909,-2.785416157470685,22.174628197396057,43.94100692298392,67.69461129732744,95.23329438345583,93.62718094975472,65.59112885015013,62.8140586047653,79.43847943540729,59.94453268030357,10.408272819470932,-25.794801151126112,-49.14113771218993,-70.26376829162045,-75.00978746766121,-64.21892043214612,-56.469282767896125,-51.49098373928045,-40.01145477694959,-26.37641279840505,-14.467586081809266,-3.3477878280830247,-0.2852181698169005,-4.970536434582829,-2.474334715924374,7.466079596391455,13.33304759436296,15.691432953493365,14.211473461086465,6.8936626829978955,3.3428294880779195,1.6068770749921262,-8.986800710330177,-16.900349484738364,-13.789441265937802,-12.354063050009866,-11.515729618105318,-3.4333802902110513,1.91383541880265,1.202509485269883,1.9753256783461932,0.6057618138037659,-3.9028713899236145,-2.135914350353389,4.173035356891349,4.176454463686003,-2.6710186492469585,-8.275352292808378,-8.347978327999371,-3.570443636476872,3.3073537806696303,4.361640375630069,-3.922986177937986,-8.522321570079402,-2.4611088674690906,2.094365036687176,2.60241173902701,4.6585826179104135,0.6351840111733535,-7.564005564524428,-5.273913318329001,2.6184663791314335,4.675452466221692,3.9056420372106273,1.2080517915200986,-4.059718059353116,-4.880641553326276,0.07364132743527363,3.533848970726929,0.8917459865950609,-3.254598052070353,-2.2051310820746854,-2.9659821571838503,-11.4109616062842,-14.948249954273713,-10.59341347171176,-5.0722665525893404,12.53657169181857,40.33261053986723,55.59511141784113,56.532622706477845,39.37752562288226,-6.77421574232606,-41.099442789594036,-29.411131017151753,-19.682608954408217,-37.92286457539115,-42.89828356763874,-34.82527981322457,-38.893354668168584,-39.277761398570775,-36.695338778035236,-40.79575473205351,-36.30666013468079,-39.69438461461462,-60.152250188727876,-81.33190462456452,-82.77359436077273,118.90652964316148,580.7301336603477,700.6450995583386,66.8917666014559,-534.2939222052144,-390.44375532307464,-55.33676419905366,-58.48004613397456,-83.01962681851057,13.075565247142016,11.508350282987358,-23.860984501314256,10.130875548810106,10.19618618541402,-17.131383834702838,-2.6658563320194073,5.040354578489117,-12.19459494444791,-15.687094214379204,-13.70999038768185,-19.13742729759577,-21.713842813654338,-21.707571310732625,-22.460266745916655,-24.8494349949073,-27.61175142604779,-21.606624722566472,-3.846136494066748,18.972420007601585,40.55408345400724,56.76119268612363,71.4410588408101,90.59233367978871,107.0593801612261,109.33710060033741,92.32331765376074,56.49476155803404,12.642932587416,-26.42930175306673,-56.915670205319344,-74.70693593913509,-77.85867056445522,-73.70827354180415,-65.24203832164058,-51.696759180575356,-37.2180158672267,-22.207369013828167,-8.391039755962822,-2.592529876112078,0.10805236860158196,8.185434340587117,18.84960289705281,26.946893900907362,20.146648364107207,-10.645210344827781,-37.881560466159385,-32.980575002741126,-17.940340497936678,-18.481240132372953,-19.77130318163984,-10.452080727093815,-3.2258727695837806,0.08242561849696983,5.004381327896791,0.2905285943424829,-16.86014832658895,-23.800260649778625,-13.504175072306492,-5.8954711266700635,-5.290161883721154,-2.0026840345434014,-1.590780225319584,-6.09718021823522,-5.597433790529269,-4.701042245088923,-10.614342327498338,-12.384815653910348,-4.212559150974519,3.0650281930215204,1.5870364470220881,-5.089111701925814,-8.309225254212691,-6.367615690508583,-6.405393350662274,-7.78668847692898,-5.056708217758193,-4.003944477856127,-8.320119964455461,-12.189579791968917,-16.2070885657717,-20.788530602644844,-17.31220249431717,-3.2347224649278146,15.696618988155086,31.634252739937107,35.112619618290864,27.491387711424096,18.07873929635239,6.861063564282814,-3.930573874347612,-6.934808673896052,-7.980328005044388,-13.836879462494638,-23.846348022935473,-37.15780761393941,-42.74364342216429,-42.298774961491645,-52.25866417742662,-52.42691385990456,-38.24015039877847,-50.83976152757357,-77.19107726922357,-97.1254220834336,-55.63316615775378,267.1007624218129,728.1898337276622,589.3002476485174,-192.8264753056415,-583.3779980812149,-261.3616280445568,-13.944225424142974,-74.10713650433343,-31.971389090029305,58.430692823912786,-5.948551519858647,-54.53468557817809,-9.7179977964169,3.7144911708497546,-8.830149113322081,-2.004041574429767,-8.657361847368039,-23.999109333277787,-20.803625599637602,-14.30905625998748,-18.449513824040295,-25.0538500961945,-27.293336826207163,-25.932880209807536,-21.893378872245975,-11.62598676120059,1.974475125152364,9.702659055529526,19.383014099528907,45.57461700834031,75.77695685773094,90.26200680193908,98.49916950547941,111.41774824269255,109.26522280967224,77.523708925311,34.08271232598541,-6.893893583180693,-49.28133194264157,-83.51217089091247,-92.95652206598848,-84.1128517285926,-70.8265059248069,-54.86792281212203,-40.003638224651056,-31.098604338325387,-23.517028692137984,-13.785764986182505,-2.4228277288410567,9.13086116666565,12.402092701017093,5.208661709031768,-0.629108679977092,-2.631467400036783,-6.049907952370397,-6.54769829586961,-5.503901581370766,-9.465902425196001,-9.796335221601984,-1.7784491922031878,2.4912953864686456,0.6775589899996515,0.16807789384225025,-0.5673632762790084,-1.2586508032784205,4.12051103505494,11.792913355059492,12.375590875043121,5.148519545063588,-3.1188294197156803,-6.093978274400058,-2.784657756495487,2.414243768191253,3.84634922683691,-0.33581386560130544,-4.8436820044533935,-2.9033517701141207,3.684688462443644,7.782970390665366,8.429789612812561,9.963016510274262,9.66625430312828,-0.5182305019534108,-12.92230831156446,-11.64546504395039,-8.474047038638425,-20.948028376124334,-25.363602215268166,0.5965742347876661,32.33870809764683,48.93957844555542,52.54305941274228,31.211197951155306,-11.095338953826369,-32.53121681962041,-22.18848456184046,-16.894117407982968,-28.28234185099527,-32.36290187219364,-28.745774476675297,-33.29996433998318,-33.83273695584636,-28.217259025093462,-38.38229079093336,-45.69125352677446,-36.8001401837256,-48.28008490203791,-73.56084967182372,-92.9587511198931,-46.34722935049575,277.7905313320766,729.4630241562938,585.5381517462491,-187.08444963991906,-573.1154015586674,-264.0276203833173,-25.39765748589068,-84.12039428975062,-55.5884044064109,24.39405747980561,-3.8239490426133997,-10.84387880828502,17.954472028533786,0.39319092439390957,-3.4010405634429954,17.85740195755787,6.726647557727428,-8.118343817766743,-5.217601116585695,-13.159350022552289,-22.891149843142642,-20.589988890202104,-22.185926920362263,-27.8728086906992,-27.03561817498642,-22.776926249182665,-12.502212016693587,12.266441907930552,40.670798085451395,58.88861706270803,77.5494997419128,104.07031038515933,122.10685669932579,123.79376545972423,113.69224835654859,85.29910063792114,37.49614550656075,-14.161846239652384,-56.96355004028944,-83.81977869539398,-93.09988264545788,-91.7954677549731,-81.01959198126477,-59.735177086272955,-38.940546875717914,-25.085175714798147,-12.859638064105187,-1.2545272437218884,7.0782981583566364,12.64157062861788,18.80801592078194,24.20472770274363,11.653859151664573,-22.60968921894175,-41.90100794522933,-27.490608123037397,-13.729319461426142,-18.62735039964778,-20.09153360256234,-12.618503574814316,-9.314173564950092,-8.721053750790624,-4.652873053043617,0.9610671345209898,3.368108677391767,0.22665424634825104,-1.0478306982249928,5.928056809586238,10.596351790920409,6.666223156234613,4.275903659873887,2.458478981559919,-7.039913627418057,-13.247467855588193,-8.083742383279658,-4.526467376729626,-6.680249656332076,-6.306288104772435,-5.317016432570167,-4.253005532635684,1.6635086485415869,4.186453778620212,-1.746564773376699,-4.051115131951978,0.11201819077612374,1.8566131630356453,1.3119315814303016,0.09623582038977685,-3.321002676017903,-5.971248796422923,-9.797689114223724,-17.397631675748407,-19.33106332602176,-12.59395648371541,-4.050471120281948,10.620153477289183,31.193866001116188,41.15376900042989,39.367417430145494,38.08677949717422,32.81865339550005,20.01575202325016,9.468890568464667,-5.936985038934262,-34.34208077002116,-50.67231713111881,-43.072326852790155,-36.87519412510588,-36.77918110701374,-35.387712717235324,-44.7030300848116,-52.56117626502231,-48.80258344458392,-56.47987519877206,-69.68338844806418,-82.64679094568058,-23.23624530340072,313.22256901333606,723.6948542828745,513.8521373765609,-239.21058968999102,-543.1760363607538,-217.88937128967837,-20.179523526729096,-82.68826367894499,-32.78155342815495,46.84274670016896,13.415984692270296,1.3013607396537201,7.576767874847935,-27.942071340255808,-24.930549460646006,8.708808761492289,4.504412880357393,-4.796077488686727,-3.5109970950798477,-17.40536693778205,-27.446503461930625,-23.843263023157924,-22.184136507472726,-17.83908113242557,-11.873056608654196,-12.76981255870716,-11.224717766911208,-4.220228880386627,3.1979970033686467,18.831835313000923,44.44543201760679,67.37139723933042,82.69698167891511,92.79209136184069,92.17453566949345,71.99726205571494,35.22398345435819,-1.4586576580624095,-26.329817757029915,-44.62005760989102,-61.35216673627303,-69.11047271928285,-63.75727389082005,-51.674679554192906,-38.643441140151225,-28.44858027861126,-23.0768911293881,-17.288329358783756,-7.009977755914228,3.481593217170232,8.249270282894543,1.5959389374510984,-13.961304741977049,-21.057233730663654,-12.909808619079165,-3.706699182417111,-0.9978304967900105,-3.331701718662071,-10.50776186600535,-14.121682522360265,-10.480082300436774,-8.277248350345625,-4.620767483481826,2.476257011363062,-0.8881042946933437,-9.704894058735755,-6.376327420127842,1.8551472429943958,5.416340148022481,8.188470853293563,7.622255290769323,6.206165190694305,11.846753536918076,19.138056438104563,25.9601810534091,25.62798575634582,-5.534155645606852,-48.400093759336805,-48.65578991419104,-18.86496570301326,-11.257712452098882,-16.878147235224958,-8.622002320104801,-4.3167759651978805,-12.591706407901876,-11.490299951456482,-2.3913260508489707,-3.798637736405679,-8.896314028947135,-5.723653747122782,-2.909204839008023,-6.141295781982489,-10.567201630928054,-17.378389690082532,-24.07578944895623,-19.196844921648648,-0.7633695059105401,21.163238896125772,32.553706354871025,27.99617142878637,22.56084674452722,21.99731437253072,9.64646848393809,-5.658422007033469,-4.4228403835682855,-7.447298734285534,-23.79095427993585,-28.391359678883934,-26.164157307480004,-27.17280793154965,-22.81432024763181,-32.02999041782314,-48.38171578816815,-38.14591564508862,-36.130241077068575,-64.65825830894855,-93.97821504443144,-82.67213615850156,160.78944389841925,634.1708156680265,676.2381668407104,-25.806239318855077,-578.4262447733681,-373.0286410216427,-59.236905605361386,-77.08917352234049,-71.96360883860399,25.588867327063845,5.290334791108741,-25.87830531105709,14.969142588372705,17.178374132360275,-1.0742082860897835,13.269313119496628,11.281898754257568,-4.526858743641846,-0.6771031506073877,-1.4238375300939117,-14.035350457638224,-16.708644649141856,-15.967244235854483,-25.052955912902668,-34.82950821442782,-31.0191658085464,-11.177851367229547,14.163591615670077,33.920476414559346,49.93283255450733,69.56568273597983,93.52482057209676,118.80898963295886,132.37356696314237,109.40897685695984,54.23180226878398,7.057368504082371,-21.7822361186893,-54.53411123714514,-82.70694518946446,-86.73675532721924,-80.5998328571485,-75.18615713377397,-59.69028329121187,-37.56662529474436,-24.640225232012575,-21.648121307861285,-17.569520328609407,-9.144813657837247,-5.728166056348297,-9.976091740049814,-10.050454159892588,-4.318469072294256,-3.6885171315002623,-6.620889615379603,-5.147553350921342,-1.7530825988490832,-0.3386111198197135,0.39692313199799045,1.8672429597022884,3.2346046314665067,1.8797718276432818,-0.2398177468493241,1.1512413495883305,-1.0138216974648113,-12.90703834764552,-20.71856548723529,-14.021723278695033,-5.5483498414418335,-5.867975340546868,-9.321899413610746,-9.836940532684824,-6.208626410510927,-1.089821046346655,-0.7451980416389308,-4.638234397722275,-7.440034472290002,-9.749932770414082,-9.846903987693448,-5.529541175993151,-7.774696407591533,-20.107557528331924,-23.424721372244807,-7.631174277434921,15.862142642225482,35.44014895310729,41.86389070787573,32.39310083534733,19.614423668385673,9.142037217703427,-2.7178506711973425,-6.482532171414057,-3.361142534648551,-11.604495253434214,-24.665107532167657,-30.011924859185896,-34.315033045298776,-33.582180795013734,-31.179688900205743,-39.480746253212516,-41.1260691877836,-39.932755274088805,-55.86082742184947,-73.93224207378655,-92.02832574450113,19.687312902089786,449.7154092064121,783.95845938809,348.8622531605012,-419.0585326507746,-523.351936217163,-143.78259190666665,-29.395386218568866,-84.5393379178657,0.8804350287061133,47.423337167005414,-16.211983246233046,-30.28349292992144,-9.409371089262768,-12.344736290149077,-3.5678736770599713,7.666392832219706,0.7155808765491267,-0.9624125380147976,2.0142812539959176,-6.110825913978978,-17.34759313021503,-21.504528157229473,-20.00669354472086,-19.02236496039333,-23.110438481358333,-27.45728706598475,-19.874169092550055,3.418617665338992,33.11356693462115,62.80057606062093,89.9188903889534,105.82327020359608,110.0670051259412,109.52491255573645,94.59194951144927,56.56444847630176,10.653438394970836,-28.875036199908106,-60.3411816838412,-77.88368947634999,-78.31969588949383,-69.58997956017475,-56.88176838756861,-41.825654996876665,-30.926708974673623,-25.108700126763708,-15.698587437206363,-2.5332133531740766,5.656014522549343,9.439135884091902,11.798084569173236,8.1386416736904,3.6606653306855046,9.101214099559002,14.714458430039112,7.2213486510759015,-4.757980004735606,-12.367009670278698,-18.295072686447007,-16.63800675065839,-3.4986234287163747,2.9354252309637703,-7.921857587200897,-16.160831735008365,-7.74761253496426,3.388387489307738,5.860849483525728,3.65641200399556,-0.536140536426652,-3.338987280439906,0.2709475069276066,5.023597857224232,6.304782879601184,6.930516724787693,1.3267705531844385,-11.643426464947268,-14.919748396984462,-4.743668191515323,3.279457433058204,5.492021063928554,5.4231527025076325,3.0974225464231093,5.423934696210049,12.195515175454851,13.329973129309714,9.758084089669971,-2.281144656813529,-28.621104170579812,-41.997714120409796,-26.82414957940487,-20.76072753633138,-34.32661016644171,-24.883922848328915,7.095303427790592,19.173928133802782,17.25583218813484,27.6573601492708,27.677378779987265,0.48715435129926554,-16.698342553253124,-8.5693812019911,-7.528026640684556,-17.253916858306063,-20.706854495057925,-27.71045718420079,-35.90905047245966,-35.41219359323419,-40.376450832991154,-42.54078483981202,-36.49069133863517,-49.78863724136707,-72.81560227662858,-91.59194929260225,-28.3575021081638,319.84284944339146,734.0997461851421,511.35439702490675,-255.273386590134,-561.184552014463,-228.98041698837602,-22.19710046079329,-88.20612992553778,-53.86671854262567,19.78132785222816,-8.950613700733303,-7.370449254380446,32.06542654758633,16.628193055567774,-4.257538228913094,6.145825123541359,9.965817398324262,6.836756109964419,3.9010882330988004,-8.78064076101362,-20.585146413518654,-22.34654272598043,-20.88163255313054,-18.96549374993593,-16.930793652165107,-13.272897784118687,-1.6577069652435394,16.1919691919699,34.65572502663724,56.777782881442874,79.19501186331193,92.363534975198,101.81981471024183,109.55994886245003,103.38007325240524,84.90952399559725,50.68418252126824,-16.12356914740329,-82.83263149760612,-96.3983923972194,-77.71618752017267,-71.92430513605015,-71.5057546156286,-62.92567947997539,-51.87137148920698,-35.94799149672846,-18.0477703922062,-5.506762223298857,5.830909878220641,10.94086409221336,4.2718818808102785,1.3329903194665285,5.619634358226554,1.4607028909379522,-8.213217768091816,-11.1216349111277,-10.070179502875643,-8.193088178063626,-3.7884851584478056,-1.2062044727194738,-4.094269481061021,-8.765143659307551,-10.085228987689172,-6.567176350873835,-1.4006597112383385,0.9124524941486509,-1.411490525198099,-6.362354527941755,-8.25339083886849,-4.175969235345942,0.3760698576199326,0.2811640956236987,-2.342304068404288,-4.854133146063768,-6.436410713335405,-4.526754293569313,0.9642274634531676,3.561757273355738,-1.4059993640005652,-7.717988489410827,-7.119116128911493,-3.0208708687127075,-2.197981676624269,-1.9966492446162114,0.35380231342530966,0.78121772886547,-1.553486661220318,-3.5332195081356863,-4.991409865783126,-6.252681007040883,-7.882991496084337,-11.520262735199138,-13.787116737562254,-11.094014973773266,-6.800006235423192,0.7588606657195296,16.5973166142085,28.631386700968257,25.401131797344956,22.548827518291777,28.98621741583687,24.597304874186477,6.19821895564646,-3.385475549600341,-0.26146438883045575,6.062766020352338,9.907262043007998,-7.260387920970405,-43.644157396189456,-61.32952003709736,-57.62619634665083,-54.126418805879936,-46.03959348756838,-55.96272316521606,-94.8361003618674,-111.9145574745371,-103.39877073030289,16.697484998145683,422.3955826445539,750.4532741818261,351.6288388642415,-392.1983012504506,-512.3224662890785,-147.4800621221431,-32.31253339801526,-94.30545177199197,-23.417537891906782,22.460877856449642,-12.076409363506091,8.985314199458074,23.907930467964864,-9.450791912282755,-5.031803473503459,14.069439090871025,0.9773305755894901,-6.313757815448653,-5.719187602387432,-15.819451778465115,-19.551101054617842,-19.60620766814445,-25.058213580131248,-23.671331792606757,-17.47241034883768,-12.262728413773722,-2.150275089487682,9.978752037953996,24.776271599201063,48.228585895836126,69.41978208081939,80.91652856679835,90.6746546376835,96.64638405588497,88.9085180039215,63.410836172882455,22.431311241639357,-19.116291840413307,-45.745417923017065,-58.73522861910466,-63.696267614249635,-62.832353358649286,-57.04069052330074,-45.20117437333259,-36.26104714729242,-35.634418616262366,-24.647079694940917,-2.1619268038283117,4.924185681050506,0.7304979884508267,5.978487718436385,9.593161263769513,3.8918351840938676,3.0905967114998187,8.292442215227558,9.581835971533838,2.9923944635223965,-4.447632093176489,-1.8728792344261969,-7.327024922596976,-39.21388549661652,-58.32983664156244,-37.30835762631838,-18.562747148129432,-21.84141241823303,-19.278834701786487,-12.810015225292801,-13.365939129795837,-5.193492147032124,5.5825058466427535,-1.389548350927047,-12.174351952337037,-8.387703939097335,1.569794828029984,7.209067872069891,5.405125520161651,-6.072270637937375,-19.51426790378534,-21.770543092075343,-12.973789055739521,-6.545560205929604,-12.688022853966359,-25.812081540653033,-29.372452519324185,-16.1758799764313,3.6617995293829404,18.379331105470378,24.16271827370738,20.285433258100717,13.161380467781655,15.245057303357498,22.030440679127175,15.246200391148815,-2.4899855905246646,-16.027577022636557,-25.49565841949035,-28.778652768788756,-21.94824838841691,-20.33050669047437,-29.016886827975874,-37.83019976864594,-45.94290308693791,-42.36183459110194,-32.334802172860805,-46.45309448340123,-71.3703375870032,-96.0660944690741,-53.44031826176969,277.0312088015547,717.9927012171414,537.6594072723075,-243.68340188042924,-590.937503502433,-254.3483564317077,-24.994429202444035,-85.83707870139506,-39.55832163539946,42.002893294908716,-3.2535344424807064,-9.879698357527563,39.96513830309475,27.19508973378462,0.8319155539266707,4.826330217643164,0.9807381260177344,-1.8131364735695552,1.9778370408769224,-2.4711987348500197,1.7010626751905895,1.5708844036348069,-36.28242830913122,-75.31274031268704,-65.26167823076617,-30.238524019374143,-10.4719553246638,0.799201458655876,21.142478857951758,50.670440411298664,83.75945759850921,107.20442839975544,109.87472614026606,102.76805033824955,95.90275759740646,76.31083837381476,36.24593567524765,-11.196556080502974,-53.01031116909507,-81.79138502530186,-90.76718116761154,-82.69001248788896,-67.82249882831707,-51.32912069814594,-36.80957420331052,-29.87510116563453,-27.469017609704395,-19.491822473204877,-5.47776623538936,3.4022233301339977,0.43742944311644827,-6.246666651729171,-5.275866315306914,0.8033727699403492,4.001212593128138,6.62112902251883,10.340801282414379,9.87546811358844,8.115504483534242,10.702022410463417,11.879076095536107,7.796567081368059,3.2182288079982624,-2.0326522711182156,-9.811183103196825,-14.554285367889097,-13.15656242428918,-10.31284762260223,-8.668268780887907,-6.237005802039933,-3.9184029117054813,-5.012093645943116,-6.351413445005566,-1.7627806163500876,3.439932664979567,-0.45679346429933076,-6.210581868606945,-3.245896136391047,-3.8169362725660587,-18.829880677212415,-28.59467989705871,-14.739647079678761,8.270634240499383,19.278710782228977,20.317650975390425,24.804927925601067,29.54925499175464,19.57589060009756,1.1991932078050618,-6.9401141836837255,-7.859372914526925,-9.775700160694708,-11.015342454470911,-14.180273546411374,-14.810889208950726,-11.051599036552021,-17.09745450735788,-28.894823717293278,-47.55497371460045,-85.21382747493057,-108.2815674901042,-117.13401423655671,-77.5378065782035,240.38178161710738,708.3922368350859,583.9130261772798,-192.58629586665757,-592.500864765369,-276.86764183415346,-19.866938837410622,-77.75300535354616,-56.0203718834689,29.761916413790196,5.166363460682305,-5.12017470542033,30.013130557854065,15.896472303587034,-0.6426616489019423,15.393556221844483,14.647104832087223,2.8026658089283107,-0.2560801380934379,-8.880412659289403,-18.567771842238425,-20.08092195440876,-20.448651673512824,-19.744521498509357,-15.20220907976909,-11.518116063591936,-9.383905705464365,0.9613415556495859,26.126821277462856,54.754752106892774,74.4223430634878,89.42544004689898,101.93309781686693,106.4931148669796,102.74556812121767,81.87913532407231,35.56397956796086,-12.13561721163073,-36.891001315863846,-50.48750704184886,-62.04378443348292,-62.280287941512725,-57.03296580941236,-56.00245520758275,-50.430953554272364,-35.773857068422124,-21.51578156960376,-13.157572348132591,-8.00637258958517,-3.48757000272869,-0.9066751151905539,0.753056291316395,5.592659520846368,9.156341916837077,7.164214960405337,7.79854685770424,10.810135445023494,6.086565502916063,-0.692286838940221,-1.1556212053957369,-0.9105354243536241,-0.7110098691686635,3.2541283631348423,5.21993974102589,1.0297508703983524,-2.6539035598649723,1.9598194071172275,10.53127247206615,12.66063099358979,14.141272774985747,18.09044076909446,0.2675071861232503,-37.493517533302295,-48.824394381813036,-28.20961383940969,-17.97895132189608,-22.83318136494477,-17.92740342943407,-6.478651209951808,-2.4877964472590506,-3.8163682858913273,-4.748439929088148,-5.5633230278497585,-8.860966302032136,-11.020033202093536,-6.823337470069767,-5.671030353286106,-13.717481975333287,-13.862307657179539,-0.42600099220677645,8.85715615249667,14.25091920373601,25.120534968590007,28.7300152971604,22.887881922162983,23.019964909304704,20.138369286329738,2.0234895562227067,-14.877349542244342,-19.82033874906115,-21.2806750120508,-24.878946933090887,-28.20512800927035,-26.574922734033144,-29.28668416981197,-41.03600783912938,-38.97071544607792,-33.16847117219735,-55.34073084529403,-87.57074440830563,-105.60946365316096,8.353310789773133,415.08685813914553,746.3167359795473,362.313350740947,-379.2218202810794,-517.4554379587571,-156.35605125703796,-29.830794688358075,-90.44964121379891,-17.635126335610956,32.48159847689792,-18.162192909611303,-11.834598953098341,20.449122493835567,5.486618308998847,2.9308421481545635,15.52112547864003,5.956778040662087,-5.666436481582932,-11.647565035266503,-16.46179385558927,-9.60319027288623,-5.209668924562257,-15.701454354919186,-21.923614986233577,-14.866919974258328,-3.247579853074816,11.46629250223154,33.059080441169286,59.03122119428913,70.54434934076927,54.56453384994944,41.76483828853674,62.58921730574752,86.8551792385569,76.88367020922057,45.208079577948595,13.029351134592261,-18.52088424441968,-43.61761426247208,-53.90399642140931,-55.28133592554008,-56.821496862254584,-57.45678129294042,-49.87144820683257,-33.77292050074998,-21.636066115268516,-20.092850988007267,-17.44268784613342,-7.994872375782883,-2.3235673685910783,-0.31437774747323033,5.79522504428421,7.360617825980281,-0.04748190011741471,-2.6029543558067774,2.3288432506423504,6.268484301076664,9.65082987519713,10.96776154906783,8.392459663121794,9.38272817672534,11.056054895474915,3.449505509580856,-7.172442233978469,-12.065974806191957,-13.213502114184127,-12.905169901316867,-12.740744770823472,-11.251304516117315,-5.130280980055128,-1.8487836835275626,-5.676030033321316,-6.213462468754136,-2.6711036595595026,-3.513450517283001,-6.1991039264292525,-8.205827559745472,-10.962336683782496,-10.010003346327764,-5.809214768813953,-3.2086182206841674,-1.9174591113551482,-4.7834309104807335,-11.11801171043863,-12.227282308621186,-10.511599835966468,-9.925495131574946,-5.5152542332392525,-5.89096581472114,-16.722310327464605,-16.727283764576857,3.018102307619111,22.97172774736059,29.690082108983994,24.67492984088579,19.66893387171742,24.202651477009343,23.823364349881498,8.71749616466288,-4.623192961698974,-12.83753346993144,-22.366394773897863,-25.002594939607906,-23.52726091510911,-23.339326697672078,-22.36221228084465,-33.34740297388785,-43.10317937469159,-28.514415138334634,-23.85317215791818,-41.85130615333355,-70.88331803995902,-93.48471918203762,102.94040656696424,571.4182228698089,666.715507150156,11.666289114152818,-555.4362796385151,-380.2621136443638,-60.38296509511292,-69.30955224510772,-74.79734756067009,24.252541633995264,15.436982983716476,-15.688657515933478,27.574786373836474,34.8286159437289,3.8812580566744526,1.383741057963828,-0.9283836295803685,-14.249436557296015,-16.072561861399553,-14.531927944572391,-12.25390414808427,-10.243428569320677,-19.9589671652887,-27.454203343422087,-21.437981332489645,-19.643372263104922,-20.37420547028246,-3.9831913823010314,20.09651489482739,36.4390856100665,54.19571832259683,76.43899882071877,91.55896272421818,98.82248938589476,98.14199490116604,78.23742682446085,40.928053429252415,3.477897882148037,-27.385005317108018,-52.69394604392462,-65.25069747922824,-61.95384922228432,-52.94782149513086,-43.715130241741164,-32.16669815626991,-23.933404960270796,-22.77810611136063,-19.781639771761668,-12.722220945349049,-9.33130430410642,-6.87631204322275,-0.2763241665415279,1.643050539248378,-4.8103625216790284,-5.43552203688109,4.440756372325733,6.821131182398717,-5.658391498992689,-15.224540590941618,-12.729016623983899,-7.085703614902695,-1.2589023769927472,3.473164883853449,2.7758697112633897,4.931202068216726,15.659139658720473,26.68143067356563,34.60129322121964,28.727961239172785,-5.22158430909046,-39.6725967562414,-40.368048615076134,-27.861245745306228,-26.817650621072964,-23.797153510100937,-14.06884419772446,-10.185967358353025,-10.727164171268024,-8.844215959813774,-7.155968240522448,-12.097610299758813,-22.954819920560595,-28.78499816973685,-25.48423229754562,-20.548693089467786,-15.550637149534115,-6.972688502502317,6.418978131434973,21.982894692016096,27.155553007815385,18.7342590014706,14.311816157368185,15.203241822260836,6.6094398709472735,-4.898768728493559,-12.683878181119642,-24.080555986389975,-28.104843460068146,-21.7000897169898,-28.458976291012334,-39.81171881686733,-35.34470620983252,-36.067884525894335,-44.271578634101715,-43.44077595819706,-51.006879421800434,-65.23801032726053,-85.7572769767806,-67.56745811230718,214.11971169244003,674.5383975974072,604.7064959795047,-137.81530607860725,-579.2036574737948,-299.81886128872725,-32.735940392626986,-82.55755527631186,-59.25341450511281,35.974960895529584,10.066830084990656,-6.855632991294145,27.883408885482382,9.061265720022899,-8.176483197328597,15.344517530291906,12.84094289806104,-2.194537910710022,2.319600892641758,-0.33831730607020083,-6.7425280653653505,-2.5892724823523765,-0.5950950257510006,-1.9670909190495718,-15.327400852270491,-46.48011695374703,-52.38109879798239,-14.276729727927645,19.984489275801774,34.783513607035225,59.90190112905379,89.05569054162716,102.32095314379679,109.80236008998295,110.177819327533,83.9292633154997,35.44816220842901,-13.64730450033157,-49.18207066293712,-65.51740804873866,-68.07263242656894,-66.30349587210075,-59.57489438513818,-46.68777671982912,-34.33426152551353,-26.385474151668756,-22.931974025839896,-23.530637284801035,-21.358760419916763,-11.554468199877393,-2.8446539208763895,-2.4896731222720554,-3.689260302082973,-2.365088023041505,-4.642488757301049,-7.380972710882652,-0.05048159573158184,8.094293109878269,0.4337195052010854,-10.165506180160426,-2.7331004265486873,11.134005811219701,13.067206818780958,9.866217630132866,9.296498539808558,7.250780091527687,5.025434497476355,5.348504907037649,6.1308484562690015,6.42767538607596,1.4768881414771968,-9.41185117583818,-13.106459083330126,-6.786346130991685,-1.9636950570690113,-0.7145928003836977,-5.152469107029779,-17.983701300007176,-21.909443809432858,-9.311718384110792,-0.7234754044679645,-3.1465923025777913,-7.435119888570357,-12.609208150494458,-12.671168030607848,-4.694588598044905,-0.820653431475062,-0.10351201626021655,2.5896273557145193,-3.2771369036702884,-10.789828812951113,-0.8524424958961445,21.49139501568521,43.888398899642254,49.486112539827445,19.061130101200142,-13.500561932953245,-0.4647414320343364,22.023267002127028,6.924977005537101,-13.995549851056055,-18.73632237075632,-31.7442284831829,-45.97003845867401,-42.50170543083624,-34.27627846915533,-33.128528298033984,-42.868358336498325,-55.391046905249326,-53.04001840072323,-51.039026100360736,-65.71568643875744,-95.99638234381517,-100.56312034701413,130.91304035599381,621.3704987665277,727.2536417852882,61.79894301577394,-549.5488992094504,-399.77022715577704,-59.34448049548686,-58.09526837629609,-80.04428714336514,14.410260851526047,10.926071905264614,-23.819822210932397,15.652793428039978,27.998893901664633,7.490477265090782,10.683062050621189,6.028506916899671,-3.7603560452885043,4.051283612413378,1.7302334632479546,-9.703379630736123,-11.734352866346473,-18.566375894418126,-26.652852284276996,-19.820934467168534,-10.452092135387769,-6.795364887649423,-0.37465874450537306,10.728239901091005,29.759678814733274,58.0497193613966,83.19897320684444,100.17193224067513,111.5893152518444,105.98175198035705,76.63617202093663,38.507431873974014,2.913976311587877,-30.2104759781513,-55.46007430797188,-67.90605805905908,-71.23250587112189,-65.54180984152435,-49.42854047030687,-33.56559541176495,-27.356540858839228,-22.788363132765582,-11.568683315698356,0.8412125650207232,8.670431078505546,12.611743314024075,13.867768170955074,12.634075152903957,7.52008768015663,0.9028256503674768,1.655696124850623,8.647938624064473,8.305724932643953,-3.567427456800125,-17.729298604204175,-21.984969531169725,-11.387136911023731,0.08408232752263167,-1.2791524927076718,-4.228536111114556,1.7850082696660365,11.02882468672845,19.648221410142977,13.653372125526051,-20.10324083635927,-48.3199564710104,-37.139782534132756,-15.82729285240624,-14.608304098539712,-15.464679259280317,-8.564957729092335,-7.0777343757673705,-8.300901204395355,-5.028099151966858,-2.850200605507837,-2.393827907474847,-0.5224790613552219,-1.0312554050568732,-3.0594138374792577,-0.9628277497977162,1.9448006539248137,0.652534161105172,-1.1687990507467036,0.6723953043756636,4.2669289080713275,2.059070976081662,-10.958156981724674,-23.02018173062333,-21.279994173196823,-16.663335633963232,-17.98015765887686,-10.185407710166439,11.48000565247896,28.435432910935877,29.812168660434168,24.289828609906113,23.452779772568956,22.823387199700065,10.82832806092206,-4.574213205475694,-12.641862596340989,-19.44613120607662,-23.17770620551245,-23.11439699742602,-30.575325839914402,-34.882190284327685,-31.141936371065352,-38.1640030749736,-41.94141112931159,-35.111344755097605,-46.47271135646349,-71.80487933153246,-90.27870381093427,14.036132026488048,409.55252739207424,751.3832243604279,387.88224523332445,-365.2925287519725,-537.3800026414025,-183.8165352639408,-38.85155490416807,-93.34619684346694,-28.557377646512375,29.83739219731622,1.5014362294992836,14.157844548652053,42.85663529234068,31.026440545520508,11.707438817022755,-15.292328080738322,-35.66882331757175,-22.61396171748216,-14.564461311053948,-26.721952685063144,-28.10470305451905,-23.34881539827721,-25.71530644361723,-26.254393245319264,-22.366851058852948,-13.67092669660547,0.6527742975545081,14.845725441505149,29.914770023255393,50.152018826285676,71.53539304351014,87.52098068596293,96.0143646404487,100.102637530653,95.89699357635973,68.52410418637832,19.377453483644118,-27.19664366918485,-55.34390052324818,-67.45264876196246,-68.55913745528365,-61.31551946419656,-50.55469342977916,-43.27912796518291,-37.248895748597334,-22.019447155017374,-3.0485279208749905,4.237510502045074,3.5334544590283947,4.261617271124987,3.1232495718301587,0.4679098183618109,-0.8897974047468704,-5.837960671454439,-11.755958812613052,-10.750708323354672,-6.571246357785107,-4.428092390432157,-2.3529303764332425,-0.9998546007546896,-2.5499117344711113,-3.719051626827582,-1.1025131519306157,2.772662141224677,5.714358707658516,9.363037891381056,7.857328918713587,-6.544686761850681,-20.995026754284222,-19.569022653404094,-12.362226625578808,-11.44889350965488,-10.827599339738988,-8.620592557809463,-7.266054607535768,-1.0084452627850702,7.174055303423961,6.654631945140763,3.079955545519391,6.716326952396384,11.490629899408017,13.241178538729223,20.914425867993366,26.401268021172793,4.086048689169196,-35.246350103236104,-47.16158787817297,-28.130740574656556,-15.543863649743022,-17.367362699507325,-16.013032343390645,-13.3938193371096,-16.414541099964094,-17.019249321034255,-11.760341087360615,-7.020393642723175,-0.17257103495542525,17.66396167742856,37.23419227011795,39.30745311862612,28.825908808784774,19.71037894686222,5.768624654814076,-10.993467058631882,-15.705986168178445,-16.076647406449563,-22.13659292593042,-28.5659457843513,-36.62301382776295,-39.955509717348875,-33.713263759912664,-35.69213508135324,-41.31409414089035,-42.08572104964911,-57.334006731017595,-76.97803662332996,-92.58316847248891,-34.282815350444864,302.71601976931163,723.316078212622,528.7975853257901,-226.7125571671839,-552.7430043853924,-237.4146190633706,-29.14084831360261,-90.0382472763093,-52.692177779741684,20.9021025683506,-9.938876043143232,-4.889785751801715,38.91052336441725,20.15840239121182,-4.8773603156432515,3.889902813050739,4.238473352999855,0.678029720218424,1.9905342686864422,-9.908276891986878,-23.17850475564496,-22.4048530486003,-19.595945768381906,-23.028474675644176,-27.50951788636568,-27.90512205244,-20.461386092288986,-2.9415998063901743,22.220695991349963,47.72906264361633,65.45199374949242,75.39079716917897,86.00237961422093,98.38038807443803,100.8806193061688,83.03317871566406,45.739502124952836,4.122180032485587,-24.242546135185776,-38.636125769036475,-41.66170968412599,-32.41141383167731,-34.08987643800426,-61.330595331795465,-75.69913562052743,-55.63213581578023,-37.266850911703166,-35.88571118971316,-32.20287789405806,-26.172350954999537,-22.62326953741807,-16.371681804940458,-11.860013871645961,-10.3118908612172,-7.086725800778694,-7.743108224785544,-10.647034535569059,-5.225485548349244,2.2253852089506587,-1.0056412892796125,-11.481366200202505,-16.893429407407226,-10.58105217150618,1.6949888787288057,7.05420252120145,1.2125652560190119,-8.324015676804558,-13.018281502463363,-10.276273195209289,-3.5061287103213097,2.0648972424316163,3.0928942420680308,-0.7947886089606833,-5.297497391186159,-4.615706350569226,0.7466767722489518,4.5313107793821095,3.5768899222691033,1.3344700199516737,-0.8192430350630673,-8.445657320259851,-19.356741534283397,-20.5432502128986,-13.767692239367165,-15.061327105951,-23.440626599144075,-26.14276699478812,-23.099933180046513,-17.86585432195158,-8.90008335995656,2.8092574212380965,17.14408896234724,30.448459637684977,31.743682852201907,24.761299842718625,21.08380292030617,12.267763103965425,-4.8488744550638305,-13.403218940438588,-14.163361641332383,-19.139919418340515,-25.15623764111183,-30.311943851734362,-33.07611361907546,-31.675795931309278,-35.06034906477352,-36.31747379038198,-32.54805134086664,-44.147194605470645,-62.50207365722687,-88.72979004810236,-65.53760337245322,240.28344794844205,702.8220700090358,592.8564144295012,-168.06386500817933,-573.3369239655376,-265.1479184742818,-14.387912121542026,-95.99888873750385,-93.6520661509672,-1.5846296295251676,-18.234884331012594,-27.587133226478667,16.190746930689354,10.606012947549281,-3.769825200262267,16.685655236241196,16.410533394179375,-1.2672336534610826,-0.5743484580855251,1.9490952964135966,-8.861572455070108,-23.031068203285376,-29.56284983274704,-26.208206031837122,-23.364656282534504,-22.227696116334883,-10.10734760236561,9.533728345152946,28.34890571525547,52.01487161591982,75.21114051101537,88.07453127797592,101.99983570083887,117.86467594786212,109.05175664705898,67.5451493715279,18.726314306669032,-17.02624090479398,-41.94941604251355,-60.74280901682382,-66.73004483463305,-59.61225160248374,-53.70588207567708,-51.392541166371785,-42.44443437818231,-31.53082894741737,-26.713399675021,-21.718787020393908,-13.76077348168376,-8.059365257571322,-5.270334370139754,-3.224824129932056,-0.9576819890528938,-0.7545294419795141,-3.7675010959620856,-2.4982467948225766,3.9420443304221804,4.666075793588497,1.1809451866627594,2.3303588307752086,4.383692674233771,3.1394524722074952,-0.5113402551939314,-6.691745827408697,-10.46831230860564,-9.039356648243738,-6.551571066413413,-1.6603711662599894,4.898103626479581,5.335256780411326,2.218302085848732,3.5684969276223764,8.694886551776557,14.443497491364818,19.88391105359716,25.233757582280752,23.215672915717725,-1.452382002799549,-35.87358286988031,-42.06018256745127,-23.512307540905308,-16.20621384692992,-19.90131293665961,-16.01316305410242,-8.979407793677943,-4.040908138114906,0.16261512581098092,-1.258875033385256,-5.276140808895526,-4.978199357009221,-4.637215131403863,-4.369205697360185,-1.614730870451492,-5.776235666218257,-14.008482702672598,-5.123663559834032,20.62879435595674,40.86070699369875,45.522590896327785,36.784142177522575,18.36346150138103,-0.9119307410759667,-13.817064648887044,-19.68906807671274,-19.336829317070688,-18.549821751128327,-27.56847408189468,-42.01919899901398,-41.28019843425683,-28.786303655116832,-32.00610817870532,-41.432695576957165,-37.83729655021888,-44.920943298332986,-64.33887063057641,-84.72942702997032,-68.03765293377987,187.101364757939,646.1706456113841,653.3317921727507,-39.093356947349974,-547.9395041516789,-332.96341923781847,-38.835650291674014,-67.80204157064722,-70.56163855306117,18.623064764112442,1.7480726613023592,-22.662953768144153,16.701872109168445,16.271115907149454,-0.9211819294502117,15.466745482707069,17.88938839980511,2.8572452677213356,-6.617261695605693,-19.333187835067736,-23.00582859707807,-14.25644016800241,-14.742748127551494,-18.777292737960117,-17.615695216423383,-17.15438377041462,-7.61365470909556,14.73325085475636,40.23046854437671,66.34404872656053,74.83972030260453,54.744973491957694,45.824506725698726,70.3486564148819,87.69882079867469,70.87308686844045,37.51325432770322,4.180725246168654,-24.247294137802392,-43.38179943832956,-52.712835299753166,-59.40890044936821,-68.95727262508626,-68.34516046851154,-48.212098364028094,-29.312282668716403,-21.13524659098855,-10.474684210345,-9.393753907349904,-24.206850718749365,-21.784087343682543,-0.6987452978595421,3.7686029545142077,-4.097421742604283,-3.7829632781060702,-3.59229132317218,-5.359148566653751,-0.9973865526343104,0.9323967192429716,-3.591578876385192,-6.171184235549008,-6.414734412294106,-6.087423568379694,-3.8624388409327644,-2.8503087437289363,-2.645567725045618,0.5043107146788337,2.848764544461204,2.9571661718170628,6.129731987691364,9.024216818564739,5.668700901131252,0.8044944204848967,-4.318589978915027,-12.557718560128764,-13.524279277501424,-3.9792638416399573,-2.713999561166416,-11.762897433684781,-10.887230557797949,-1.179663637493281,3.0573164721578934,4.101181641500858,1.49013797034468,-8.518304673287421,-10.037482790619652,1.943767982312365,5.94070992736738,0.18585174532173365,-0.5568256058534127,-3.4805135272644163,-11.201158829489664,-7.942255110250491,-0.3525936456190051,-6.087036808215519,-17.047080377398224,-20.23469896334342,-14.531691300157608,1.446906263337258,23.360643308050864,39.773995918912576,45.973467577673,45.49717114128065,45.707212557438936,47.71402781214103,38.6740094579317,6.935741171917125,-38.62663710169237,-66.01238532996388,-55.93763006749995,-40.81539426523777,-46.26686776547649,-43.98650260921498,-36.40576869397459,-52.88330389347321,-63.175162693798825,-53.722992679798324,-60.560316058048976,-85.03570362368262,-96.92398357475183,53.30852234300531,483.73202169544993,729.0500245962594,236.08229546764267,-451.4742043697231,-463.3498688708497,-107.75155304602791,-41.80569644372685,-87.15412245566267,0.10076446219402868,26.933134559127495,-14.882032595624485,10.081459936328706,31.514476807270555,14.82343255746314,19.80978597695603,18.06269602198291,-6.340664040242881,-13.601290192221668,-12.830565273302211,-21.144152287393158,-26.70475315376379,-30.651466674889246,-33.652425776354185,-29.28623150932395,-23.073968097932372,-17.047035815286815,-6.41686039795276,8.87529082818618,29.12000738702756,52.22806070619359,72.65985851118145,89.42976620194356,101.5980038120803,105.880174841292,98.35119969490138,71.53918007488113,27.582265716465606,-15.36999282771769,-46.81162880708439,-69.23069742932702,-80.01210651786616,-75.28059763391546,-60.46131440705943,-44.435348888972456,-32.758575298059654,-23.98326620629345,-13.148130291733677,-2.5617913295052333,0.542752258508882,-3.35219466743715,-3.1183197345021103,8.593699164211479,20.208466207735817,21.913808951701284,24.753655080208457,23.634757257185427,-4.406211402452737,-40.461935360485796,-47.84015265186138,-37.20592105831466,-30.278318700759264,-24.209623288145824,-20.777637935952605,-19.54143424531912,-10.734443529237435,-2.5969914961111034,-3.834334490476799,-5.081285286916167,-3.592641192435673,-1.8023561881578072,1.6367734477756866,1.5052965815635702,-1.9965601095823153,-1.8593071657843243,-0.7754079243500591,0.7073937398311676,3.9855630840332203,1.1447009518980868,-2.3853541641794296,4.033686863563429,4.624818066360074,-8.444305059270938,-12.963768214541211,-5.8274699514214525,-6.825943668048003,-13.802119188257524,-11.970448435040883,-3.7825566182922703,-0.4851163217558305,-5.812146946053092,-13.06634222322989,-14.413153678964543,-12.243757600424892,-10.916738169127687,-9.024765866521674,-7.297646299366357,-2.056802264958906,15.271185763411374,33.078209268773655,33.78070584243851,28.698535023707898,26.74702268025227,11.605648018379,-11.29782057313974,-18.564538937831493,-16.32922173868843,-17.34906261472211,-20.212043465556754,-27.88793470456261,-34.453381826905435,-34.03665403380241,-36.70572689830377,-38.98938020862507,-44.70250094116755,-65.9202619082555,-86.22321009197006,-105.15290458734917,-18.146936261069442,377.84178361642506,762.3714260988031,437.8613960355196,-323.2841155838088,-515.891373669019,-162.68431933393472,-18.591516030187975,-82.50736474481442,-34.66717675623575,-13.324695186083233,-65.80806842958953,-30.674569973517478,17.278484115404698,-6.397615965043752,-12.762460584568004,1.874612377828507,-7.983005199105325,-11.926325513559485,-7.85654801250428,-16.002406234314435,-20.299526153989234,-21.08372658587256,-28.72544465351279,-30.61149287021004,-24.202356907291357,-17.849124029909234,-8.41413141231343,5.307477338970011,21.681033033374234,46.17661099071485,75.60885494293662,94.64195411119829,99.00720072058095,99.01216004542972,98.96248733494286,86.72023635116324,47.095957209141524,-10.340494066468025,-53.527691211643074,-71.9023143881013,-80.63237743250757,-80.89988823997635,-69.64704458914926,-60.096004542427345,-52.23150400241282,-36.025686289171105,-21.951388600040765,-16.659206106525524,-10.52125175321369,-6.33287066952008,-7.6715378853993315,-4.33778354548669,2.1749985669267,2.729987148057184,0.6463015845654887,-1.297618103631569,-3.365014477989453,-0.7625488071132089,2.816722041351616,-1.6646349261075635,-9.07145260036683,-10.340861172601437,-8.357885385060914,-7.1797581956318615,-3.2791688243441435,3.9502142779432754,7.30879940463557,3.47811899222744,-1.1811184417818614,1.1825551070482363,11.185246131008235,15.657923476889579,-0.04643425617285146,-22.045477271328473,-23.69668651305055,-11.903893176393604,-8.274459509929477,-9.564287425769292,-9.249037703196434,-11.818378114793386,-14.112170659111595,-14.356349073307559,-17.002741492484205,-17.08773764832928,-11.39350393317045,-2.1437123533471523,15.847145813069663,35.69803383304845,40.10882140948718,37.84450881276546,42.370569783533455,38.440989385269155,19.441046829593027,6.354302944484418,7.279602345861302,5.208626571758104,-18.40501033807853,-58.91852329457353,-77.59414484148348,-57.99316667772737,-47.2344028008894,-60.259219766705485,-53.36261908059906,-42.92190062988982,-60.48850651111665,-78.8714695842429,-91.3253845803288,31.090577235321803,457.9730313925725,752.5617761129301,286.8275384269747,-445.21999497550325,-497.59017140546746,-122.35511254154001,-35.10881274683816,-91.53904094220233,-5.546594488192476,34.85896563301083,-7.646143010446956,11.758257615688533,34.05563369116684,12.905432555505183,13.941105583413425,19.594339814280854,3.542299219621785,-1.273480332513186,-1.8663393296832216,-16.79801126220101,-26.412265129944423,-24.459552798383704,-24.60628611855293,-27.356802817115096,-25.78012566162485,-18.914212347889613,-6.162673741361603,18.36746307919337,50.61579836341274,70.26362659075195,73.10553341512744,80.01535904419313,96.46577395471064,103.47225056424504,90.26941812966307,60.66918251101365,19.35567812243609,-23.534872815518785,-50.70293463714134,-58.55959937941726,-61.69552959933264,-63.281742489898,-53.04510497140214,-39.3388442805404,-34.02533445334541,-24.144328239284434,-6.684396180136531,-0.3924689142615634,-2.877654201452483,1.9606099348200994,13.750829084562227,23.23277296957623,12.639833642350842,-22.864583083874997,-44.56946879455308,-30.188664130889048,-15.851665428793618,-19.705730598059276,-18.437659183820685,-10.542451648381306,-9.583344023170785,-9.17298596602157,-5.5450833604422645,-5.3224712593747565,-4.663759998886242,2.100296613535515,7.316548727197182,4.401525796594914,1.0622543532938744,2.8201343442864917,2.288203792096029,-2.0832971647950442,-2.6563963985229266,0.16719334639888483,1.5988037210023398,0.3420508749560067,-2.9393328123185283,-2.6659317677852825,0.9115801242588382,-1.3807367636464773,-4.858481398812353,-1.764370519901556,-2.6221467854154508,-8.432323609089938,-6.113998208218325,-0.8316148552917433,-1.0165008560370863,0.08491072242142117,1.8375832444207698,-0.7883057210936628,-2.8340851212357014,-2.567571092821974,-0.3611177249020534,3.654647598925619,-2.364282091021593,-20.2468869369254,-27.192002272172736,-12.342023213255787,9.762065771064059,23.939353638970157,26.297179818912344,25.81342335767147,27.366233883874358,17.899527655552863,-0.5567088960509285,-8.462583283813533,-10.636719356558704,-16.637767566798452,-19.26180046678234,-23.410444200168378,-30.84435783672808,-34.47175833646016,-43.69317255535357,-48.956708199375115,-39.56964031088375,-45.370291484958024,-66.59945343958854,-87.50400944712035,-49.41960300156677,255.340877320186,715.4877044930975,635.2239639991708,-110.55338866142844,-574.8304728861351,-334.00546036117964,-67.80001643580829,-95.56068654273002,-80.26985514451425,2.8153409133087877,-11.15946769103283,-21.58729097449121,19.28199270758884,22.85568330974285,10.472932938809103,19.19701845975218,16.769889674402148,3.8585936008090336,-3.3801273154108875,-10.922659676139371,-15.66596548638064,-16.375874399305246,-19.94617497567462,-24.73937733447331,-27.87272920368266,-26.59802953170939,-18.245393517064688,-6.892363366214603,8.17120377846944,32.79872363081812,61.51990722185266,83.1352984186337,94.48120646322667,98.85274682129297,96.38475853582429,80.74095252631093,52.84483989120763,22.389115625581375,-9.840716736720822,-41.3562914244303,-60.030910693169226,-69.67225896805623,-76.57202437577534,-67.71428314637194,-48.73098216044645,-41.941006933094826,-38.83239337181609,-25.316843554479505,-12.246194337759949,-5.300731084486863,-1.9388565805839093,-3.1406692021663076,-2.5230501236646514,1.122313514794822,1.7618536854774138,4.270770185643386,6.03590485722428,-2.9410583449711183,-10.526230485024314,-6.50753850556022,-3.262890721113301,-4.352396000447849,-4.551893011157031,-7.713468954105977,-11.156259777561605,-7.065755229958554,-0.38491125864184284,0.08947046775346212,-5.2532399974530986,-8.928476504841372,-5.967937600351728,1.3022902204352795,10.243036386199655,15.206862995298577,9.263584596799987,3.7983739500850104,10.566428148535158,18.376462889269604,23.477302179136142,25.135119003274,0.7088347468234399,-38.85825089206846,-44.670076098365335,-21.42886899343931,-11.050875400418292,-12.386109341871395,-9.31669892984526,-8.096249312599749,-11.973377323945755,-15.444252658472172,-13.39329661440634,-6.459419590646352,-6.839333913743534,-15.984234392467531,-18.242991165215493,-12.095592423177917,-5.4722955085941685,5.852549897625382,21.333195772277392,29.306377696238805,29.996258244600345,33.52274441051141,34.210035105893745,19.402889883643702,0.5002265399492254,-8.22575188454196,-17.686419961130127,-30.149297676556678,-36.05614549674108,-42.73583052622326,-47.65466705242087,-44.74322555938983,-47.43417452794314,-46.43401302189078,-38.05590513288388,-49.96639947688874,-74.60280355809614,-95.53270486943669,-14.011509547400266,363.7301029361554,751.4160865352235,452.6831630632929,-319.43141229990107,-550.4855174977249,-195.13488117530397,-29.377610530011463,-100.86466749737974,-44.687209326338824,23.66187602308866,-11.993429147527728,-4.478207315591351,30.299972861537665,13.813526013689517,5.810167245688552,16.24132419396656,8.08450661827734,3.0231082111213787,1.411527204941918,-14.42085803985654,-24.387043212711767,-24.32733119743429,-29.61862348621833,-30.591772846840662,-21.521767424092072,-13.794099134318548,-2.2308802831713184,19.560122199048223,40.35727332967287,64.00940291284722,96.19827921811768,105.92253467468682,82.22347477649235,67.29368300175346,68.52929340086129,46.559177693337276,4.593273168542673,-26.00020246722989,-46.440616225913885,-63.52015666534788,-70.58645373119808,-69.23400767909327,-63.08394490341294,-54.280837878846015,-48.25563239392476,-39.72270996820829,-23.09341682251859,-10.221787115085895,-6.612790357693267,-2.6411965027798665,1.362290254191958,1.4909811182238002,3.7109924266182084,2.139642961758348,-13.554034131279067,-25.134755116414517,-15.941331912949856,-6.2001877098864355,-9.78616395642906,-11.069421539010314,-5.86066680140201,-4.281747837105323,-4.594904759121654,-3.190400769238174,-2.8343376275154206,-4.205830116587304,-6.503347524729698,-7.592239390882433,-7.111735634019308,-7.46382999610835,-4.582687266142123,0.37159634466253166,-4.234193525002743,-11.561336315784075,-6.9660652995714365,-1.804622963820126,-5.708974959713348,-6.934278611933924,-3.9446634624343204,-3.2190392769059386,-2.579564322631784,-5.047236270810565,-11.405384838278906,-12.058523086353937,-9.12498395065743,-10.240977100751026,-12.74573294064998,-17.106885206934237,-21.17142810674613,-12.894707592998579,6.211561216704937,23.469919972146382,33.58921219691996,34.475822162425324,32.074215016651294,34.32242385915386,29.595521257453818,12.395573840486591,0.10781189211736653,-3.3887658828556786,-5.6391675543415625,-12.141085192859233,-39.90543380887135,-72.91678154198095,-67.68723934648361,-51.66940242917624,-63.04242224429191,-62.903404951300516,-50.76672763255514,-63.74674690505636,-84.8630320558782,-99.46783019136441,33.56336266101363,478.2910513992367,770.6659168044914,282.18505813778273,-452.0630026243609,-484.76517107655866,-112.30509163920229,-46.724807734372156,-107.38626650458573,-14.919701841862363,24.148590510148303,-17.849044292254938,6.708128545105505,27.341039048372735,2.193670630704844,9.215325081005226,25.902999265517128,10.328711451774568,-5.864725242819244,-12.568006345245722,-20.510756133323113,-23.247179285229564,-20.318247316413093,-17.65601897125186,-20.390672155505843,-27.314449946742968,-24.169824129603015,-6.5792286212661395,14.873264278855153,36.91043779568788,59.23479088905499,78.12872601736089,94.45170222079415,107.75184364244959,112.04253420344195,98.96608232190599,61.059830083313734,8.692469379331865,-31.317090592334637,-50.35586543856073,-62.20785307589969,-71.50551705244848,-69.54038802717449,-54.29721324906089,-34.171356592624555,-18.048860311306022,-8.951793691106653,-4.312506883985126,-1.970186151706617,-4.736898776527262,-12.199617558260078,-13.62845268515388,-5.3650031176069835,-1.03388488064952,-4.195498890931983,-0.9089509779968221,8.659804340200367,14.921891844041461,21.323741164062564,18.431874014145908,-13.32449942871779,-47.82914943517715,-41.4960783471238,-13.702654025777598,-9.094346570036102,-17.985782263730975,-12.24131760619947,-0.5500800431007864,3.6495248174083326,7.422045994634406,11.290265033350364,7.977456909764134,2.1212392162788323,-1.8442697973417648,-7.947108257703967,-12.770658593986276,-10.677400641318961,-7.593440177797891,-8.40467445361331,-8.221533783874218,-2.352994815760793,5.644014670227126,4.15695421754004,-8.582371666309626,-14.279956948184253,-6.215818605491665,-0.5457588798029773,0.12400912309787948,4.249180561856194,2.793329131700438,-8.315143317603408,-13.408012308389122,-9.131003381798637,-7.358562096712987,-10.859929535242307,-15.811449655202804,-17.010435239128405,-4.631612868834995,20.319333203417994,38.14647363431823,37.20528051648734,28.77026292057755,20.320508140657573,7.207762042825406,-1.0949655660721684,1.7313562622903724,-5.58483834701178,-23.523706743119323,-25.739485047312762,-20.401725327382767,-24.13062796321652,-26.625124061027375,-31.539170274842633,-41.4683944698499,-48.18159616937229,-63.871466691809076,-82.43698701139274,-98.73629060831134,-60.812792401982435,242.18886540681063,699.5735308379075,610.042881769932,-135.22872407136055,-563.8456173653848,-285.8370471832572,-32.06650872369012,-87.69713981121626,-64.78292454307095,32.30139838472258,11.02438863342848,-2.681398525501926,42.301837991093485,37.68618506219805,16.970429266696396,34.28389213538219,39.742782470448205,11.064959086080833,-23.83951989927379,-43.915716035667515,-47.27761587505311,-48.02756004982976,-49.58030076784499,-45.968525582980114,-40.430613896039034,-30.267777352406505,-14.582172113600045,-2.2483055429493275,13.43983067668988,38.63902528485759,59.621724788429546,74.57668494342641,94.03418624737884,112.71974284095704,115.10896310131409,88.8906906134882,40.06482583277601,-3.872587816221325,-32.70519595183312,-58.50297692039537,-75.0144325727753,-73.2135484836551,-66.91412020325859,-59.7073320675227,-43.66277141612785,-28.778530901284885,-22.108210769739774,-16.288344725305677,-12.252963019415573,-8.940006624169868,1.2851710616248706,8.77952632781884,4.0171778402264415,-0.3967432727049385,1.9664599555939617,2.0386768257714127,-0.22672673869088733,1.2230031097225833,3.6063630521963432,0.2873367934854745,-8.500432493321242,-12.146723562598801,-4.962118282158179,0.271846459506353,-4.7282746864696295,-8.55948344575651,-5.388259480463562,-1.7060492313011455,0.8043028439337405,0.3866956949617233,-5.107238819164424,-6.296258626015181,0.9266265612282103,4.289325194260605,0.4638373506102371,-0.4063330385957933,1.866355538059065,-0.055615153389765304,-3.8321315684586623,-2.417237396751289,2.842962444263508,5.5208151706736865,5.6477302818638195,7.523632109700198,10.273833686851596,9.804775523746397,2.8144311283562153,-8.508839896047572,-10.705326469881182,0.5563733823856363,6.573341111093168,0.8068956524521882,-2.611668614346783,-5.456945813235156,-13.550016059100413,-14.915966177465272,-8.348503330453344,-3.8369908511766404,-3.4393939981627923,-12.476703342092119,-21.923131264159686,-7.739236684108169,14.195018884427325,15.97440114470475,14.663320621362466,16.250324488582322,1.711643567803815,-11.227212457110122,-9.788317626815125,-16.379246797320118,-24.079739178708344,-21.234669432841994,-26.47030410464375,-32.96642113152947,-33.2180187887527,-43.9524173865137,-48.53610177421372,-43.32159665275941,-55.36792962534344,-73.629395018736,-86.90757380213515,18.134038630438766,418.6241268252986,751.0827513595455,362.53302294685864,-382.6897473836261,-513.6721180051723,-149.8751246997595,-32.31300826371424,-98.71471606675158,-23.075176186468763,33.456272567536494,-10.213432393740586,-2.686541889216846,22.497420066872834,0.9960173735025144,-2.093702548684984,11.072689365905008,0.9654981812831833,-7.757134861016425,-8.652276118688937,-15.69549062086719,-18.42146728151384,-17.77218213491096,-22.587182025089675,-25.73549733617234,-23.23384523147086,-15.674717084454686,-1.045855377774581,18.602904250432807,40.00801399190403,56.73734613741361,66.16392181756132,82.51625128888365,105.93008661987437,110.05396152851164,88.71696834110762,56.710752975419176,19.239992629491034,-13.17757406516747,-30.84720803406058,-42.43145901867255,-49.501395871716944,-56.52399061163477,-79.82324199901306,-95.38176541995699,-70.95145386500587,-40.38583575858297,-36.09603599265187,-32.519649728463136,-19.408910264133816,-13.92603424650401,-9.434275023722478,0.6467696224557464,3.751266888004647,0.06305500663421171,-0.8315898046175505,0.30066544723373667,0.4688749198785196,-0.6099313987586505,-3.306798824524961,-5.898152837028153,-6.644863665612485,-6.064565844890435,-3.5156215478896975,1.6448486700499512,3.8275080239452546,-3.4100291426322933,-13.090283127862302,-11.579985917942881,-1.349539462397475,2.811589198680829,-1.3461110385322517,-3.7615178487345506,-3.2671073710638634,-5.950749696420714,-7.429452397265321,-2.041438406728317,0.6266177443838927,-5.596945453883976,-9.091472718703491,-4.364488607695506,-1.1652222857447558,-3.1546475843227864,-4.591337932830427,-3.280150173439072,-2.2799747756389737,-4.6664066720571284,-7.427700770279019,-5.011214431888115,-1.8392289768224925,-4.146556520043457,-6.004372942304812,-4.112192289054667,-4.767911725537688,-5.461846706090796,1.348817106476797,11.55629640279568,16.890316683889885,15.06372587314442,10.901442286976046,11.554070526167166,9.598758082753953,-6.441042153321797,-20.541779401512244,-16.483837974740485,-12.628920513124543,-20.517230276302072,-27.345883591831793,-31.92971339079869,-32.44484273084363,-25.156154650434516,-29.95869707758458,-42.37730478234515,-38.98618800177501,-41.290081767774424,-55.81655323977809,-71.9874004513328,-65.38065791775692,163.3419113824642,626.9518466071489,675.6732562111531,-21.03910795789872,-589.6283155095139,-390.34837455952,-59.27609139930527,-78.09095693707069,-88.05663434078382,19.242477198054807,16.260167320055373,-14.050047134443105,21.519216845015695,12.179175672695372,-18.741578062807744,0.11258137620574526,9.274769380845685,-5.292072133758779,-4.774001250505696,-10.457917923513453,-27.839420305768954,-28.810199527029116,-22.37319636055104,-24.16505530043171,-26.388212204902217,-24.342071485153127,-16.844744103356874,-1.6463798598229218,19.738590508236733,45.847537073803316,69.37773695504085,83.21326418998265,97.19008037183822,117.05067293541562,124.93482166287743,105.03933136567804,60.527785715467225,4.615423725597424,-43.329235863692915,-68.7686946903628,-75.21028931697738,-72.70704487882502,-64.46816017407548,-53.7920727822042,-47.91308929089955,-46.54394878696287,-39.6959919053448,-25.79479326412535,-16.253404084440255,-14.022002070288586,-10.59800974902057,-5.49822547920283,-3.5866818100341877,-3.3794527914175703,-4.128393062589222,-6.338874422546088,-5.460814002750755,-1.4487035252328528,-0.6108634171962262,-1.901929067890591,-0.7055615787297373,0.28529676609846444,1.1359321216189793,7.975991845837923,15.956936935216516,15.485066650900809,12.716470273423399,13.966748701457213,14.385045774847745,19.555363618955198,27.79522490118696,9.03957049211779,-33.766462302882495,-48.0150575510831,-25.77148232377553,-13.245537944290517,-19.03298460442252,-17.985191438394565,-11.107099301356953,-8.598935392529842,-6.260780429564809,-4.154846198753677,-5.349116499665435,-6.11085351075554,-8.386933477665323,-17.46026445726254,-23.790488986181916,-13.463276749027795,8.042027208036387,24.391639429424572,29.72797928367267,28.68040462246038,27.894401666536467,25.791620292070593,13.298255536148364,-2.266746152506396,-7.161482822470252,-12.03618523115259,-20.906121733223493,-20.10796059769939,-21.05132399398142,-29.865616804127626,-29.588116323919042,-32.51260902038525,-40.41859131437516,-31.25936566252932,-31.65703581988188,-55.83512068846073,-83.34936856620608,-68.30556910086051,188.82234586549765,653.1201965483683,649.7931897677481,-70.69831524737049,-584.7282144873756,-348.6912568473928,-46.13827080030323,-78.3291377615951,-75.03475661846917,24.07142920353986,14.304672315653008,-7.543922453096915,27.462736521182205,24.027163773443856,7.456118311052601,18.293906468480532,10.249223940695906,-7.620392335715876,-6.97581951547204,-10.770075953211144,-22.65522982867624,-25.329380245745135,-22.93840610539816,-20.780783427996973,-16.96247695566327,-12.92306557400255,-3.4982580184937415,17.73310195599482,43.03774573198941,67.40234103898186,92.34511954705773,98.23772111319218,74.59492371302794,59.808259302701046,72.84864035529638,72.27704841285106,37.40275445422291,-6.4500665319548816,-42.82399339667339,-65.96160905574347,-72.50927181008663,-73.62404302617354,-72.9248582242769,-61.98925515897615,-44.81381687981903,-29.39123448133016,-18.82484446460447,-15.777275382350709,-12.34747588520068,-3.2415718056852274,-1.2423624948628227,-6.062195954342791,-0.3520922601005001,8.873996721124325,2.4476959477543723,-8.67855336875629,-5.414428353283631,3.7270227215506306,5.350449493534731,4.021193285979837,3.930968747361865,2.2524280065686373,0.26847740469251935,-1.5998087572777315,-2.958689052545192,1.5075459853884956,5.037422114429397,-5.323302547962445,-17.791408058887875,-13.58458582861977,-2.3394595775806852,-2.1265044096478345,-10.008501745602862,-13.267470825590529,-8.033643371827598,0.07269970566736728,3.6984578211756336,0.4027814854154226,-4.5984788013495255,-3.3854283007368635,2.870271638296068,5.735661745154221,4.1455089342980225,1.0394845455897093,-4.247986095848657,-7.836031731636587,-5.4604402913732315,-1.506370534400044,0.1465144736403452,-1.1839940401798925,-5.190505406728881,-6.978613489374124,-5.305313392929893,-3.263906702673793,-1.142820734657867,-2.188739928668026,1.380465513205392,24.8511441785544,45.85056691538744,42.59022067066671,46.314307630640826,51.17169069740768,5.77476414345232,-50.01842884401846,-47.97577504111358,-29.237398511286735,-36.62242588404214,-42.093820391544426,-42.07645477145603,-46.42754344100926,-44.108157742271295,-41.211433434180435,-38.20090299994249,-37.8572445124405,-56.4406753179461,-75.1098624518574,-84.41658783735217,2.5689806559848023,371.2567621596191,732.292270814177,418.40014661189264,-325.80862637189404,-522.2948788221277,-173.10761572663603,-23.989301950992342,-86.67819308392839,-24.316938534464175,28.7950352354749,-15.966642101921938,0.4706720465372971,41.42444317267923,18.340743023537023,1.8052176326928042,5.958284383680674,-10.09525547544753,-16.195015817812227,-7.53040516395038,-18.477820123646392,-32.19289620007119,-27.14031169927899,-22.955128881659743,-26.06581255978673,-23.70417245237922,-20.086728660794822,-16.74960335976874,-0.3705293000463161,25.385673029579547,46.870529983532194,65.94850349153688,82.27427294994474,90.41313827570451,97.45178556149253,101.98644719113994,86.88193647335876,51.05022970362579,8.107493726217522,-31.047299661280913,-53.568442136302146,-58.70283548686341,-64.9944405613663,-74.40726633114046,-69.67347590483634,-53.34548529332401,-39.5383213846348,-26.144829077656116,-13.309688313181645,-11.20458388941379,-13.644247593426922,-7.355118305653557,1.4460573990705168,4.212761067279866,5.447665440927802,5.167179458811937,-0.013065628716191213,-3.452666542216381,-0.10158282781628714,4.496972601567441,3.957263472281377,0.4487438704675535,2.751001306105662,9.48013208856554,12.118072871486337,17.098722077047732,20.0150052248155,-6.265801229124868,-43.71529304602666,-40.4982631166858,-11.355413555160501,-3.795432713052538,-7.530850633716586,-3.4295624512449514,-6.72803708675101,-13.954820255335399,-8.543924851851308,-0.9636124786893809,1.1778251051733335,4.7871392944625875,0.9061111926280709,-14.77361866270635,-20.71132549854324,-10.674584263988447,-4.984271083386979,-8.938729229896596,-11.077898677658155,-9.025117095815919,-5.617951697816297,-2.9965824576365803,-4.047872253583046,-6.987288173726908,-10.748613948241577,-15.684311741389875,-15.434371215752307,-9.59552754210313,-3.015321007351295,11.462175726450138,30.513871920358426,34.02699849398901,27.778569692657815,28.237405071568936,21.074039127384182,1.3155054684557967,-8.359130206894982,-10.219095070100654,-18.70045930025958,-24.35022062239795,-27.8144128239427,-36.36514691282039,-39.5682845914684,-43.29556352377323,-50.06966753551525,-42.666718058355684,-43.09538239396524,-65.40016220388353,-86.65658049217113,-85.42515218350161,102.8667021600582,554.671987402146,715.4649844860414,127.27750469172804,-505.2310829962034,-417.0075639901755,-78.22810366108135,-60.509558524006934,-91.12830718815536,7.268390606626419,17.358576662269982,-21.97655986910779,15.70468000148598,35.96204972459029,17.05013899060469,26.194059048120064,31.679588848606667,24.42625527712719,36.73004480138458,23.01768151543485,-37.51687149163255,-74.26950364309889,-62.480660927296924,-48.71479885193005,-47.30533723249889,-38.008604067713144,-19.247489698456516,-4.215459214922792,2.026541149642691,10.063186107910358,31.732920601413646,59.74990256281987,83.37302788251372,103.12218887902377,111.04531895429463,94.69476736422075,59.34707785540967,17.799387906586414,-22.084891408050364,-52.18716748141967,-65.58036736035119,-64.15404640301,-59.09360006086604,-56.0145204807228,-47.758884426253815,-35.433786923846334,-28.91111094512601,-23.421928169770588,-13.898559388643328,-9.193760586877502,-8.089867699574512,-3.548404974201148,-3.3488844973049723,-10.72975475370221,-15.954781147003992,-15.944474854405422,-12.358527680959218,-6.953146151250291,-6.377536373141318,-9.93252364741659,-9.47827467230935,-7.120805632440771,-6.758998346725818,-3.560264546422033,0.9727454527954915,-0.5733660386044335,-5.010702499517748,-4.446730147420741,-0.07145234088607388,2.2928042893502454,1.7253362628483124,-0.40544679509253,-5.3693808440492905,-10.446814050283777,-8.883602648466944,-3.351153246784743,-1.743186254247603,-4.2600316482984155,-8.74761820230871,-11.595581730976185,-7.754065818545561,-4.491075329546476,-9.727776643875309,-14.087189876339945,-12.561859061922245,-10.90702125412622,-2.7569233423257127,18.04334758151171,36.85977524591224,38.658629025756284,32.11828406109765,36.78940805127982,46.917983355131426,36.261229030062815,6.460248811736815,-23.194268851035712,-53.129541267706955,-70.8402927708114,-57.46212697081295,-42.4679684047686,-47.6430823594732,-49.02128868904339,-48.57511615053893,-51.89471087361472,-40.54125503419344,-38.81095376056529,-59.45289644803758,-81.2584118868763,-83.20106182949966,120.65592306259046,590.770039255082,711.5593965208201,62.624831665101766,-548.5278136817686,-396.4932915003777,-52.804399084752404,-56.587502543501145,-83.48938689830686,10.414745385639591,9.270635954675285,-20.222328799741323,18.514556060161024,22.681890465228573,2.529642096216407,15.870317694309884,14.295874678168563,-2.3471557717943416,-0.945608039149989,-5.8457896544853565,-18.89370357596188,-21.772199024486923,-26.055777694954735,-29.30195116972955,-20.012048297294008,-9.886463180790788,-2.693445542907684,10.119548741450597,26.304039657478697,43.7134956455649,64.54098322202643,84.77158479040494,99.0679998330724,105.66935910136638,102.98095178573065,86.06005152933618,50.81502943466745,6.569591779715132,-30.943360897824256,-58.45538205590586,-76.08018786154017,-77.9896016475609,-66.07382986417977,-49.28498275776083,-34.1311459264511,-24.338580053963362,-15.966589480632674,-3.730699809910516,9.69703791994743,22.157543350513382,25.72298589191985,10.641580231979956,-4.0644196222119415,1.3795752484696795,9.664157599873658,9.253708261328942,3.2889909918042086,-21.630172013073153,-51.26925152675042,-45.46824446612052,-20.600157974781297,-15.9678854628069,-18.69315396140252,-11.733261330461996,-7.479424797148869,-5.969023859365304,1.0573714806034182,6.833654804499508,5.348953880306176,0.9958757781672372,0.42215204088867253,2.0500145320506746,-2.6559717069921103,-9.75206825184199,-9.110475880927506,-6.641877167713219,-7.184195408235846,-3.6247395078538407,0.5048368916104096,-2.1066479820496387,-4.891267960713771,-3.989531106128595,-3.2707981381743103,-0.8939283258322996,2.8193463815384994,1.018642393314095,-5.157618431531791,-8.545910455834019,-8.1803019389572,-5.529692283842392,-2.749067722615548,-7.299745037063106,-18.63261983364187,-20.49663104164805,-5.1023044356218765,15.946988133647631,31.57977795181253,38.369997374941846,35.65689002472622,26.062203063974394,12.5812480574452,1.4047743092673242,-2.706452939826899,-10.431835850062795,-25.808022397229774,-33.04204722550001,-30.12210506305875,-27.115307127934347,-28.944613262601326,-41.31732002507953,-49.17711956120393,-41.40544610907327,-44.607685911317574,-61.53116564208153,-83.75785047686665,-52.54811895930635,242.166826153453,688.5955351334914,598.0579417138233,-135.35715378906977,-561.2116776918458,-291.2302504754481,-31.220010356463476,-73.15994213715429,-51.1059988748575,45.44684690473298,25.479542411617242,-18.37777546288494,-16.548236255360187,-21.18071252965833,-13.257554056659085,7.678363684411771,1.8019211231644539,-9.110150500986588,-4.688508503047958,-5.714127710110853,-14.741774215747947,-19.37361760197521,-21.49938274398606,-27.79700258642768,-33.566595890339784,-28.089034997589806,-14.043940230178789,-0.6591206187890712,14.958537690078504,36.13759209725875,57.20453708889003,75.45085450041027,90.6757724885588,98.02849253154596,94.21617906981474,78.84434682058222,48.00693711170756,4.335704269876631,-33.9193449571713,-53.56749446971147,-59.586039368366194,-58.03763032527509,-50.41359553253185,-40.2813669974294,-29.691939489784673,-20.662502863858194,-14.943413713769438,-9.571512754139787,-6.861486102095773,-9.980281429587272,-9.932508830148823,-5.562298370005303,-6.279157986597653,-6.2366044501887075,-1.0165985945079914,-1.5795592543793138,-5.430105451127668,-4.618658191087492,-6.027330132468087,-7.061825598285465,0.17495619187471512,4.060216171771659,-1.5978649539094523,-4.181410951770277,0.07862202457621059,1.9110735838238337,-4.066583544784005,-11.726701824480934,-11.77176232713148,-8.479002180129108,-8.513467198406559,-5.955855580192502,-0.7941244857090437,2.1370745019622674,6.004303860445585,7.239696140753246,6.4825902825878,14.676353596887171,21.045066077646954,18.720063705714836,23.975027189459393,17.648949256547105,-20.336127131445213,-42.853779498107485,-29.025455173371874,-26.08404421817238,-36.27722540526844,-26.07812730444963,-12.0230948992013,-11.392399270372588,-7.334717668938892,-1.5842029436775125,-4.109990503987872,-5.285618348936531,-5.375454458509996,-12.466547600027184,-17.87586723808119,-14.024917078433708,-3.889907683175414,12.541311935905838,29.099882150265753,33.187500366624064,29.87500848099973,29.050246475652656,19.889844738307424,-0.1253289721672015,-11.270868242492883,-12.581682385376633,-16.211728750635544,-17.912458993541343,-21.67220160858297,-31.56399798888131,-31.6993356940026,-31.172242823285153,-42.059363251544156,-42.746820566410456,-45.47401731027921,-67.4619791500501,-86.80241490566209,-87.71268657012743,80.4193226119124,525.6266151795046,732.3490691380381,182.26303250821564,-484.5975529915125,-436.55285334240034,-79.64490244999718,-40.96774119652493,-86.92155392297855,2.2150052519604415,24.182618138768404,-14.24994941723659,5.5776194923133176,10.458305949527128,-10.845174185785542,2.740316066701512,13.157110307068136,3.615877283535669,5.910608296207398,2.9876602868375386,-13.798508136638024,-22.209771578450763,-25.191062356908205,-26.17121615418332,-20.026047293414496,-20.533326108920825,-25.08065154206279,-11.081863904671586,11.309892585649315,24.863972913031404,44.553286152225255,71.43581104880215,86.26428891084917,95.6152790351922,107.55470323536966,107.06180685800662,85.36507350265245,39.09123036089136,-23.843729402122158,-64.16994879636975,-63.23684293611324,-51.487621803471654,-51.06031086899299,-59.56053476299701,-69.7920044371241,-66.29689827414663,-47.50101131259621,-32.64531095345987,-25.040873535687602,-17.872601446475763,-14.973272777372664,-12.429724831024902,-2.866370301985711,4.631850928277991,2.213965987128553,-2.393873090193125,-2.977293040656786,-2.9765620104606487,-2.0344415770751976,1.7366833292414512,-3.4029733430832607,-20.049447865299456,-23.261992941465984,-7.735038170936292,-1.8152002767719502,-9.582059868426288,-10.926176082550741,-6.200299939812915,-2.1879850055326564,3.441475665339528,5.523376049849865,0.9311810723734855,-3.7421171719118487,-6.732727742072569,-5.889851735879697,2.69510812794784,8.941166177070595,0.992486549754199,-13.91496356543509,-20.66784503691079,-15.883469941499008,-9.19378892037274,-8.984126151358856,-12.094644503937033,-13.122580879060646,-12.501717715512633,-11.92117876018747,-13.98952928681721,-17.14532602049222,-11.438118755793491,2.307373491346887,10.366655622529853,12.953482060973384,18.53460664567859,23.699161404478357,24.148716756702193,16.191390377247732,-4.381564039193933,-20.71391965330045,-17.25215664905179,-12.883078418109214,-19.417079406346513,-24.75485765073352,-30.176335748130228,-33.84864194644027,-29.490094007941583,-33.18769902781762,-38.12493092290466,-30.557073741168136,-38.669520708722835,-58.97144534904166,-77.89964988250446,-56.5981319601368,217.68127324406305,672.7602700071282,602.7296490820454,-153.1333962516473,-610.1155960814668,-322.83266112146634,-38.11060211096891,-86.63062540471338,-71.66515463614503,23.848301313836217,4.189516816631063,-13.195684981518273,18.5243841887284,3.4394303077981725,-12.726574059546325,5.749276395745452,5.637815356710899,-4.304229648590477,-2.5411653649997703,-6.442281121614829,-14.159899213091496,-19.762809274144125,-22.663541280976435,-16.71562223721986,-13.799310795889744,-19.619284110701653,-15.673613203248927,1.339392811519577,24.339662699659087,54.059325306974145,76.57000045636138,80.81821769407892,86.60990100725267,104.65722386329577,110.11324231021376,83.20530711496991,36.82620937281013,-6.180835007159134,-38.225460736063134,-61.790769800258374,-73.72075506645531,-69.61207044565016,-57.51764884000333,-51.1553234655717,-49.11609736386194,-36.92645990006122,-16.44242219022706,-6.953181203844974,-8.632808205340664,-6.562492173425074,-5.1177851327108534,-10.36319980488334,-10.470619870868507,-5.112621946894098,-5.1836811308796555,-6.668579879056264,-4.740915527687163,-4.039187677022635,-5.151356113313373,-6.19992232968708,-3.954182594708745,3.5618780472192246,8.120946889764731,7.366727347424325,8.834788107602837,10.5601020547767,12.437156423745027,18.369271403916557,20.548523571299764,22.08058240462517,26.339619053882878,5.547603996987307,-36.17020164313425,-44.37601490188514,-19.901878630593174,-15.404609772726094,-30.63823036213088,-31.819893500943635,-20.163597225805077,-13.907492326619204,-17.929357721484283,-23.43824168468577,-17.115801792910066,1.0986204472362031,19.464112862713396,31.60102737550124,36.80362283647578,34.81084688123099,24.323335614786146,7.794072798514211,-1.0404909994088902,1.5953932422603188,-2.1259339360513962,-12.69637085374338,-14.072894955039693,-14.577260930258909,-24.90429933214839,-39.98054434852851,-56.91308930739763,-58.37401633358986,-43.526354039889725,-48.09163083545167,-66.81049662307349,-89.14348960700707,-65.21223210648648,229.9463102227267,700.3223146509754,622.7188894384324,-138.08600508860826,-588.6215908369402,-304.73652844454205,-30.235982055753404,-81.83064826572516,-67.45232989149079,27.110544529478563,7.256289082222047,-9.534316775099997,28.69065056438597,20.267116224842265,1.5079390941190525,15.81479734046657,13.287038651850022,-1.465408116692246,-1.831076640477212,-7.584937253141334,-19.11886947716466,-18.93662573923642,-15.540643559830214,-19.71322937027279,-24.695482629800146,-21.182582567662685,-7.578775526589304,13.867654545016666,40.9755433827832,64.56954426097921,75.98314318935516,88.21708401051102,113.44085921234114,131.74431725020173,124.83926743575839,96.66621636776395,40.12682733993596,-39.47523226481598,-90.82035230634256,-90.06988424356098,-79.7336111980318,-83.98277805636347,-80.67662163921979,-62.399810532729646,-42.48906197954327,-25.571817967234487,-13.11091345457868,-6.700174182268972,-0.1304470247272036,10.504878588322452,17.84633404177255,17.143536108088924,14.414869894309856,10.374782806467884,1.692678957499802,-1.1395862720782173,4.32330460164894,-2.397614785668747,-21.442436660695506,-27.69518317509206,-20.796987497652264,-17.45021653934288,-14.239552890846808,-4.768837934345973,2.955969543606632,4.191732885462431,0.8307178023575883,-6.755105797070388,-12.035900051879768,-4.853126370941094,6.9049286069490154,4.088301989929942,-8.458666774322538,-9.194182378354128,-0.11289686832339996,2.5609800738263404,-0.08677864860265494,-2.658718628375018,-7.1592602473581755,-7.417563784487791,1.6307455232517474,8.224357657704083,3.65938119010613,-4.624573894624744,-9.329100216151332,-10.102587230521323,-7.011731898769977,-2.3724269559884075,-2.7058559937405473,-10.831050063542794,-20.296679159944002,-20.353745160150286,-4.139300767609097,22.324557392174775,37.86073479098201,32.23705615937295,26.606925150044333,32.82027592078348,26.250415111053144,0.8601938089254753,-15.148500544879603,-18.77268292974808,-25.234795823995167,-28.813666422320757,-26.681824013535362,-24.060462709345046,-23.884803252277457,-35.178648399031104,-41.53986749730772,-25.297541703915925,-18.559637272077964,-34.444836622009724,-71.3176549479369,-91.08980435742373,136.16137757570357,603.077440257787,635.002853619817,-43.69525231819985,-550.0291823807909,-338.9752382890881,-47.224940776800985,-67.33437440557788,-63.178943801958646,18.590882524570624,-6.599772291743783,-31.252677928157592,10.073818491596233,12.526113883033428,0.07723621963441829,17.885339056260896,13.07844699665981,-9.422513869877434,-11.089812191880679,-10.24637488915112,-15.552307299988794,-14.937320636932673,-17.88804263854614,-26.34247866467902,-26.241734776106732,-17.733183520712085,-7.553343538388612,5.335875464013688,21.89957294522465,41.29824626896649,60.352478502230056,73.98566172296114,85.83823731180718,97.69210178833569,94.85867053505115,72.05735144409113,42.308604943131385,7.466229444084155,-30.428510072703048,-52.178953006645344,-57.995025093787156,-65.2749075290422,-64.86996786779801,-46.0819502961303,-29.126558911694058,-25.163836086723375,-20.287829159519614,-9.92715070337416,-0.9712628329089483,3.404366571653261,2.6637432465435023,2.356165519082234,6.36255554587142,6.239414197569378,1.12229956903266,0.3659186197056883,-1.4747287432900222,-10.629660987963945,-16.002538191324213,-14.40321150112776,-12.31502795316951,-6.672994762953344,0.025110567407954143,1.78747753127608,6.951199311372818,13.713899663442707,13.437834154026401,19.41417126108098,24.11906498067202,-4.489761102499443,-41.13021182743719,-38.33954068996023,-17.937681100353124,-12.690841921867964,-11.335234827788812,-11.681219985244347,-18.293872543136654,-16.714115962345467,-8.414419734071608,-4.5540613508331695,-1.6979686607319362,-3.722236580765692,-11.480999194183202,-8.949949047926673,0.9607251432368251,1.0340524326180507,-4.714167011111664,-6.394072802232017,-7.1368381289050316,-8.954319470540366,-7.647188324075166,-3.941400155883188,-5.596026874118117,-13.178879855362332,-17.664163059759964,-17.187084477061088,-11.220541190104633,7.236056970039483,27.67178542859349,31.256110987489677,27.289734760439625,29.086746970863164,23.446479610636565,5.479637658655901,-5.675681398302798,-6.882045018205356,-13.075421619934104,-20.308638681611978,-21.047428081145252,-27.04765088134864,-34.48839863580091,-31.066459098958422,-32.52609872214343,-42.485136373798746,-49.163322483230424,-61.78712829964901,-78.22773713251809,-98.56991990795228,-51.898353555246985,272.77576494110156,709.621563780527,560.7872264515862,-186.8536676239185,-555.7871919626446,-257.8483206865399,-30.213347053820534,-88.46719627217473,-59.56671347050489,18.77016344717238,-10.637902149679043,-14.075399727336869,24.771724019718338,12.693150231090183,3.6852466725566013,17.18604661239429,4.767232447494083,-1.0520199705991815,13.506004685247415,7.014155040409547,-9.908188311933502,-16.780662669134248,-27.853302472225565,-35.08118736467229,-26.27910505020643,-20.86858766597404,-21.483066385682733,-3.8300023862083137,31.02031759555001,62.26341325664396,88.02644092384928,104.17681490396379,91.38682842953408,64.93033677434846,62.22247677431913,63.274556240210586,24.103103841799133,-30.70999879839976,-55.979219817541534,-64.81110843649087,-75.17920946784996,-70.67838511357951,-55.784131334358094,-52.868048202033066,-52.43862744163609,-38.42392420888372,-19.16557641683867,-4.447057693389464,1.6908301708856364,-1.3988882960179225,-2.389035341089384,3.408327499678059,7.6947920063800765,10.86045485725112,11.065567036571903,1.2560427015017979,-5.642685261045084,-2.3507930309342324,-7.677273362093768,-21.098391204082688,-22.72550289094958,-16.898837343144535,-15.33170510121408,-14.37236870827324,-11.80882293259982,-8.494728482089322,-5.730786129758274,-8.128040702927475,-11.567536199954237,-8.882493324355899,-3.6163500275665577,-0.14373507415325193,-1.479579955871749,-7.962217634544219,-8.414180927873172,-1.6403882627843327,-1.9700691889464252,-6.022920194758015,-4.669854527038073,-8.16194990985461,-15.336643591821012,-9.638952312369149,2.448715376411501,2.077249970258819,-8.804020017871178,-14.34260108710106,-9.114991587383738,-4.664583092610927,-6.149265760439629,-0.18003795842239967,14.470481025596042,21.428293394971945,20.537670503130514,25.896760952826142,38.71252952125454,39.064070870338995,5.2228416929304124,-44.75921513294894,-64.57792493498378,-48.87128749758844,-34.55679903133175,-39.54688634206451,-46.55866878059177,-43.42442426921478,-47.016783789576195,-54.296537143786445,-39.63574260713243,-32.1930025485308,-58.952974426225936,-91.77646384176414,-104.74888808680865,64.45368951575034,529.8045206183074,751.443979277924,183.8557020451918,-507.0614074594746,-455.1370352720045,-85.11859957910552,-43.96723599839687,-86.01483646796112,7.058260694159252,23.406491556245776,-19.927075519062363,4.596661150044693,19.318955882382493,3.1886821591782137,9.39305129519424,7.113999013334643,-8.917184591153353,-6.573545261784621,-2.686527839533399,-10.682629268176129,-19.512013074046767,-26.942225089056308,-29.854376203169664,-26.910102575279552,-20.95943519931803,-10.92622924488656,-0.7125537072179249,13.113805248571794,41.71008366207448,73.29163723250463,92.79329226312286,107.92451480281213,117.52199139490504,110.13279832558135,91.05640336081653,63.01133386165558,21.26632730027947,-21.947177523620173,-53.6313549728709,-71.33050056392543,-68.91678321978881,-57.87143517018796,-63.10849899361367,-71.09343698310636,-55.989016253479,-36.15997950515934,-28.873269083208214,-16.70492872052459,-1.1159044380235077,-0.04722378049190468,-1.698853581400133,5.765404852371159,11.339181527682564,15.694801130559075,23.244428387041005,22.397335895072864,13.625991494477848,9.511166917666014,11.466364508976724,15.638379657115959,7.920619523878118,-23.958154181632793,-49.718110120919484,-38.63428308969842,-19.124578345063043,-18.50757016577217,-17.904784934167708,-9.328689089964513,-6.115180001252071,-4.825052585200693,-0.09337028144434534,2.893888659372486,5.5140065798915225,7.015373796100812,0.7324299776380521,-7.135364645856411,-7.152494706117684,-4.975857932543849,-7.286529438125006,-9.724570158271934,-8.639847979089613,-6.9072766407474555,-5.402203773238513,-1.7986068680147538,0.11778593918372948,-6.562406840990406,-16.027986731223358,-15.581756710977142,-8.305814568616203,-4.914985111309386,0.08309544835524729,14.934958289891224,28.40251806290849,29.234169273945675,26.496484629894027,26.587641328383874,19.185679183302486,4.084025527552941,-6.041040638980093,-11.837572952936188,-16.288742211875594,-15.24321826439122,-17.29421338284249,-23.82065916612857,-22.624178337067924,-24.97230130556018,-34.52445006270795,-37.3186048114283,-52.93911191570438,-81.40356913435657,-103.13691236064416,-101.55173926147292,111.1931615597183,592.2382012600635,724.0129619767033,83.63173079004444,-534.2203918741943,-401.3563973806747,-66.59329738437268,-65.23249361075652,-84.21781098548058,17.154606228177663,17.188050732389826,-17.77993861056994,21.873447230317925,32.638951816943944,16.20553989165125,33.027486789027385,33.682634608704326,18.62454022213749,21.89178093815775,0.06087868849637523,-43.782107217071136,-49.491139956461225,-33.84083417167545,-35.829545660923614,-35.286691752054466,-22.198957065380583,-16.893557914551785,-14.977160347169356,-0.009492834153022045,24.666019598769953,49.89866533824377,71.37170255101363,86.92835567944483,97.62511848242998,101.38224580224592,88.73338595795403,54.62151899402325,9.786253365778048,-27.46334998873605,-49.591039887131174,-61.2172782469616,-66.01030731701805,-63.05177720629271,-51.39038149242966,-34.31742906595743,-20.028781180854708,-12.179103587365738,-6.36837735802558,-0.6604224151726434,3.201521277194491,4.364758638369312,1.450549945112428,-2.5519999021726463,-1.925914235816851,0.2984675377289001,0.6779895793252333,3.901512986009414,7.278654246183795,1.4902601441311543,-8.244740626226054,-9.927906929880047,-8.375557427757293,-14.039184724213461,-19.640425353159788,-15.717681770572502,-11.392989385533753,-12.613629986967553,-9.283895014045697,-1.8996655592587484,-1.7930130575905494,-5.444467682433288,-4.828059404304254,-3.527309868230624,-2.65885397488013,0.6652086852891319,1.3303660352336788,-3.428051320747362,-6.159237604186496,-4.046259247757867,-1.8927222163029152,1.8115943330920474,9.779225783712384,12.3464169855216,5.12466285956621,4.015751356603502,14.597532199507068,21.547404326743397,24.491931971075353,27.38926240912368,8.575668297294426,-31.973008463342673,-51.61589896857142,-38.922639565668526,-27.76077403442173,-30.681912444965903,-33.241031590265706,-28.889122677127737,-16.89476671532718,3.427885313428936,24.69763030455875,33.70240802634701,28.343669004337563,24.865383396408845,27.547949805116154,18.10182650982274,-0.2048777572305127,-8.468720266294685,-15.589957745169286,-25.833976274169437,-23.856266374849984,-20.558329490143453,-28.427271127411277,-36.57630767267673,-46.15729336694217,-50.48817117919857,-40.89643246118229,-42.48184231612984,-56.538533957013975,-78.21117534911482,-65.02477176960858,201.78194971437028,666.5679612710087,643.3786647979266,-69.75514099026024,-551.1313812328151,-316.4621688900898,-38.989797538065446,-75.2714582140182,-72.63541962914911,8.076100320681938,-14.727277972469153,-31.57167635996127,12.97162215715035,15.642161011904266,3.742381584098955,18.458922058569655,13.014167385430166,-0.5284769417560273,6.568291750753097,5.787915474176842,-8.177053635201116,-17.247848055696444,-26.399846943756764,-34.41061323733423,-32.173720186929,-24.80466615717328,-14.305750643205883,1.1640160195814033,15.575527761874628,30.98706503170723,54.62586818944074,79.05947776882057,94.7860465816632,102.39118345382964,99.29010984543004,78.83696641995073,44.615771743571514,11.272719724487535,-13.224247444593168,-34.39068822778408,-49.45859826953442,-48.05653761878998,-37.55234212034647,-25.39052197914334,-12.16958371422868,-23.295312770120653,-62.74773686858687,-74.4618995432435,-43.102371595433326,-22.426416246354503,-21.988152058921028,-12.751727984787014,-6.951226365567667,-13.72206646534135,-9.285874447280449,3.42298952508534,2.886576723415665,-4.652979226024641,-6.591923483439496,-5.256589847163184,-2.5731988343112757,1.753697079724395,4.024458807470455,0.9398762227465465,-4.595018640139148,-3.646452125938465,4.466032910192076,6.346575704012597,-0.8906232010101292,-4.08378382638662,-2.7488569304929324,-4.464394218454961,-2.0732591552740143,4.329316000279114,-2.661026053442189,-19.938045487177003,-24.385120433887643,-13.471917173246524,-2.6616500259746214,0.16113823317213516,-4.073109198389856,-8.317871915024654,-5.494003708165351,-0.9325046676059294,-1.601269780348253,-2.2868677823576746,-1.0312401223442,-5.387105175499639,-12.366370502686582,-10.948445385928892,-6.332583610682423,-10.734809932227963,-16.803709547071392,-12.922567610049077,-5.596683810984847,3.885056144573932,24.69304144782033,41.76131917969542,36.46360126702485,26.03597916335088,21.56165605312318,7.087030677940987,-10.407833020274555,-15.339106053612959,-19.747341459241632,-27.15611346902492,-30.920215480183725,-36.192779700762465,-36.8467005301275,-35.58687439709774,-45.36719169437777,-46.184054161493115,-40.44062780034538,-53.146662110595756,-66.87851156226776,-80.12927304131209,13.333092345864571,411.9276641331852,765.6501652267864,397.35355181509,-351.9838129108913,-511.85570902521823,-186.0239837791033,-81.35293075239686,-126.92622382747916,-37.80732213970507,11.516269493346044,-28.666161258905028,-6.39794490135275,25.45287471493888,7.559315504899665,5.879087568871738,11.271258502930404,-4.936626869325021,-8.621970651703474,-1.1407661470128563,-5.235694047797805,-8.478321029649907,-8.431702423282676,-21.933014055466863,-40.74341542461167,-41.28750415900504,-27.20412501682525,-16.891297495376328,-5.613939092405487,16.584002307300132,41.29141027326607,62.97759704442432,82.76991706176261,96.40682280352432,102.33582309663845,96.38106248868255,69.2164455249874,28.45412756166743,-7.45728717741226,-34.23226192141857,-56.19584333273437,-71.16610188717512,-70.62861475678423,-53.392386446956195,-35.723735629214474,-29.635504026086306,-26.373755874927692,-22.67779883659564,-26.07226474975658,-28.038091157889784,-18.832778202062286,-11.068791603212166,-12.573542915505207,-12.503461646178323,-8.332106518030304,-6.237065871076837,-3.500764598861103,-0.6553513043123971,-5.304616764405223,-12.09894506469254,-11.17398373105744,-6.582699915116489,-2.300187072542137,1.8117948197161464,-1.464572986736222,-9.642200768094984,-7.097649974014537,4.419925825326848,9.571316061595196,5.708424629123942,0.8884783225696502,3.936443012841998,13.26794298164667,18.000682669512354,22.571399255540815,26.423811163804537,1.1250894767475685,-42.40491482651463,-49.83335734697329,-30.34860591185926,-32.04915198210654,-40.33633745388744,-30.531905488165933,-21.33677490254344,-13.476952258123582,6.580618211600413,24.210004444746808,29.91636328112421,28.777850117669377,19.854003329952242,11.745614876947565,9.287281207810809,-1.4535513069248047,-17.307791695271227,-23.205182411645595,-23.524040490061616,-25.24136120292936,-27.83968621273361,-29.393898833108622,-30.979707314064004,-41.709365928664496,-47.732533097903044,-33.10581291825037,-32.90550126110843,-58.012036755701246,-87.0303475076942,-89.59049936581044,132.35708774891543,607.9412372175555,693.1794767714957,21.222518692031684,-559.3122108951637,-383.90220089924117,-57.83897698069933,-65.08585335250586,-70.27263220519583,26.425962788175852,12.59802451189335,-20.120503036057283,20.081127710002992,25.817677974927964,8.509117520105463,20.02744721762764,12.28003047248573,-8.363529441476766,-3.39452003623333,2.5984245594161046,-5.175425249938904,-15.257257848513794,-25.897012861792483,-28.19914220966863,-19.05863207646499,-10.440367785584733,-3.8893139400469003,4.381862197680711,17.13841663200139,39.12486582374423,63.944954445879645,85.78962984838549,107.26161785696026,116.68571206501204,105.97725352415962,87.49114852822112,58.04561692687526,9.363805668256626,-35.70265235295269,-57.51186404582303,-64.02686685994016,-62.44237314702158,-49.71360922688102,-24.199322969949193,-4.220319087397272,-17.339720952184006,-42.41150379619608,-35.852161300692806,-17.71792282259071,-20.975783630812778,-22.816012099527892,-14.702424534217101,-20.375901891674655,-27.65105282454156,-16.661187966326473,-6.136708061244988,-9.057335184437385,-10.773124156711482,-4.078569318329359,1.342912173434982,0.8306469425452789,1.1242524194219197,2.928277552277862,0.26368408400034227,-2.5793069058477336,-0.7309752883261185,2.0610453614452373,5.93071710661207,5.712790531038305,-7.649554897496181,-17.969171244795042,-7.51037978327517,5.55646230220603,2.8297549009311043,-5.205230986097859,-7.410099093798635,-4.787239227634989,-0.8412297762474519,0.8842264616233164,1.096167645643935,0.42309927887642473,-5.025898740925822,-10.376105958358714,-6.905547591547139,-0.8949616629215762,-0.7726998592249998,-2.843864805828934,-5.407921332878367,-11.273891721061409,-15.525652769045706,-12.014797135479075,-3.0480713702329654,8.659870494519279,22.347753305344916,30.658840854823815,29.969426204194015,29.582554386069894,28.76102131887868,16.580038605580985,0.7429520323044894,-10.178712763245613,-22.81897642050698,-30.709771865501942,-29.629872155974198,-33.770752562183134,-39.93056244586241,-40.438446949048256,-38.23371866191947,-27.663311757549305,-26.19018462028842,-47.80055873612427,-69.5677992875145,-73.27863588064707,84.83090037923421,524.0018899225698,753.412270831858,212.4602234920775,-507.9544105180084,-507.6282303846542,-127.59955854924407,-57.94003093639547,-110.60285542516306,-23.190618594224162,10.520518312492854,-25.36767850756846,3.6391194149723614,26.613255480693265,6.667114838874346,10.250766956042439,16.91593424005405,5.11889229197428,5.076908855896759,5.183921835436644,-8.802896331578532,-18.38886031749536,-22.40007383251562,-25.51897024277232,-20.946022615164967,-14.172273221878502,-12.253021411670186,-7.954718991563207,5.181696972536745,26.546695942614793,51.03433252714381,70.08043954447392,82.43712304519298,93.92547970175679,100.34115863555678,89.08964851192164,58.17885777035188,19.113693426574898,-16.912775901165894,-46.82899267128721,-67.10461465185809,-68.9842222951852,-55.71032450047845,-44.321919837320706,-38.26201556234807,-29.341737029776105,-19.094740579745547,-7.9498931993816395,5.106952357864972,9.280923089753239,5.2658047552558225,4.188869705980094,-2.557066705107424,-14.98311050057022,-13.346631145223384,-6.496859468732836,-10.564899136725144,-9.905658151058827,-2.650983193269777,-5.3780379639481914,-8.68448220439362,-4.250213258468108,-3.82126259733678,-4.371920169817532,3.2019717966006724,10.913893463149638,9.469863080548471,1.7437881472311831,-0.08831873485977937,7.212028290374844,12.285927743897906,15.142288585820857,13.463101295045519,-13.12337408408005,-45.71880434060818,-39.92304248437042,-15.827225023015357,-14.684389504705894,-19.509226166556807,-10.72311620617236,-2.316079954108133,1.5866417465486826,3.434753558623358,-2.8062706330361635,-12.273346934340962,-14.144399916478553,-7.90837305839098,-1.607783922030336,-3.986293900506867,-11.45711152317651,-13.728163238198562,-13.29677858680675,-14.584805200822867,-11.380145335933886,-2.7179810969715374,5.800992889453843,15.37860938931336,25.461624319969353,27.720066029175577,23.508654680294885,22.697517517460067,19.887078017521507,6.048534709110486,-7.277490053250655,-11.935624094428988,-15.985972715551203,-19.677112038980518,-24.46568674712291,-33.7522238337282,-34.27320938463511,-30.651482932147623,-37.14221564837737,-36.133110050615564,-34.26696866571924,-53.141683730431424,-74.93283517256843,-90.63401086905597,23.038750330776196,429.4817335118747,727.9347252906518,302.0185692477338,-414.91990245016484,-493.7287505762115,-127.82408292567501,-27.530323024383854,-91.1087065140305,-20.166572145788102,23.67908581453821,-10.886680808566027,11.556151675429954,34.46587243617006,9.224803746121447,9.454609722607765,17.250876784888387,-4.955347516329233,-11.433733502805726,-0.15273226767989367,-9.55438516222262,-22.16849522810165,-14.554479087568847,-2.152519281707899,5.923905562243107,6.931102512244198,-13.453684363408069,-38.9134399644453,-25.822222671784814,19.967547540746615,48.923087215069565,51.16811877595022,56.59250903715805,73.91646302616502,87.41174152375622,85.07176539765128,61.13771524367866,18.15301785489999,-25.645179803270658,-52.281763600356804,-61.79185357110169,-61.635785276319226,-56.648483472022,-52.577377265476386,-48.413216299702064,-36.61221389004841,-20.767356727498623,-10.005015856162384,-4.100418439069198,-0.7349078722598819,2.1669846223091973,7.1241075423712905,8.774795228968458,4.6107219799494,1.741356901525842,-1.107336799732506,-8.047979380849936,-10.860359068261307,-6.57490908269007,-3.7551389022129396,-3.795438720088404,-3.3845296027513196,-6.368866082802393,-14.983178662324416,-19.870375420574064,-12.859362364783017,-4.276423903627718,-7.105047795844035,-13.02870689994046,-10.154561099589612,-2.2834177274980103,4.521071417266192,5.554638456692139,-1.6903924275791127,-5.7126126325067705,0.1740745481393393,3.846070825380311,2.4138669403975923,3.3823221567410906,3.220609835445835,0.0183512894303135,-3.6569055746223817,-11.436289399288434,-17.34637352336384,-14.342106436020574,-14.979691193102468,-20.480154331493942,-14.091710438244316,-3.1273996343631936,-5.785338641597864,-16.118737749682712,-22.307338466955077,-18.9025700405815,-3.1703587720151836,12.647642136815392,17.398076774815475,19.144628665563758,19.074158551991633,13.111127674064091,14.557410858803546,22.581952732334763,14.788572913576488,-3.1919946113223077,-9.949551282406587,-9.929248273411691,-8.255210853289395,-1.0605137956183706,-3.644400279149126,-33.078637286819394,-77.34477575627166,-96.92536708197017,-72.55945413796212,-51.81183828990884,-66.51427674874517,-89.033889338499,-107.43492699338748,17.52476872270543,452.9485807808501,756.4764162009794,296.4156934704184,-438.6831319155241,-498.19182002340636,-126.39967403206279,-40.01584281420696,-93.83066728347622,-4.878360056669827,28.125429248849215,-24.995836622508023,-5.670525038667587,18.962849399655376,-3.3393761425351656,1.8932286592296315,13.118107929910483,-4.186046623391848,-8.883238397126998,-2.4128105450905144,-10.591560564705341,-20.286710854343255,-25.42431793461927,-31.437451170261745,-29.88431183273061,-19.21415432169643,-8.540331632723522,1.6136359697526022,18.320471562588192,44.04357045525969,69.56730196798978,81.65256803239438,82.72588081670922,88.78857228155177,98.62227239208305,90.05557690650863,57.936316360726494,19.636394081610447,-19.078637818794647,-58.197482892961204,-80.6775492124053,-77.21620223335307,-64.20999540982025,-58.687845373009,-60.23133402260933,-54.54059432000678,-34.04201234804256,-14.867432844572008,-8.551050203869597,-2.8969856424629477,4.972211911852492,6.110810622478466,4.4603087716615,3.6780941143523886,4.015487322382901,8.74042233792555,6.709896214004214,-5.049327784063243,-3.9139243745069763,8.372474495390659,12.287006447628157,14.349028045773641,7.1404830276361295,-26.22400712031939,-48.880239890409904,-32.78657171694321,-17.19965156657674,-19.782800471188523,-13.951804286501979,-3.58438688832182,-3.856990029451257,-2.3910421726864097,3.640301661351084,3.653225460400753,0.7124131883531533,-2.940208167798481,-10.472043646753836,-14.646901720832041,-10.577502295236997,-6.708150162648787,-8.181736675819979,-9.871881500979017,-8.771767643966813,-8.2939150644056,-9.777004413374542,-11.196176282825169,-12.5652759646154,-11.864908581366905,-4.022988664135958,10.051195088876968,24.543522430990784,32.520606981413046,28.722363190567187,23.77771287501054,30.58875182416063,32.20691437411398,11.600755976586742,-13.57295571257701,-28.29410105830693,-33.787045685780896,-27.846853999340944,-24.989874298776467,-35.8793533159105,-38.07985860427081,-33.082312938150835,-36.47458713372132,-31.898199735974238,-34.75506355851952,-64.75536683486644,-94.17396019550245,-104.45963327442311,54.03023991913261,513.2397181502546,763.666497549563,223.34086463479758,-494.478314669479,-478.6424201702891,-97.54741046948133,-39.736675967349335,-91.78290608880792,-1.611746543988943,21.86583887475748,-20.578146012013438,12.50146423816944,36.42139358854981,14.545662751992902,19.21800020934988,25.42998648108588,13.469868350967968,17.91880443439131,22.78007752952837,13.83082574161063,2.6592542331535425,-28.26207109989247,-65.24808525652584,-59.547677738850936,-31.048805579722064,-25.210543100096068,-19.928205636127696,6.673706589841242,28.016884594385456,41.790646466179496,69.75739311574206,97.71878356792172,106.76291681249421,106.26225577922482,94.50252966853495,59.82248129392397,15.501120048284179,-22.498434563898392,-54.183804820022026,-71.70512579591423,-68.11740844126196,-57.358952244790004,-49.07447127761161,-38.187782015357755,-26.228440559488767,-16.098243311191293,-3.75893759047176,7.9481004200899745,12.603243275834714,9.156505198562922,-2.5134523223390097,-14.971807634436326,-15.83348597521091,-8.619383461956293,-5.690152412640021,-7.400866195227538,-7.817303279753492,-5.531190962695648,-2.790066498292891,-2.4670581210080957,-5.009419575247215,-8.743352240202661,-10.695808079186856,-8.27465118504459,-4.002005812105482,-0.4023009664937769,2.6634015832145552,0.35702937809070256,-6.762872958402059,-7.914256150883936,-3.858761031396931,-1.7703950743150614,1.9111159109367835,4.676189496558872,-0.766613156182073,-5.938629115054645,-2.8887799808558,2.2503455245033375,3.220727098022691,-1.8132342296462571,-8.073287921126767,-7.445964234250384,-2.6120088249918525,1.3518088632130856,4.365784160080705,2.0856146741999364,-1.8786892464870955,2.2866421196086892,7.129333725416588,6.4122352987263085,7.548583432940787,7.326728444011147,2.9833894640359784,2.578458321838263,4.910952528790103,9.315959939641576,10.006925061590701,-16.134149965506296,-51.010938206969485,-41.966060053665004,-0.7183357037941867,21.37380126831318,19.758217131980565,12.317711865924355,8.220114952694335,12.981045038998987,14.517319768978455,3.5795331545971836,-8.558305406880354,-17.21049484746267,-22.050093296489244,-21.68902784029732,-21.827413759980548,-21.768078971519905,-27.782733176416865,-46.006711952398845,-55.31675956356332,-57.221689803713495,-68.21291963384922,-81.25417669067495,-87.83606173785996,63.154002909225454,503.97481872763706,746.0329271558883,225.84645090953876,-471.5152407272981,-465.4762486818108,-104.66685209200529,-51.21269101209047,-99.00901887964241,-5.1571501389152274,22.679537349183875,-22.34416937552694,2.355170674193703,27.54307568524761,12.589238129922007,17.97573070007391,24.08588960105607,7.294136414494067,-5.013588840275165,-10.617836972068037,-15.889524174776023,-17.945315653468143,-23.096541646851495,-29.411028091242684,-31.128174938099306,-30.121531449518017,-21.059235279273764,-3.0161724209910172,11.421595821867587,23.03916310700498,44.598559034228565,71.55044841102443,90.22971908743777,101.76973002353587,109.4281479348272,100.5979050049784,66.6565756342093,24.604526321364037,-5.3913467258504095,-27.094864624454395,-47.02271295310938,-55.11949351422497,-52.087411942615574,-48.84999485703251,-35.20273759764065,-13.632272859862304,-21.357989130242903,-54.42222362286549,-60.16920948510089,-34.9946384594475,-18.523748620049957,-14.466818432401787,-8.97379108953611,-7.387289524941863,-8.199476467440213,-0.8357669372764001,9.05462619846098,10.488325952969024,7.4066991666270035,5.724882740419321,-2.143813453908045,-16.326834983001113,-19.066263677190097,-9.478460166412589,-4.938501838429016,-5.240887302929208,-5.810448350416452,-11.872713132163724,-13.876874019587394,-4.892069029140806,-0.9146691166211909,-4.388957242218236,-2.860132905944738,-0.7816110571353185,-3.042672845351488,-3.334260899608646,-3.0174576835573124,-4.974895504558536,-5.630607579669591,-4.662346966017793,-2.5338643894713346,0.4882436412270774,0.0757610508563129,-3.43985377729242,-3.940063139511854,-1.0171953858783782,-0.49068977600167063,-4.0106143931433165,-4.733857838464056,0.5788633814728055,4.073342738798831,2.5508014982739597,1.2814526613998112,-0.41059073997478013,-3.5410273801603322,-4.129876177308457,-4.144471052663835,-5.814340789290188,-7.8333037872751,-14.457372495438488,-22.116120059185118,-17.488282670600054,-4.181492613791689,6.925961572670996,18.57449832164085,27.15915470391433,24.44706508938506,21.95753567895465,27.47898518609782,25.912054386567007,10.797261811611447,-4.2395357387806705,-8.661284141973596,-6.871257390550841,-8.523499714636706,-11.310710574382156,-20.356735368512233,-58.212702778373185,-95.26689485458816,-78.93421615162532,-56.02513786107082,-74.83345877265265,-94.22319604117229,-95.70222908705966,47.077161017685825,488.3738500251321,771.918062911476,282.7430935346325,-450.9792786916066,-490.4465218970833,-120.18594228151467,-50.947671397422866,-112.83017569337679,-20.844817342311842,19.865177933842745,-28.02500354397356,-8.283593266040937,18.29547666233244,-1.1847748966586238,2.1593790453376815,9.213625354105062,-9.757993806036392,-11.996425888842516,-2.3217397051759185,-12.228398608359447,-24.83523791691063,-27.17612403922859,-28.735999061602715,-27.210292636001007,-21.0357260271806,-17.593397323315667,-13.806931000889234,0.2607943357860183,25.447613182182675,53.66921734272406,76.64942670042993,91.9456902376323,101.25044289481598,103.79812996167773,94.29272178821398,68.18897243690859,28.481458451503286,-16.247852847502102,-57.57325657571963,-84.2718642408268,-88.38177683150694,-80.06787369385913,-71.99336707827479,-60.15473292615633,-45.96845560858986,-40.7134494234759,-35.26453529555335,-16.78162696936442,-1.1292407629688803,-2.1210073839429775,-7.568141760070535,-8.624399974253642,-7.503618108113091,-3.753314423565472,-1.7623469229306181,-5.2200911348396914,-6.723595180072843,-5.62946849757984,-5.117796507727171,3.936624519303411,15.909432817405335,9.486828658476167,-3.28007459702099,4.086493740186349,19.787114360572787,26.561703966795058,28.734716238748774,14.009263742095136,-26.555009478651844,-56.445811970227254,-49.25248184847367,-31.359887162765943,-27.67975979746654,-30.622567091731977,-29.163360669986616,-23.1062869531539,-15.23869080023728,-6.812759757405111,-1.4570098295715326,-3.923275179112725,-8.465187244223365,-10.338290111246632,-17.80770322860192,-25.14538503449438,-16.834741995205736,-1.0306354850255648,13.786496693177178,30.071082446511802,34.243820532422106,27.339545485478865,28.78156216378285,21.553679789848857,-5.226592147063361,-17.10146860679524,-11.769697952914488,-15.825454125213867,-23.82927051774765,-31.995007338400935,-37.042072024586645,-24.705096246205322,-21.17885294773814,-37.82048561643629,-41.82897975448461,-46.974239035287845,-61.66140629141208,-71.5316265736606,-72.99072508687414,115.96481357415315,549.1688614572048,619.3621435912872,-18.653874658915868,-540.6002110554311,-345.79793835180806,-43.122398116469014,-55.67824778993931,-47.32908736078417,37.82021934842498,4.25843651822818,-22.165794101991388,30.18825670215802,27.807292042150014,-6.323680564007288,1.2100481997028218,7.523181341705522,6.027112414363292,14.131542600211262,3.010996365863958,-16.495400741893018,-16.046586406161428,-19.486146070687656,-35.77744707778953,-34.31463979086334,-14.574005081726813,-1.6602558526737088,3.5711065360949874,12.695618295776917,29.830504202941203,61.702681536155886,103.55367627463136,126.98934549251379,121.80350083159036,117.2661049806563,123.54315149076662,93.85283515085953,-1.458065257234903,-97.9703071130759,-115.08064958764186,-83.6250325686999,-85.1684468234224,-102.91132289530054,-76.43437511812495,-40.63580760325719,-47.34126162726665,-48.99763369881484,-11.645746748516729,3.1782046403270527,-24.204102762736895,-32.3152969490233,-10.029583170804901,3.2489455090396575,3.801104879992195,-2.3785749634688145,-17.12026953425312,-14.67847995377881,13.474622380149846,27.39681148815507,15.63837470791509,7.686040631262647,-1.1157669935605607,-21.87464520683863,-22.264351011243374,-5.288209451217851,-12.635310768841034,-17.94227449534126,5.8733722218485305,7.337060004062453,-8.228112086146867,12.869727567655008,20.92503877856761,-21.96216718033603,-43.72908875917326,-24.59240755885283,-5.129115880129319,15.570603515591044,24.51558021201144,16.04484147393468,28.797790067335747,34.11262592534423,-1.544950645028698,-6.20258316791359,22.448972550332122,-8.419614847433763,-57.075902473323104,-33.284019261050126,0.18193102974461794,-13.930376303548195,-21.496009211530644,-16.925247056010207,-32.41877409129746,-43.408691490008266,-45.26218673057701,-51.958748523064024,-59.85563232344889,-61.79480055869024,86.6844097107666,443.61286863167027,525.4671592304256,1.1664680131097498,-467.01477354849976,-309.53285490939743,-28.636596090401888,-46.87935539745403,-55.24490816731999,40.37940745270578,27.556184224845794,-5.029070506965307,39.03488175996681,42.472350942446106,23.899447448460812,43.301990956995894,16.330146458876232,-44.75679621363343,-43.826769111164076,-20.407686903539094,-29.998437852596957,-36.605803728678396,-30.233316236372076,-25.336616704323333,-10.232622550463052,0.16030559717271586,-8.009336487588588,0.04048261791245622,33.64838662884899,61.19383442275201,80.98693539022645,104.81165511389483,120.10827046399622,119.23080296691748,106.35652349581278,77.8816612316911,32.74542321306055,-16.828144837131873,-55.62360276518419,-77.93505223700805,-85.86352963333162,-79.40234741149534,-62.73040957682766,-46.62143801605933,-32.309846282687744,-19.22404466900452,-16.00536452048574,-18.36491862948506,-12.104777114082243,-1.7870784160478763,1.6693136584170665,2.5000602447277243,7.873871623700354,14.826843358389368,15.79119403334695,13.58033538157603,19.579441660500546,27.76009513396179,19.499699480640764,-3.030496242092161,-23.01263798551108,-31.573006053933405,-26.187046628481102,-13.450053529954541,-6.73244792245694,-6.804389174113288,-5.5696344176144095,-2.482143479013633,-0.20856131392210564,1.275592773620672,1.6875704141912022,0.9393129727071559,1.2968377971247373,4.680934308797071,6.8783756159194915,3.5101361194143603,2.1365682948250946,11.078679663739653,22.693969185234856,20.88774708133124,-4.27964069791655,-39.90231718848655,-48.76931467671437,-18.133953457643976,13.83064037142729,18.174251178227546,12.162394986771256,13.36877041603839,16.869423941846755,16.686490287525352,4.660118229171041,-21.982656555547052,-39.33540455873766,-32.348479235356116,-23.71067831595306,-28.20868022412551,-36.069334850577235,-41.72286085867549,-44.750695373970444,-49.59624225194812,-57.252816036755554,-73.19241954917199,-105.58767215397786,-8.38659421692779,387.7299557084894,701.0095952626602,346.50989883317095,-308.79961913415326,-420.6361489142326,-123.54621866698412,-40.45722477746932,-94.49995980764348,-25.02129374961419,17.33922988419411,-21.127110944676687,-7.604423899959134,19.976057495205424,6.593152347504365,9.711292005553695,25.717232175891823,18.7601304416553,8.773522700010414,2.6779824887256676,-10.240503231971157,-15.934769268738012,-10.450986825803872,-16.110910707056142,-36.32967231499234,-42.620901733615014,-23.595767690582303,-2.2287286158739334,12.069874574979103,31.40814118961339,51.98973507397596,65.74262105594805,79.17210909077392,91.19195403608265,92.88015673236427,81.53354258919339,54.10824344895441,15.266799325024259,-18.80322645700874,-41.31684355910379,-53.331458819138604,-55.90993689315444,-56.40598834855726,-53.362353367970485,-37.58739794799122,-19.209281840646938,-9.535552292520133,-0.7077591948824491,10.082711347857419,19.590221168350354,28.542839770003628,31.64886125478008,27.778689447200886,15.85214382624682,-15.53878272787815,-47.4768565771664,-43.79354920603216,-21.63054785122155,-14.807372013755213,-13.952144858214872,-10.112359833916152,-10.785519655994406,-8.000426517461449,0.7676598804521086,4.009106533596263,3.1245322652629794,2.2799071487222387,0.041619495812500684,3.2877872062239146,12.667304194329247,14.685249963383143,8.397022793941979,6.32925316733715,7.452357114858671,3.7717527170551097,1.8589901302889569,3.7709811213848403,-4.865535648906231,-18.272887488605306,-13.773389563424741,-1.5588382296890626,-3.5446378806469134,-7.963032609705823,-5.52664683066478,-11.503479252097037,-21.385124412204682,-12.623230891878407,13.630913805956583,35.05527406792067,32.240128934738514,10.700291246298232,2.3952549876396465,14.690131827079814,16.353102466184154,0.913658162370246,-10.435816021939853,-17.643369140009604,-24.568809410648413,-25.27604488470748,-25.40797950449415,-28.794230190655465,-36.95205852042861,-50.96346558521327,-53.12120092989177,-48.89957968813012,-65.03199322585786,-97.25317055591763,-129.4186236445974,-17.935656254753013,427.6007208257781,821.0602771926307,465.6055948356698,-305.7540919508967,-491.7504492585248,-156.5001326387383,-42.308258072359756,-114.29189416925092,-44.82712002551089,12.057974754730779,-23.65339273470606,-1.6975607404594903,34.053059078958654,20.870062992817783,25.3089427069718,20.594554813873344,-25.997474829817175,-41.43114879688715,-21.271166786852973,-22.343249916507602,-31.824787049309773,-27.514784851279302,-26.30106886581772,-30.74645352738295,-28.78016823834688,-18.976941909794895,-5.935298663989178,8.282999617900053,28.94610455568418,56.01377482474389,76.80554050981033,88.56425625679422,98.93725902114755,103.98409847429065,94.81353893213765,68.91722848800626,29.709356913385847,-8.561023865345966,-34.46408578430176,-53.954932292831295,-67.21948661706213,-62.84974016220397,-47.63879593320599,-37.45745879898949,-28.647624069982044,-18.03996320112463,-17.351768844712815,-22.242254268432376,-14.788732806522765,-1.8633539760939524,-0.5510343284942785,-2.914375981713527,1.6760754812234078,4.933465219537304,4.051295876188289,4.379967756078399,1.7403642992899298,-2.9511941947217855,-0.23703421917498813,4.787003798527399,3.146884009855187,0.35278053269826737,0.15544952130715695,0.17752306261947948,2.3700760837373696,5.394486597070259,5.428508903245359,3.852644772330864,0.31679575859701203,-3.4426292529814115,-1.576763703686,0.1916810466975556,-5.5690678619291365,-10.97667798587438,-10.596766183507425,-8.869605040638865,-5.675196494501017,-1.0649254593297526,-0.5827734691051987,-4.2802062394441025,-4.862076408920669,1.2578745281507686,6.915255904063327,5.810257752090335,4.869290155605887,9.513811975858081,14.976344375450921,18.899757961367012,20.142041441889265,18.986117871850436,16.344823401272105,-3.770037812027674,-43.34800261257669,-59.55520644102261,-36.915163688047855,-16.384312494160458,-8.714809011002053,6.973354349249954,17.938752426237784,14.88118489485093,19.218527545645685,26.312562263947985,14.601063456990444,-4.671961663694249,-15.505856029068962,-19.751667064801765,-16.523141070507904,-15.736048216668046,-28.998822166716426,-35.922915990999186,-32.32533941868033,-44.49425428832914,-61.40234065121723,-67.08634083339386,-80.52705177311083,-112.06834757367463,-140.650330419385,-0.020289611804031438,469.2046824503245,820.6776545784874,401.11737443230993,-357.8058835603991,-487.0094873606504,-144.55294441676034,-49.57340537031776,-114.87363060568302,-39.57432060062261,8.542848795550356,-29.384963599640507,-8.129608933207704,24.620833955730546,9.838132430035655,9.784247526818344,18.836103382848684,7.820873710462871,-0.150390802063729,-5.872396614510191,-17.495565114526542,-23.722721875580117,-27.861297618635923,-30.942566032683665,-26.438235392850544,-22.235899562555417,-21.314596009386527,-14.44508786544652,2.2771529779104043,27.98375860928823,55.7402893816743,74.23256196234877,83.78058184129726,91.78036722615224,95.85939431780986,88.78368672679251,68.97261461149071,36.05545960251861,-8.534201834367813,-48.797054757864395,-66.16325297699105,-66.46770612982314,-63.68598122460786,-55.57682694112427,-43.74847783974954,-37.435538034039375,-30.330204763545012,-14.60187993071829,1.5880508648239964,8.732203362251099,6.299404277199905,5.364749645675345,15.194741826102486,24.687233832875684,29.591332048645487,37.02282956515931,22.637368669982116,-23.670634235156975,-47.11768852549092,-26.990483060571833,-17.617043586979865,-33.479258094458,-37.667635502101646,-30.195098344608915,-27.723185001983033,-20.07138019202479,-6.136456419618749,-2.318423154899701,-7.959999206292231,-8.872963122565473,-3.0433259830131743,0.7652329981371899,1.3497088623554667,3.805458347108374,4.583280905784122,-0.4527374240015849,-2.1487374225843823,6.812545744773262,15.820340638969537,11.3008143330289,-1.4377264914819623,-8.40153301053983,-11.66399612368928,-17.44420256376309,-18.414545373790986,-15.841612729311816,-19.573114445775765,-20.277204501261227,-11.169192544378944,-7.76800833684926,-14.708613285143734,-20.651851468090516,-20.890159698166414,-12.89653460401308,2.4648743781010873,16.735729925484037,25.74381752927377,25.761913005780926,16.53513312229577,11.921170079372216,13.215195343525462,4.50573107443212,-10.72445205136772,-18.59903672667036,-21.509082646181245,-25.99729215240608,-31.467512043800554,-33.15891427181411,-35.044930608209846,-44.71675821598463,-45.68679979932659,-36.901824317808774,-48.21821240910853,-70.3766208289913,-101.56570751883591,-92.56896984380788,202.79410907343953,708.5003426227369,691.990779700849,-31.48293393702589,-519.4642472243025,-321.41503825678046,-92.36076071849241,-123.47234765455283,-84.26851013918748,6.520654001079151,-19.173513832487956,-35.23292406151724,-0.6279886066435605,-3.821345223709084,-4.686424045570563,15.743155430725249,5.8840921466164815,-9.604549229185064,-4.8058908411950565,-6.933510560593205,-15.350884251230509,-17.325756080411285,-19.76568592557581,-24.033021668743725,-27.280997016026685,-22.69665874880851,-4.34875860915464,13.815398612505016,26.30110653377828,47.42215807870459,69.14580034897558,77.2144679856343,87.64654047534188,105.15172589493744,105.1227845754593,81.44613270859595,47.94147079600651,9.331120251607686,-29.263341833144302,-57.59349757507511,-71.73383367241208,-71.90924203964632,-63.76338239648716,-55.47784111040215,-45.20283140564778,-31.505255657379223,-22.118977437375964,-17.612966857174882,-12.10639436620525,-5.459898598974117,1.1449633378332003,5.328076626984419,4.655602486395141,4.1949869683122385,5.921236122815814,5.496375703127648,5.45179221406661,6.992218748187025,6.121092610873961,7.161307786986091,10.967645439142341,7.719174923176491,-2.2434064166881376,-10.664646258665993,-15.183489455313602,-14.029108695495236,-7.746293181673099,-1.1696678346464173,3.6639514382055984,6.332891446595482,9.964988145105329,16.724376851264623,18.98129291101089,19.34759354243883,24.202897746031155,8.61885321487419,-36.38337977887798,-61.27248215156004,-43.48969585664621,-25.281541522249285,-24.994789137878264,-20.532653642777067,-10.932863032067903,-8.232050129403603,-7.451322362887849,-4.175871401033234,-3.002068687528965,-4.141741682317665,-3.834791301727819,-2.4919321331100477,-4.560397868287753,-9.748175878629564,-9.502222962538857,-1.2106530288786637,5.748766655480002,9.429664248922956,17.20764253401988,23.281896829009618,19.24601471880573,15.803288249393514,17.916067744756795,11.253161023151177,-6.061132703477274,-19.93656251744562,-24.228353161099495,-23.285949812328937,-24.43814227037317,-27.910375282618393,-31.68007335508442,-41.813660422143556,-50.88274850859626,-50.753049976480696,-57.00619114317372,-74.28329948125862,-111.22888128740973,-102.091083177531,198.27577907226666,703.1881816166272,688.8587090933985,-34.65369753191058,-525.4886183422965,-303.59830462952027,-42.77476104053727,-86.65748554072876,-76.7633220265295,17.618880387132663,-0.7775789678523566,-30.69312082060379,-2.9891889568864958,-2.4737180584400225,-6.513274915064072,13.29953232219113,10.893638469214022,-1.4179672822575426,2.0749056298918105,-0.540336254819862,-7.80176940689714,-3.9216484379642402,-2.251904946089904,-8.330224375552032,-5.860667205790214,1.6752282143770145,-2.9741445027356503,-1.9662838098436133,26.182902070595794,45.60186132908753,29.09580585627225,22.579279308900844,54.02443922526674,82.45092650165334,82.46684150272762,67.40672990332018,40.58632733646949,4.73693527621738,-24.681885699133808,-44.77155804522221,-59.34116357513615,-63.18606130489899,-58.51662914300193,-53.12913103777577,-41.42034336590532,-21.707847746209268,-10.514882562554842,-12.744708901871896,-12.197992473114555,-3.5699396454918464,2.395987585890488,0.6309514041396795,-6.043430950235257,-11.866257630389256,-11.186875074107853,-6.383345580146623,-2.3332287411497052,-0.2412711903837046,-3.872159359006366,-10.878965907550132,-10.58912071773419,-5.3244884879207905,-3.2468650134732115,-0.8524491477607494,0.2321098944039406,-4.9838184091862505,-6.670040502073984,-1.0167633221560495,2.1148928195419447,3.166901872730436,4.595453264905874,1.4657617305582935,-0.6390404049900784,3.73010161384116,3.8101914759862945,-5.513688178367712,-14.088183341932076,-14.645313904026192,-9.808246971466133,-5.46660498548359,-2.773544240748576,-0.637134778902805,-3.4608860179085905,-8.870682994579582,-4.802313929438499,4.922096400951895,6.958141170332437,5.03587908695703,4.623674481916826,2.4327059571329372,2.869287055544918,5.37059626204479,-2.4841038587799176,-16.646535912889547,-21.4157061311064,-17.842770846099206,-15.386791946961901,-13.655607477085502,-7.704969100573102,0.43237659376950255,8.486016311737316,24.604394077612326,46.092637035529094,55.6364730920119,57.627819969592636,52.890835277303474,11.972218138781052,-46.2800240798518,-59.75314849905087,-40.1594034144704,-39.02373173309503,-49.531852354421815,-49.40018228218014,-45.415948999478424,-48.409254354184235,-54.56602962301584,-48.39894849380456,-44.30021915953469,-66.25921098341072,-96.45887415756462,-123.75602115340119,-30.8706546639867,388.22706337000886,800.5725917495431,489.0038065551081,-287.5595602097314,-511.56924091211306,-175.77408574140424,-36.49046219750458,-109.66874253026837,-50.40914591553347,14.020030669130087,-17.90912835428547,-4.864130940346225,24.512367392098486,-0.19335900015185103,-6.758177359322317,14.439413209001785,12.455496816009601,-0.3535109922285855,-9.916508550668492,-21.33347188875772,-25.987266332456976,-28.155324603370516,-34.599706303268064,-32.95068367030135,-22.36121325008171,-16.296035260175373,-12.642628629945822,1.357009507034327,27.046486040294067,54.927669743007314,77.2090707144263,92.6358105356669,104.10416712963921,112.94275850432058,110.22484856247029,80.80766278016051,27.551026392617764,-23.239937008128937,-53.8324766459223,-70.36240929353374,-79.5278565890261,-78.20880950901126,-66.90225703639132,-52.46113697130212,-40.886786541678205,-32.47353256495102,-21.996396511168797,-8.93601613142052,-1.0827818954056738,-2.2903682424601506,-6.45904050752041,-3.7954502684499776,6.604564951783418,11.67675038199236,7.6852744211361514,8.411012043925403,13.070679319029129,13.603531650278171,20.348756413876885,22.052965425777128,-10.472885288978752,-47.76645777263237,-42.666663331582185,-21.972990069798886,-22.94743861378487,-24.112857999993434,-10.691869349961227,-2.7867190831166333,-4.486205807656226,-4.489942587880972,-3.0537944314247127,-2.1295210615786324,1.1604742839756401,4.15455053515883,2.1552793424936336,-0.02273955916838233,3.1578278527854122,4.766905356069352,1.106111257601377,0.5174678748104924,1.0207458796697333,-5.826133060171902,-11.89089947052762,-9.42693518015634,-6.759530518920607,-7.432721958283205,-5.555670077348128,-1.7419916650237868,-1.011563919148121,-2.826924622560564,-2.8713442909465314,-1.112674876107313,-1.4824213516613893,-2.9171281837482894,-2.77811852187003,-3.429159876378079,-2.827471592396197,1.9643142989590048,2.2731676421835525,-4.882384358145448,-8.462169917763626,-8.468126578891262,-11.057932772159003,-4.842030931186826,15.087345514722127,26.784668652583633,20.07134262961403,15.196563174063222,21.163540580983813,19.157034782456673,0.2389268830122746,-16.152579206902747,-15.979271565970159,-17.774129080848862,-34.77847130220262,-44.411979171217276,-42.128732652075875,-50.21979089426984,-55.07686610511524,-47.16272107994594,-54.7626422103517,-81.29865354773068,-116.55748097960213,-48.29488608604527,339.14211610969903,778.460599054958,549.2293226534047,-209.7547000909328,-491.76554713678576,-177.90657122379326,-36.79157812250156,-146.78917828726304,-101.97828039850924,-6.0586519955582645,-34.10627430373149,-39.21160446718867,0.26244520153143824,-5.590508556510532,-6.075406582189061,16.508711408780695,9.531200159525216,-5.449095394405898,-3.0951382806681025,-4.180544070425579,-9.313917854947428,-13.981854623099693,-24.97695978952873,-32.33603556206616,-27.75925000332308,-18.724637947570898,-7.864077914371666,6.864833497754265,24.305491152401316,42.17804540996257,56.051249640845356,66.17437213821263,79.68147872946591,93.09105491215178,91.58228278261889,70.64364937710164,38.07586176944862,2.3957639324887436,-26.758374490090446,-44.20600255675603,-56.43633833653517,-64.73521060110558,-60.09197661491932,-47.70897750848304,-42.189659016654026,-40.46138951458309,-33.72300136899831,-25.464052061530197,-18.44504778267432,-10.611180383412513,-2.934804528066195,2.690192379770238,3.4717996007222744,-0.9089168167002644,-4.111911567252484,-3.9613310047119015,-3.322989345045686,-1.8393856838244744,-2.4380799074319874,-6.974074552629359,-7.2884970109833365,-1.4464562968623769,2.3345796391535787,1.4013551680970657,-2.4916470537547664,-5.707402478288614,-4.120214933323044,-2.017406553420076,-1.092012171665691,3.5335940084146067,4.967100334666175,-0.9680945446894933,-1.851666107279492,4.676096527043915,11.18108313309428,14.638155599117503,6.375442521896161,-8.489049024106135,-6.6555841026402955,7.82747907875593,15.834567584196307,16.035048898201175,0.3432589245628659,-27.52169421405619,-31.858290254386922,-15.125630327922204,-15.506998069633983,-25.040175014487318,-20.8915562468516,-16.78149329722745,-16.751825972181557,-7.334295084594742,2.0273589281604405,-1.9246959483770265,-10.138686649356442,-12.702707780942145,-13.859490704538782,-16.05805646963016,-10.779847655655848,4.11814569230487,18.5079628764013,27.18525112801487,30.741127032530837,30.817243709941103,31.937706043216245,27.843132125169465,9.25601163241149,-8.533905573164375,-10.349491397400882,-14.04849043467328,-33.628815842449356,-47.06342772227924,-43.48148641030675,-47.41517291579282,-56.3683905988523,-46.95984767938952,-42.8287685868724,-63.035627934204086,-99.66012311350053,-121.14926949809406,76.93886202885653,568.767300860592,754.0901970980574,162.85651106350483,-480.3862638152715,-405.7548823178754,-80.34737539623063,-65.1475370440161,-95.91613181239804,-6.638177131814452,-1.594795448382996,-35.85168396687376,1.9269755414262368,16.571325896193542,-3.604866479185386,6.708812383086434,13.15111248626719,0.06300318073999733,-0.35492221014124015,2.359537824279181,-2.2085505549086397,-4.876002738757502,-9.68017490315253,-16.119936804077028,-15.466108187491113,-10.464560187422098,-7.777421008254051,-3.6734313321446876,10.985316363317372,32.37297839588237,52.84778496069558,78.39574601906544,95.80199080670315,77.47197122648015,48.4608402233534,47.80474946236488,46.165435590239085,10.422400773405219,-31.379534600674763,-56.015902574675586,-71.72408227816446,-76.12696659559548,-66.73118504133201,-55.198252208975305,-45.39365268327663,-37.19817568922186,-31.967511875244153,-20.768597179154924,-3.6308426131402847,1.7161547959404295,-3.0983310109146593,0.6063223991834601,8.7932823879317,10.676672372746474,11.970768467306787,7.826205753313641,-9.928714160552621,-22.284259961483784,-16.35005274141838,-7.728776769182071,-5.389335585247274,-7.020514269748542,-11.70531471884981,-10.997898617309891,-4.1152379340134715,-3.4689973407884356,-6.117610559801735,-3.1825887109879156,-0.43998719013741905,-0.25044207821465037,0.14136723792446748,-1.3597842191041876,-1.2881557077204766,1.4607632536195858,-1.5933763120671358,-8.42077133412431,-9.584073447919296,-5.841400508496585,-1.5578031803989418,0.21041951820287608,-2.5362727918609878,-5.807081635939694,-6.34810030428578,-5.612482700060405,-4.281924451219958,-4.598565876328505,-7.01819617473702,-7.576876735544322,-8.805112970187032,-12.955747894319902,-12.19450483670802,-4.942369478603746,4.078633197609679,16.60552989125246,27.35203944739449,27.141829109845602,24.18180546377703,26.46346529817188,25.164445247381238,15.584139950686028,7.001914470167243,7.440235734050682,0.8647382613155017,-37.5511858007231,-77.64758772639938,-71.04632748025706,-51.94892186730702,-58.63469482250926,-57.233194206030994,-50.656585805324745,-65.76167059534659,-90.82081280765838,-112.89148954199081,37.640359659353294,499.0743839781151,750.7013554872826,232.71958563414194,-441.9143558560499,-425.47075430245764,-87.15582601661103,-45.89069639457097,-93.19027411180451,-15.549296154817675,4.181130679489058,-24.622182195724935,3.6380954915377552,9.841724135854014,-15.287898277168349,-2.800985957886682,9.72318456277413,-4.547586911181883,-7.368804279031235,-3.8631188448280325,-13.543911691308967,-18.9571648322519,-14.664889441589379,-15.926550173792535,-19.642233248801332,-15.270351770690361,-9.619823282205994,-3.91881743768767,14.345556422740959,37.62626637163989,50.23466208740647,62.40907096398209,82.06178343486567,96.75239465470818,102.31004955983099,95.26846736868987,62.85342567477584,15.240645817201527,-21.824233444442562,-44.32929199914036,-59.8030445110378,-68.60088704557506,-68.27616550145581,-56.51455385176255,-41.73301811623764,-38.080412983055325,-37.14600543568453,-25.51536943452895,-15.496992237068126,-14.64522828267891,-10.263933864979332,-1.4467237129963113,3.7762044451466927,6.048530617074432,6.508361352757822,8.423351903690907,13.890158836869901,16.76703346459801,19.84740496674116,22.34390825774203,4.366132626204786,-24.348068858317735,-25.643306547531758,-5.368026953426141,3.572616551733894,-1.4406797633871733,-13.248576002820343,-25.25114012790818,-19.460516586335217,-1.4238043254614645,3.002807231527073,-0.6295982655564423,3.769447219125361,1.344718376426954,-13.988768805598255,-15.903493512563454,-2.2535539474868607,-4.802644959750131,-22.765842793027037,-24.23080568868681,-9.605986902410912,-1.1068210401618863,-0.12350137452788701,-1.8901317569716642,-6.11903779484666,-5.846612548845647,-1.0441980566838298,0.6028722777473075,0.320456814648022,-1.5220042504533406,-8.76356698477197,-16.248645691976424,-18.185491309095607,-15.254195943225511,-5.91484299964,9.52388480158138,22.34738791059931,26.283061289421404,27.516124989622437,30.850469053885256,24.88886040541167,4.98897914657188,-10.122954453576067,-11.335845527518483,-13.031708560117078,-21.336377473956027,-25.028987425623924,-23.68713731193877,-34.44073867469803,-51.34951946025879,-49.79358449568528,-46.03207565671266,-62.43943713969058,-95.39288094332979,-126.20722846487676,26.20060619489459,494.82472099888673,763.5612512332901,259.08603981933226,-435.819295889349,-442.48746737002335,-93.78102896051496,-42.38495309391718,-92.28775736747907,-4.844601888447798,16.442142989525202,-32.12877877460776,-6.505209004590556,19.54601665434983,1.590708950229505,3.237991774452226,8.614549325026541,-0.9588871151548375,1.9543801426862841,7.76941906025611,4.346498133384407,1.8335714442156166,-2.537294115274833,-9.881540366740802,-13.809839622985221,-10.663253508298382,-1.7962921683256206,-6.914059909238309,-28.12219660046466,-22.949764735166553,20.311661896574,59.471138022465965,78.13655973328247,90.5403305397288,94.09650288821116,83.20006733191113,60.24535097353283,23.55920531092064,-19.59411562799864,-52.98034002825488,-70.30545342655027,-73.86557841415026,-69.03955543297896,-61.050137766880525,-48.838054111984576,-33.98463075371864,-24.306657256431865,-18.962285358298683,-12.196184244205337,-6.837577790364813,-4.419331899571901,-0.48808211524311673,2.3926253450184056,0.3837847251430304,0.5336141925597353,6.587253947974956,8.9265773969813,1.7947590046681423,-7.467310355893915,-11.06839160725867,-8.88564996279805,-4.427885913480261,-1.4874725470736347,-3.4021899272646987,-8.168871833669945,-7.36162089882323,0.16190221734097765,3.5376588235017348,-0.5509992239907833,-3.6910019120229993,-4.276348957427231,-4.915792505631058,-2.16418481269407,2.2663056421753986,1.7841749937013187,-1.3161822506932301,-2.683866301967837,-3.085366438311023,-2.2797155460774574,-1.4694052655339696,-2.310172441280174,-1.1309584428167625,1.44658331892577,0.8634530936519853,1.4571128701072729,6.422651409268757,10.39088829252048,12.450473191266571,12.530655156191443,4.552047548336877,-11.190952906713918,-24.972816886205276,-27.32553868926326,-18.957688963911977,-7.834633436080382,12.829503893279357,45.30002087761355,51.28379929831358,13.41864483811923,-18.039939540214284,-15.594344216567897,-11.515438158714982,-19.551656098822573,-25.722063446443855,-29.733297058672328,-35.48755266165321,-37.37855693267191,-33.22518386088976,-35.466532844103355,-45.559847533634326,-43.304943186155185,-40.122305734514086,-58.63508316422488,-89.8037245606299,-118.33282892739223,11.364162135872363,459.63251410116357,772.9816140607393,326.0717889433944,-395.9850395042531,-461.19984089320457,-110.06802631543775,-41.584915870080174,-111.60098092675248,-32.918839044137464,10.034222607255423,-28.42844880848741,-8.271422786254536,18.347108853236474,3.9134734884409177,8.51520237120404,18.152565904401463,6.496885205665279,2.120563469116272,2.106961501330421,-11.170226617991602,-24.726944243655943,-28.768647649058828,-29.619051246666253,-32.100478165689736,-31.153974214748857,-20.068573256566985,-5.170062760910362,7.138210403307962,24.746603419843854,50.61640312032805,75.07246092245943,92.89466782060092,106.01049218609607,112.66724551570492,103.5007154968306,73.75462283728434,36.25528938208022,2.424113780778538,-33.93654056455949,-68.39655403966444,-80.21243181086922,-70.99416575172351,-60.55585978589778,-52.39449887356008,-42.763654092162696,-34.85434515249605,-24.62444588290378,-6.383267682847672,9.983510109016725,16.744856093740744,21.454005515336352,17.486773494959863,-12.434202614060645,-44.54969305618401,-39.87775172025228,-18.207083914629997,-17.157230206006716,-22.578288916241608,-16.218692208385843,-12.378499166091533,-12.653437147022885,-6.057764528996811,-0.12966274059074934,-1.5550325039655792,-3.5648176332947425,-2.8350020075405045,0.20301268108448944,5.164430667906345,7.616588805182868,3.7319652696082617,-3.6021408364240166,-7.132066065605617,-4.357988913253196,-1.8058306180600567,-3.891005199242965,-7.134715631206381,-8.825511702777195,-7.48024088266693,-2.3462589895534443,0.1654300242758362,-3.6179472207633605,-5.952931806202559,-4.0694700583586645,-3.1444367715490014,-0.7232052417043713,4.189395039116713,1.6142395290252258,-8.53046170966459,-12.761614733720446,-7.449449423167035,-1.217678882773484,-2.599366721219214,-14.017888815387913,-25.230006916855416,-22.181061999598004,-3.9388734959428833,21.298719204290634,40.35599178693817,41.011046288462396,32.2945856141305,28.316346192884133,20.626561153299328,5.067613188255032,-7.006260625775207,-19.26006892693657,-38.9445531422025,-51.787342833916455,-44.89073044454993,-34.61585649112008,-43.072754203146616,-54.68362300506788,-52.12454295119062,-56.24024584861108,-69.76855585721194,-95.5765522183077,-99.32201360152742,148.46010022331396,638.2548733847467,686.6156377591831,2.55540123186087,-523.1359625708128,-323.1116984063465,-40.92784834712196,-74.3156372484369,-66.7018473953145,32.46814386230575,20.71935083239524,0.6413365680554692,21.13370312232214,-18.44148846532285,-47.62951487475447,-12.383748558129753,0.7607546574417157,-10.922128697041732,-7.997177772806005,-15.55102936193332,-27.28359724375556,-19.816073061894127,-15.958667772944523,-25.81645731619938,-32.26070774252769,-30.404075376798577,-21.318147030167253,-4.633450247774604,17.213683963538735,39.82305102271989,57.15811211894847,71.96274998238054,90.36839656279942,104.81603123107963,107.21541403458332,93.84391961386932,54.9475143604724,0.0717942684355517,-38.01044934323699,-51.515030874410286,-59.86297372216035,-67.51686603313732,-64.38443158652822,-48.8533339280713,-29.517904142365268,-17.01473742433583,-13.447315205749952,-11.458280866318566,-7.470839635777249,-5.157481071755816,-7.235289986502018,-9.091917668501884,-3.411386078932747,1.1510219418040393,-11.705965357833644,-28.548101136763865,-23.796024630351106,-9.136436083908489,-8.459944822535087,-14.066600154069544,-12.28625487882493,-7.525052273841766,-3.4714625096709817,0.6690278396828422,1.7792490880621816,-0.7244340590256115,-3.9112472277600645,-5.244655521327035,-2.1612234282780776,1.7303048313202147,-0.6752984951484411,-5.221604890744496,-4.882241171695416,-4.484050588686628,-5.314087648348783,-0.35615106648866135,4.7199528369234685,0.71040122233007,-4.529383613326928,-2.6112717780442183,3.385915716474922,9.450930377776999,11.05237958366003,7.189602003057226,4.67772714929004,6.269556474331252,12.470881779064594,19.37940016378147,5.4523941581192155,-32.13161783783934,-54.72184372191276,-46.209149064044425,-34.41588530344855,-28.424636469779003,-12.40788633381634,9.973635911114167,21.695107160148936,23.097152635848197,26.246824835204865,27.19484601529118,13.951814880060105,-2.6113625937099707,-9.12557373106867,-14.072042365930786,-20.17152866537026,-23.369621397621657,-27.508940453667908,-30.608837434405995,-35.5815620763812,-43.55864773554799,-41.837583064512145,-42.966210104601736,-56.53855057689858,-79.88093239874303,-111.0989531550988,39.68722847554042,518.2146626520507,775.5237845820373,238.49668758015804,-454.9643653598487,-442.4139836631545,-107.38291012095354,-70.09828276566552,-108.56468217110354,-16.308946389527982,7.704418340911332,-25.80246446399886,1.7019543732493148,18.384560289004757,3.274984893822947,10.497298447032163,14.427739186808829,3.3716644458113305,3.733481438839133,3.7661200500857976,-5.617059380770438,-13.751354987773883,-23.86922024576189,-33.369043352858995,-32.2855305656566,-28.217329039392155,-24.95003623291931,-9.767493249413212,15.157323597646442,36.63995312958004,58.22733625447759,80.71921565183811,96.04253599944632,112.99360511509548,129.54432732977452,120.17907572625566,86.4287182739235,40.58685150856137,-25.937056785001698,-87.16627456775963,-98.57792265663257,-80.45986474238714,-72.77617818184495,-68.10042097986842,-55.18631291284869,-41.67265267816384,-30.14592105670305,-23.063316313567118,-20.870615188145848,-16.749003116895924,-10.803346136247557,-5.1215080556061885,0.8048399335828904,1.2584744216700443,-3.3102809760979923,-3.9627359551100803,-1.583335314587508,-0.8673095234991361,-0.6683057925744222,-1.705473139879338,-4.135175529412843,-3.5401058463121373,1.3817542220525851,4.870359819668316,0.5447057491977763,-6.211581215775205,-4.160928876638234,1.3985824688378807,0.45117709767916647,0.7669520116075823,4.633695156866197,-1.6455837104169433,-14.796766413124004,-18.134125257693537,-13.067642774776315,-8.676043141049874,-4.481252044519282,-1.9554385389039641,-5.575607930416947,-10.942308416741078,-10.166932304502282,-4.503678894566324,-1.4299308305311662,-1.9288101559322293,-1.2248564964384165,-0.31691441457054026,-1.7068034807591683,-0.6493953093873728,3.9586230965197147,4.612076151850942,-0.15761501065249117,-3.415315398057121,-1.7076241561313383,2.6043731459051065,4.44693176800461,-1.073478045894511,-11.052415847134748,-16.14397520811293,-14.989350604658267,-14.78752732064514,-16.54063864448493,-13.407973942577033,-0.1838467368393477,19.48306225033115,32.17771248870619,32.75292524862887,31.288458340484155,26.873026651811557,13.450549145712845,4.5596777369208725,5.120024969385349,4.024307417477377,3.7335293230629785,-3.7674223583679067,-36.80238400107719,-73.99320149204841,-81.48346347907454,-64.48596226110544,-55.66482549163224,-70.94206878995415,-90.3937031250593,-118.70303777790652,-99.11728235918845,208.1699335719103,703.9538943155388,663.517856011691,-66.49215474319702,-528.8711174801994,-288.6906101014828,-39.000084752745664,-87.78328015439666,-73.57998280487173,11.923235866566564,-8.938233883506882,-17.46415761993245,28.27882914774329,22.779864663015672,-2.0255451630700296,-2.2989831010019124,-10.962512119549014,-15.807473175908399,-7.155967174928872,-12.602285216914112,-23.58574331662674,-24.2797640869475,-26.307648145844176,-29.182470719834235,-24.797965925105633,-20.556814526843453,-19.92259301551295,-11.564280647211937,12.292102374127346,43.932061162922665,70.36008785686771,87.08972478974027,97.97984467383375,108.09200847336363,115.75885585568787,108.0286464269642,72.49582455621858,15.782551496368288,-38.270286895328134,-70.50236472774327,-80.7617129592762,-78.77274304779718,-70.94767207974309,-61.17035000359482,-51.91918058944249,-41.88895585716541,-30.830462403426047,-21.03944795737558,-12.607500229154102,-5.612217494812622,-2.022085280386257,-1.6533155867818028,-1.5631437395334906,1.0637898992551822,4.18677119351191,1.8174960199355468,-3.7989493220783856,-3.8099163649115253,0.798302178567166,3.837934246880911,5.674922435681796,6.7060591757205055,6.149728317778385,6.84687927602859,12.456646748884566,25.004349424816237,31.550420031177026,7.80064488165214,-33.09453324421515,-46.29756833347324,-31.378180330711572,-22.201122264199704,-19.348332277771885,-12.565336013844496,-11.50387092118983,-11.74623443503749,-1.281438207527299,8.862962492065074,8.596047789370033,2.4325557795517447,-7.506936211035409,-15.266382530407238,-12.65371612968923,-6.952758003298149,-7.025272543048214,-8.61666935584563,-8.486609547565873,-7.28142893684365,-3.0786409441175593,1.218921060408813,0.5278898754493584,-1.6919923398615477,-0.9661709148235307,0.6344887893154381,1.1706072215483712,1.5145798680538736,2.1576212663437646,1.6120672129485878,-0.8085799767285731,-0.0877032851900248,3.1690204060990985,-5.113304742596714,-23.76507138158091,-29.84170890215232,-18.981339622021903,-3.6400610975052627,15.153506473241825,30.415835042831443,31.121186531822843,26.9657028089376,21.769194666325284,7.38661287387661,-4.896814710483916,-7.85215875742321,-13.468360451053378,-22.405081277060088,-29.59274648091693,-32.97713711742752,-32.53995595829797,-40.393488096940175,-49.82219849172777,-46.65353171707737,-52.31855936222353,-73.43183010830164,-106.0684619775092,-89.02583132157346,208.8653545988612,702.2653471173669,671.7819674355637,-57.07957175382464,-526.2808489593011,-282.19329514993876,-25.22265919019521,-79.30017146094595,-73.60649237468444,18.775359161485213,9.650010123473159,-17.155402693032286,-15.324957103034544,-36.501859630248475,-31.786518946784362,0.5272426372139698,0.916774827434474,-7.898464750799057,-1.9286230508535311,-5.527764041713683,-19.265336808611103,-28.10521993243116,-28.219568518546232,-23.91421341527426,-24.157530244378254,-24.64297731890414,-17.282505625718045,-6.9812577389537065,6.7247882122487335,27.682089151211898,50.04807884169128,70.73725516125832,88.497972029791,98.41356154095202,99.45756277671549,87.28225483033539,55.56661012939249,13.827725707227826,-22.891393884308297,-52.17449708979787,-73.25214185239115,-79.01482451937409,-70.86287229987946,-61.11524384966735,-51.956544857104106,-36.34279869335195,-21.919318132016297,-17.86876484331066,-12.999975173538369,-3.213969566958095,-0.3054130718005279,-0.7147016810922384,2.025520377664023,-0.8351740260711722,-5.534132191312747,-1.908533441042346,-0.07346897702552901,-5.626574006049003,-8.189067460316405,-6.656140447237231,-4.253952135197678,0.6092279509234837,2.60057950677602,-1.3538826838401707,-3.448726893128744,-1.0970664445608325,0.8429458401939707,1.40038935607839,2.6591264765979297,4.798931008528175,4.302045750664835,-2.607759657752977,-11.252591259725598,-10.961825394128727,-2.1342153887533506,1.2448663211707434,-1.700142698098186,6.1857478051528645,20.738726227397176,22.616377755243413,22.46284986414834,23.133068163721045,-6.376928117021119,-44.49453407848499,-34.62023015781057,-9.749016791969634,-26.21536460547771,-44.19574075205579,-27.27796640071343,-13.634356623561782,-14.907240635428582,-7.114388167467235,-1.7536138767906877,-10.800479439942137,-15.00729389540697,-7.647458198168855,0.12894445838395008,2.368198507515217,-4.030343212559178,-14.702025104304452,-16.95787606251011,-6.382907469439417,11.955393980787155,27.09456911295028,26.51176884046817,15.923673944057692,10.11366797402601,5.320345017368643,-2.6240144247940194,-6.620842766144776,-11.958483962200047,-23.50884941200319,-30.971941310628132,-30.757926837180456,-27.667491894555358,-29.988797593090123,-39.13158491219176,-38.00363884176929,-35.56149708465704,-54.81018525199963,-85.62966778052783,-122.32611947382765,-35.46299505459233,379.5729322640685,760.5512321677415,409.1710911383595,-349.05756298019094,-514.0193784130537,-161.5316995773175,-38.90963175551398,-102.15307450305377,-26.88991297700388,26.576658217670875,-15.536652685153292,-0.5989360254905307,24.73805244000276,-1.020341132268138,-0.21890503895895552,18.5770003039312,8.853897908062711,0.7558357257560582,-0.43487227980978904,-14.549836977305674,-25.494151351212697,-25.35901980086941,-28.27661398954666,-35.262674121287766,-35.35579537873541,-24.929587216336778,-8.72313406825608,14.043086973244614,39.7045645465053,52.47153175797204,60.665443639193654,85.98179813321464,114.33068510509823,127.89039349133768,124.33058502548576,80.49691582738221,3.557976987937275,-45.516264153503755,-58.72248881654811,-77.25095446836751,-90.86194861869562,-79.57720096055064,-66.08935079075383,-56.9013921416487,-41.593248209170504,-31.578665182394744,-29.018219083161668,-21.913305313729285,-14.754230738646651,-9.863495005563713,-0.10201197852629207,5.551620332077363,-1.025615276761103,-6.405510145038022,-3.1699625968511818,0.06501317870401024,2.4098407760882488,6.470713097007251,4.313683633269999,-4.247676174907088,-6.283216353907469,-0.38399879342305976,4.493567500597148,6.613202481392374,4.411955298017874,-3.533093662008251,-6.726105385958111,0.3135044457032654,6.024938732394867,4.79009681259566,2.626401007781863,0.09771510459161048,-3.707677432017569,-3.7928135149011393,1.4147705151269536,6.854198608747174,5.288748779676794,-5.423547123656894,-13.619542777096882,-8.172878473615878,1.5050417270192118,2.8250468247932883,-0.6634483512852842,-3.094246797493971,-3.3923782072172264,0.1216103667827455,3.695246137719507,2.821440619227352,1.9377462503762009,2.140570193878725,-0.3214633997476728,0.5092605547143529,8.0288739982295,10.138872096073069,-0.582582705083595,-15.606573897971145,-23.52836260901264,-20.355324159327317,-11.88229812139587,-0.3942667319533415,22.085820713218666,45.31983585008359,49.172704847986225,48.82912495734306,54.189403855150786,30.398412116449652,-19.808500239330915,-42.05474166426388,-33.29752150042265,-33.00552718658739,-44.24986948047474,-50.23543544057141,-51.66326363757668,-55.315888109569684,-55.36340364430604,-49.39707856456893,-54.8042912461076,-71.62472324845919,-101.59714560401679,-117.71670455232632,103.1836535787296,613.6302526579502,765.9746327016643,126.3169549890484,-507.6555898952482,-395.8164901823485,-68.88718942339005,-65.84742488947683,-92.03442487795476,1.40784762500801,8.615523669106103,-18.621105708913664,18.69586280661474,28.50714114985119,7.906888684464816,12.27464599462107,7.703676359683865,-9.105664342493771,-8.84928468188981,-8.61855495687179,-16.47824865241803,-21.492969039518233,-29.046667354714415,-35.81921164410259,-33.19374335880114,-29.23437505651298,-24.88494701341088,-10.405458829294751,9.563403552559205,27.69255529552445,50.28732388440816,76.2353742657487,92.68756139478353,100.71799427394139,108.03767962931197,104.06191959455992,76.153325132684,33.80643738236342,-5.718728553325412,-39.16998236800984,-69.29857390242854,-86.43631829459281,-80.71768938330547,-64.94598605517447,-54.52286210168927,-43.55109436627127,-28.111675394817397,-16.440649040651355,-8.285495205305738,-1.4003045976566817,1.9037081186909663,6.233031745522156,8.977600393387034,1.8213958200484157,-2.427161817954394,5.960479544889981,11.748445205040712,11.21784045339993,14.762760633777278,19.04998240581587,17.01329210366531,2.163267058769005,-26.23359927143346,-41.37099306456106,-27.734616934860384,-15.150935445552967,-18.63876279043642,-17.463670863941566,-9.602870967927391,-6.54377184858688,-2.966408087386842,2.198392545536339,0.8932859291571589,-4.035403808240172,-5.5963682138146496,-2.984768959923838,2.062144588660205,5.233440991802694,1.6263732602251837,-5.302572732102042,-5.238171953295314,1.6250198696221512,3.4710999704625243,0.24840504421367804,0.5112154603661798,-0.9403085290816451,-7.556496871625535,-7.98538532508641,-2.1790215240349418,-1.4085377102754357,-3.528305043008548,-3.2641594406999683,-3.9934040312409813,-3.457003637970022,2.4828142918373626,6.138414932065528,1.3634854016597635,-4.0503743035062385,-3.074767749771314,-0.005465550381538398,1.2105241005079823,1.828523085931058,-1.1492718966945246,-8.478378696312365,-9.756741840963606,-3.5544783725479436,-2.47047179000833,-2.7946921902272606,9.157792098744226,23.925380784734298,27.996016248368093,27.698304944421544,24.314355469095645,9.199023088297439,-10.604487780465362,-19.121632792429168,-18.285462227507132,-25.37335816797994,-40.25117121497143,-46.641303276814504,-51.58972243593061,-61.0988442206908,-55.5363003854976,-47.71156789730624,-62.17715641160406,-95.06578254738236,-127.13319385821396,21.226792697121226,499.8065610170822,807.2495996834552,329.7934985969019,-397.79451663464044,-455.1410076023161,-107.63437268762858,-32.39965327162575,-78.6257485584986,9.957473192699805,30.03114103044888,-49.818026798675945,-55.27856022057816,-23.693409699622148,-25.11681632925883,-16.51474169230486,-5.575285444451337,-15.768012468236272,-18.753614820891094,-11.650265219506545,-11.295248899183882,-15.051751050814746,-23.911013871930255,-34.66566239384604,-33.75176405861461,-25.71930354211184,-20.196837789182677,-11.129833932258833,3.1499993207678703,19.00018269767934,40.68610559618453,66.01514498174683,86.22792654712725,99.40955341253971,101.92318581723302,91.79680377729373,75.35102491602967,48.35679566952916,6.123977191452279,-32.93117110851667,-54.85515882956836,-65.20243430932881,-62.282380849354475,-47.539472170950134,-42.03750524532272,-49.84001462547931,-48.31656119182102,-32.43693672863208,-18.733545333002134,-10.558726275375692,-2.07069162018251,3.277716583057744,3.9522621932130075,3.055315765702243,-1.9550541702845727,-8.05877303419565,-6.692022401714317,-3.2187164272772293,-4.949670099397691,-5.72317047273566,-3.2305937167709153,-1.4224227057526306,-0.07611079992072689,-2.3098553896546603,-8.08348670698873,-7.870160004514341,-2.9331086810751223,-0.9887980441942847,1.6623913135736355,4.169044984643925,0.17702821685306347,-2.4920700516063725,3.049260274214701,8.94712981648588,9.566403534946716,7.415497926006166,6.572408957207367,8.537406350610315,12.481103229812573,21.294390020543524,25.302515267875755,-1.0377159680070118,-42.694234833772434,-47.61354423503427,-19.96775882920324,-9.714883454032684,-18.11295045023296,-16.880732888520853,-10.537932069982357,-10.218205017115334,-8.394752222437877,-2.1507114402953844,2.3824313108949795,1.4754497973753473,-3.510553061090251,-4.70248611693627,1.3957117663746565,4.423937740354452,-1.2108515525652042,-5.832651945134437,-5.123123305999741,-4.385829289219149,-3.3152792305835748,-3.3307134696032383,-10.332471940467855,-17.08431574490164,-14.455567077508201,-5.527183194035503,12.26358608627857,36.26760442009539,43.83574821332038,32.40525105767742,22.307362072150028,12.080877565354983,-4.9545456749537164,-16.0819445354483,-16.81146617598776,-18.58988475682586,-30.986048921338536,-46.25286069786557,-47.47160191717765,-47.25984899442574,-57.61969424607605,-54.77215196795698,-51.06254244194886,-72.12361806526455,-97.67331184785655,-115.06947138074693,18.860397811254785,472.8410781648434,795.6342608457993,345.47946830197634,-392.35876088719186,-471.42486276977274,-124.78117937879843,-48.54521309902541,-105.48230779910895,-24.750305794782534,7.055404940144285,-39.63938553820665,-16.25198985472108,14.155333255703434,-3.904837313435003,-1.097573015531884,12.978400566239522,3.538139436298769,-1.912812851442279,-0.8882636835624869,-7.6284265036980905,-9.150459337071304,-11.97128177359092,-31.248726534612963,-42.62732491181522,-30.047256362550925,-17.11968911341006,-6.779949773707121,12.702072132068317,18.133343072085385,9.067958284728466,28.545105048074486,69.27225322378852,87.78315940017546,91.11231029844092,94.9012893092559,77.94171020638379,35.817601014369814,-7.200023364857142,-38.22715999272396,-59.09205750903328,-71.7730858317968,-72.3492354216388,-58.87275903790522,-43.88357844005933,-35.08402875615844,-23.14588910147605,-12.177147094064175,-16.135262939595926,-22.96519292648221,-16.146859589145734,-6.744106757987971,-5.465306061709743,-5.00517009789959,-4.545327269311077,-9.733709812525873,-13.771848475757633,-9.427502045127424,-4.162939666533855,-5.071276482982945,-6.852521599163804,-4.369558770824197,-1.763677023547487,-3.868681659874822,-7.31373679862252,-4.766774690336432,2.3809102214691533,4.782334656641174,2.311286666610915,1.5873152025300632,-0.950765138662403,-6.253119881334394,-2.8423601018657485,5.78612095220012,2.7022842786636394,-6.829593483668559,-7.729216991151809,-5.036840575263238,-4.663901124074924,-0.15336599432711862,5.830737783813381,4.8236428456548435,1.3378587390074879,1.650102244484164,3.519474005687844,6.330987078877666,7.709767964071808,0.9104381807866369,-6.070140929452384,-0.05744229920295152,9.646408806212872,15.116714798845983,23.194567912371127,15.952387918352617,-22.221708114148843,-50.134583590455115,-39.0857944954876,-28.133038340316315,-37.772335090146825,-35.267073864635044,-9.43651972457161,17.309896145638476,32.5426022086822,37.841096048753116,36.560380490277005,28.171443082518515,13.136114090322806,1.9453257712407157,-1.7662166741953342,-8.110205947094075,-18.919028165297505,-27.11993362212656,-27.24057972522943,-26.23323373844397,-42.17574372161664,-58.007693540322194,-48.26626929759888,-49.21986772551476,-77.31810000590278,-108.82502669674811,-123.27538645281345,70.86603688030235,565.2040119263071,759.7763036855413,163.88457198936652,-485.98422277647234,-401.2909465377586,-65.23214183075913,-53.13830591192513,-89.77361520212816,1.330786313416347,11.70468194786502,-24.567722848870567,2.4107670245660495,9.134925997465022,-11.255195649080248,-0.3308012508469709,7.51420206559009,1.266448951041463,4.074569747674504,-4.731480768126513,-23.22110711244471,-24.98654298689767,-22.215144888383307,-26.136063199123555,-25.162178309599845,-22.723568478219278,-22.080282187724343,-9.3508648041242,15.419293559334271,37.41744825440626,53.1594335315112,67.95956049203315,84.2703443915191,99.10536565931574,106.52111596344625,102.31909431267152,78.04384003677315,29.81031853498719,-19.61115716379999,-47.67638493042719,-61.4476071792885,-67.35923589696239,-62.672496510496146,-54.11081646035301,-40.998914281004474,-20.8626427850742,-5.44644773030663,6.711540624749912,14.101283171333558,-7.762680584579822,-40.54809762935557,-35.97734232907733,-11.375161659852296,-5.650289336682484,-5.298297302363267,-0.01726252260072414,-0.0566247720013493,3.7231901768226088,8.221128634373207,-3.8340846844393432,-15.697733495424142,-11.609075750394197,-10.554914792270633,-16.3895264834102,-12.081297811021635,-2.759070829461182,-1.4820698029941433,-3.1992026490985115,-2.101453440672829,-0.32182521054939883,2.324392001665002,4.28651199888899,0.5530895889547223,-5.235335141738943,-5.010862028591077,-1.2968744417101856,0.148740459409606,0.6459173181301248,0.09512253276977578,-2.7313902738619698,-3.7384580540754233,-2.3210138631251023,-1.0189143601099038,1.7131559144688315,2.2059993934454667,-3.230130323618707,-4.214606451758392,3.518621648155647,7.438241132318041,4.159907504083559,1.1573363119231304,0.22333174306815828,2.6085653226065495,5.957057302603726,0.7359323542022911,-8.812585425669532,-10.24612586565832,-9.11255208194438,-11.892226984162821,-8.854603370301193,-0.6187811332136928,-1.9450713247499891,-12.398477493905245,-18.301173552237433,-11.407070313568585,9.610501379157022,32.62474728184835,37.78795027496571,28.29567109462788,21.32535239264909,13.977501857968642,0.6725555855882916,-9.976758266809357,-17.008934722143543,-22.778737051995734,-25.142653902080692,-28.345844324014035,-29.939786721602815,-30.121563421836484,-40.18292682139887,-44.36941406738603,-34.820198293103765,-40.674034286870636,-63.19787459961768,-101.72087478781161,-77.10020428542947,255.91265414441824,742.9346637654259,642.9120429768404,-101.52064171492862,-517.4201415852947,-283.19879662075675,-89.78637252869757,-144.22812941772193,-100.73980432033176,-10.899832742949613,-34.31668988313119,-38.668847973366766,3.911571859178114,0.9366789783064746,-5.018054578371942,13.852756617202223,9.555670190084683,-5.690292462854318,-6.996190580904143,-9.578428643615336,-14.931491589771856,-18.55381102133492,-24.335476115714425,-25.663314928144693,-23.08705125230982,-24.787482069798866,-20.888108476515406,-3.2533669213589356,18.030089339735497,40.116402790632485,65.32944062306848,83.37396616105909,90.72678334530465,96.20225700258948,97.3260089504891,84.5560980043303,56.30669882254499,16.399861456955207,-24.41767984289888,-53.817113801286716,-70.28379280895777,-74.87178833426732,-66.32778882925832,-51.622813599857864,-40.45982773105329,-33.803433057678546,-27.138795071795283,-17.81490593084724,-8.418575340002887,-1.2647806310107708,4.587718870385219,5.434884039383396,0.6007916791271688,-0.22276020823506748,2.673573243078244,0.856361422940406,-0.6004132262297155,1.8309909748945046,2.612431932078591,5.430557259513151,10.899374826423298,12.177676440621806,14.20109557589714,15.07143858243133,3.2029438747616976,-7.04126321366118,2.0124220685401752,15.58773858046549,14.668210377069425,-4.819689324483214,-32.81786081675066,-42.353549040992434,-27.699562921140107,-17.481986109605256,-19.58312480316969,-17.395963974522974,-11.314710978560909,-7.785487229096368,-4.28687143127738,-1.5377031708035602,-0.7220428632683387,-1.4596958162728626,-3.2206665324009185,-0.8362949511009852,3.939249896452199,3.1329726396755486,1.6510772248753351,4.657247266429968,4.27794615459915,0.10072525342448824,0.05929495793881978,1.357279049039347,-2.061565020186287,-6.593358518967069,-6.615986569213401,-4.278807082596636,-7.289759271035475,-17.772584493019718,-26.992689425281597,-23.6234286373613,-3.5464278066762915,22.989605837314738,36.53073591966545,34.605177879267394,31.993483272160237,26.96235652587447,12.43891926025221,2.780414505503564,-1.1235813371086545,-16.690298293245725,-33.087735212923164,-35.576138225946494,-35.212399849211465,-35.94631498931506,-40.24024332462447,-51.33048955842308,-54.35534634480028,-55.67765877465412,-69.22753924856556,-93.13238215028858,-109.19913507279088,66.51660308511356,544.2160893590235,775.7370592989023,229.16836992442285,-446.4884481270491,-414.2262534276666,-74.17828487211932,-44.830428253552725,-97.9399098869746,-22.43330371426795,-7.228568465937684,-32.93977825796984,1.4726484227747036,9.408557465085751,-7.367259868936458,14.318185572141388,28.819167093981143,22.701300161140495,13.331999731721833,-27.055680688886028,-65.916468817861,-54.38272089683644,-35.39535997440641,-41.16839766323499,-45.18992477368578,-41.90673760698897,-35.92697470488538,-17.597413212379227,6.9482614215206855,28.056388084095325,49.03535127536155,70.32605103601699,89.7934684990595,106.48488843410274,116.63699431553277,111.98294621698636,81.97265224018275,34.29835535130677,-7.568742235687398,-40.22630232674402,-68.23307619827324,-79.91261590362683,-77.00236808765301,-72.76348669731351,-60.66488982308273,-39.140161055362995,-24.115947987803267,-17.577545642205965,-12.779079124243239,-9.972755210108696,-5.973949169267666,1.1048137787867223,6.23874209048092,6.663516177924414,2.5679862867101733,-0.8551406942255664,1.7467278366684287,3.028298263848999,-1.9398881735993339,-5.328608177538577,-5.911612750032097,-6.954360543183564,-5.695442765047639,-3.4502887615832805,-1.7122988152631011,1.7366373930631873,2.2820551120141195,-1.2292672298548437,-0.6095437019117873,5.267920108721071,10.534844500775701,9.965726905147982,4.1121739675857665,3.132268388867195,3.9500324384422747,-9.306461638317936,-23.318005003701945,-17.24957190620007,-9.345300525882372,-14.390765391746381,-14.21912697890485,-6.016030809193045,-4.969200504146389,-7.061987737926103,-5.178415574115305,-5.115153278027541,-3.0382831164926065,7.691269314416434,13.396976210973486,6.083656577517673,3.0626758333151574,10.165588214884545,16.195648977819175,21.865079798762324,15.100000105744234,-24.75214293516469,-63.135358699346696,-54.30855584207139,-22.656164226675802,-1.8568374733194988,15.096444820684479,25.825625596377936,22.42037257622485,13.145999394754025,-1.7254740547115262,-14.715479604193977,-12.645244707732672,-12.447317209581316,-23.214087672614127,-26.191678979203562,-21.593053182552243,-21.17296384797183,-30.227491587516713,-46.42625307847991,-46.94036800597265,-40.70577999499265,-60.38351375988995,-89.99468459108533,-122.45962205482358,-54.79140845814989,342.03321956192315,772.9398354696069,486.70530220832734,-304.95752081280295,-545.2502956527329,-190.4140798356199,-34.49772887190016,-107.58064101227995,-41.07675211137331,24.441798142378154,-21.999955989316355,-13.081261061490604,25.155705158714323,8.773013496459976,10.040833201251338,28.789298412510483,13.213664756180387,-1.5495199742669854,-0.8157126781815744,-7.435930117705667,-15.993781337774097,-30.712458102511675,-51.31839287538258,-51.73965681220237,-39.68014901441528,-36.95558533961236,-27.97607275045119,-4.645036462396604,16.67017188975991,35.975683497247246,59.79059293765893,82.93801136054435,102.15656763781038,113.56436633392116,110.20229012031157,89.37073902329448,50.191885177678266,2.0635029587095515,-35.67635968677486,-56.1326717288008,-62.314892056018834,-57.40250565698226,-48.3478962854398,-35.03340176405325,-21.856035356531983,-30.942516056967538,-53.93084170669785,-52.877100095055766,-34.205503443944664,-28.176885577821025,-27.71444651470795,-21.537807867001867,-16.357153181628,-10.555067657626736,-4.476076185893898,-3.6475511288822773,-2.4136562280331297,-0.2284864591464082,-2.0614583616164968,-0.5471251237165866,5.479295050132633,4.622563166965216,-1.3941657448697278,-1.7688226429713296,1.9398678239757743,2.3854657255556324,0.9721085312323456,1.5683802442000956,0.5770889462636681,-3.227994104174919,-2.859107063486281,1.3309459557700718,1.6158294551228565,-0.9425982868816898,-1.3486650737972048,0.19578152894108447,2.3059674257974567,3.5131882028993866,4.494348220580026,6.154524958199705,2.145958139531324,-7.061747189435,-7.367217218729121,1.8553608022603494,5.88479990440162,0.08112549013508996,-12.670536154364111,-26.71660993698683,-29.538959476083626,-20.759970901911153,-11.911551444614341,-0.14374165174088893,18.33487951189609,31.041295606762272,33.84646916183212,31.406407095261343,18.94744312616669,2.6075471961017955,-3.6511888628139753,-9.029919581518788,-18.417386932235885,-18.53057539893912,-19.858203192736845,-32.36892470450191,-38.16993138676732,-40.164729067365656,-43.80490310976013,-34.810907122958845,-32.4737396500919,-52.45202996624529,-87.1095515372906,-90.10930395525105,159.9115866037594,672.9548350103968,762.2475707888133,52.6311074668437,-572.6533828422148,-414.91004150729987,-83.94961354241077,-91.77682449311413,-106.64365067401931,-9.828744459190531,-13.411506761178842,-37.11002829385062,11.794835397062613,22.330981568984903,-0.8857146390570314,7.392270406638177,9.063212772531148,-3.4778853154799894,0.9219894092196705,3.5254775804981424,-9.490560437071817,-19.892240912876076,-21.09546373520329,-19.84012076654929,-18.164284981962346,-13.370755910382936,-7.735255609859709,-2.5246428255992672,13.5540315795493,41.65178039406536,64.33638823799582,78.19332096298257,90.7470611417177,98.14613891188193,98.67968198839648,91.18029665003488,64.24346196312868,21.413997198596363,-19.452081411931704,-56.137748015184,-85.67230630056481,-89.66227802438772,-70.77264540697726,-55.73777990248697,-51.27359140591421,-44.05523061022702,-32.33070719888084,-20.353202237665386,-7.163187740531354,0.4324409185733984,-3.288762949946973,-6.356066727827901,-0.8053904595659791,5.751535267520844,9.814316385545181,9.60643697360575,1.1648067253711645,-6.098057364554089,-3.1773059284677334,2.146946763625376,4.549697163398586,5.326629334301977,2.159298485204287,-3.7920223647710376,-8.821482076987508,-9.316519051317712,-1.4689525851179939,3.6026175045840523,-5.619707309146514,-12.490251638278616,-4.338910116229494,2.4929521893780895,-0.2393114925025892,-2.953178891269928,-3.197580345632004,-3.927863135660764,-4.637624122407848,-0.25632442714920534,12.129061061204627,19.50782649296176,13.3524334704077,9.133155785393612,13.53462038230008,18.052070797733617,21.386880277827878,9.53962833848811,-27.37817705244573,-51.737530059587534,-39.465731290125674,-25.898371298729746,-28.635697596334452,-26.773606380670337,-16.454925725306182,0.9068116006838767,27.47755807911984,41.613977327126285,33.980501018956645,24.953669395776572,14.580861266734122,-2.1830462344377812,-6.34674931059099,-1.8878450491824106,-7.69528128012604,-14.00163335811205,-21.870741497713524,-42.65566343834482,-55.25974925654841,-51.975955987335055,-49.913046731308526,-51.026003914657394,-61.335484572145496,-77.90611207369957,-98.83167265068934,-99.44237919575762,128.5401111636498,621.3550984289872,736.7991195404943,85.02343323185784,-512.4309162940384,-367.9434616052034,-54.79874927762452,-73.050481138428,-95.19512903543327,3.733678683815384,6.6650032457998805,-18.242833657427557,23.81841182891387,25.513688907737215,-6.60741487753388,1.7651296721933996,10.573920253141742,-3.482736760611721,-9.759724586112728,-12.026364019823912,-19.629100559925334,-23.327388850856003,-24.151731050495243,-28.269779243213197,-32.96586583726155,-32.115958625609146,-25.829356962635273,-15.438527731042967,5.617804348505832,35.50717685057379,60.27216740361976,79.6403021726454,100.38446114821495,116.16741089129697,120.61766227296216,111.1530698036846,83.93917192626583,45.335488657476546,5.195184600882747,-29.132161719648565,-46.5805832093463,-58.30861503170385,-87.46771714144582,-108.31943911817035,-85.84624096518044,-52.897578966256916,-47.5564562415762,-46.72729744953773,-29.45577505412337,-13.467672394165081,-6.660280454431817,0.7249718360523119,5.329015725311274,3.4367947441337776,7.470336763003903,14.0271310099704,1.279879731057033,-19.410968660319188,-18.759787223968697,-9.261169980153236,-12.288829443575679,-14.614545748324321,-9.204536426846861,-6.8914534894079384,-5.625241031256223,-2.8050005392971364,-2.5689832501094347,-1.5285837383148575,-0.11724895116660683,-1.9172852557589035,-1.6001937612531894,1.1150165132557373,2.099927558580701,4.1859756049175925,5.429071365512338,2.932153278146112,2.927512728669501,2.9128348137765467,-5.838223004637535,-15.042391702686935,-12.801510084413342,-5.891977776045633,-5.6668552081568455,-7.953509228995115,-4.096630079075032,-0.5836603124252999,-4.057076976052401,-3.39418739400558,3.571900860339854,1.5636613656592262,-5.184979327197371,-1.4972058794210716,3.275085428495622,-1.5828791991985574,-6.992431057196667,-7.9500899494209785,-7.622470946619689,-7.56670270463879,-11.130548566889527,-16.571024307423357,-16.780238648705645,-8.362160657304416,10.93094486414079,32.91876129162287,41.58140604092031,41.33406953432205,40.24585475447496,29.525123704796528,18.620722576939094,22.31911657114174,20.365179427980166,-0.8976718333140603,-31.26943293612497,-66.97485244159238,-83.12345138602315,-62.551816896190076,-52.56133506062774,-66.77115905007392,-60.683344654230126,-51.15593245115967,-68.25254647117897,-104.01610029911988,-116.4585039799971,111.11495190704602,615.677534511036,743.3280202408478,94.91509058749357,-507.38845971169644,-372.4108072978214,-64.27321024679978,-78.95362828007318,-98.5253493343,-0.500968894711761,3.8066343083380616,-22.760905873892817,13.346438550692149,19.04261261059258,-1.5591352965487033,5.601196326844167,7.005946210340026,0.9598327445350785,5.609079473663719,-4.146267530637518,-24.329673925262043,-29.207448560297234,-26.4152673764622,-27.631551948321444,-31.311906682565084,-33.954573431379245,-27.027623461280385,-8.475751555393899,12.26404136020258,30.589125372525288,47.84828357631807,65.96519122260487,88.79591216100417,112.86739778410606,122.99922198352706,108.9810308867882,74.85871464499081,29.846228684643172,-14.987895531702506,-47.68933769623824,-67.25808039947553,-80.71331621276565,-84.3277694484772,-71.47079195790161,-52.244334132242756,-40.251428937825395,-34.30465557580197,-26.53769744244741,-13.230944105593792,0.7763932606414805,5.154025674865672,1.1968306821195185,-0.30943810225723567,-0.029762327785181952,-0.16690448928554247,6.12209876244857,15.067709816636118,20.076256163338076,24.01221046023779,11.812096733419173,-26.156852947845653,-47.648450553480906,-26.887386285169256,-10.682338065047027,-26.31880768412241,-37.19892716624135,-27.807971445018936,-20.047645817754347,-14.807301904851542,-2.4381481601661505,5.698949980479053,-0.08598485577232395,-10.098100938357906,-11.89087206155051,-4.02846534652519,4.353027642502077,2.49844955622806,-8.236123249777872,-14.001790856780847,-8.080882726665966,0.4494515636892551,3.9397984923204374,3.804264190996058,-0.09924820107159427,-6.718878041607688,-9.141526703870262,-6.2460844024198074,-3.7775065217790154,-4.748644227071997,-9.351249378907603,-13.923801341394515,-13.495484681649874,-11.646393181392174,-13.351231512299119,-15.266034394869706,-14.569392698844393,-9.919598341274547,4.057934011058661,24.78451538634787,36.28855488670572,30.045959336853386,18.243812530626165,12.808600924328452,8.106243649268745,-0.37238258064308116,-8.313881603964713,-17.01661088961508,-24.57636995821009,-26.100393763293376,-27.267822629863698,-27.54460810290833,-28.333804476266785,-40.41954454221901,-46.79683487298912,-41.17263643087314,-53.49393089118346,-83.24226594654576,-120.94258581064875,-63.72205098897396,312.59827208148334,751.8673215129335,514.370063437391,-263.2962741944033,-543.951113482165,-206.50400151254317,-32.04009029227683,-101.33153242297017,-35.97541357423743,47.4138372844025,7.716592240536073,-0.338132132249644,28.80087719161991,18.255418746831822,20.8138037114432,35.0149909253116,8.748438038876792,-30.477256456279584,-48.51966222544563,-47.73891714616464,-37.27452381195988,-33.651583861898445,-38.557262189641506,-38.456856174001636,-33.575429711452145,-27.22463432245309,-15.622462591881472,2.467477806517145,25.521659574524467,48.678771814896194,68.98686740925027,90.77870365253513,111.96657521625336,122.34129562128211,118.36365681014989,98.30873314754807,57.333328615337905,5.126924405525305,-36.377741064640624,-61.72398557507873,-79.15673063186912,-86.02541675373921,-78.21179750467722,-63.91554897462905,-48.810183244599756,-33.70826750746933,-23.24550101244163,-16.981520026706505,-10.272932059694506,-4.805915820016004,-2.1451185850051786,-0.24211980051356718,1.1579730048211,1.6282864792210923,0.7266584604487321,0.19493633840193247,2.81970016317882,4.057110984386284,2.36687745018346,4.672771571707818,4.23537275820383,-7.199121065439789,-12.366391573363584,-2.992558149652477,0.3160972552430561,-6.438023545881451,-5.989183363367793,0.9952686182702699,3.47493918951937,2.39838372244172,1.113229117009341,0.216833021845522,2.4757403273161653,6.223775355969707,5.779014230399837,4.513408377392727,6.782864585413636,1.5557972355700471,-13.237165080081684,-14.842713402855377,-0.9762305838948011,4.523003337847992,5.0438883739825,13.358522109573315,17.153325345004035,18.44064976939863,21.509718652339387,-2.0351961206860736,-41.97836161173044,-44.924411066808325,-21.87397530922657,-18.676559710316837,-25.65528168000472,-25.834083444417196,-26.343327907906474,-14.322051762247842,14.68034630207843,30.853152685120243,27.11724822017386,27.048036486674448,30.003439944289546,17.465431986506932,-0.7840068727429603,-5.953099952408521,-9.370139123548467,-20.703842102899117,-26.342605556885488,-25.470185941348944,-27.585692369837844,-35.46419927091911,-50.301806592635685,-55.94505095177557,-47.84716192177508,-52.45061641434741,-75.69307846600385,-113.19729812126963,-56.65888169844669,320.64078602596516,771.6971448242859,560.9246858354212,-211.00481396496457,-527.3397521998681,-217.3622634399864,-32.93861559225716,-97.22741324983512,-51.02395536500915,17.728498833440042,-23.518139424147343,-28.221722120399157,8.678994478567922,1.9721650425743604,-0.2011237302323874,14.291099934603022,5.1920397745898565,-4.865868467986685,-3.4801638873564147,-8.6585570889119,-12.092308332938945,-10.527219160280824,-15.856310464024999,-21.338113318243327,-18.076160784490728,-15.398014870802992,-18.578545484908325,-13.77173952338906,7.783218529974025,33.1003639435378,54.79907297659795,81.8402575871829,108.19716322827165,115.43779009224193,103.92297947782193,81.10183318139497,45.208449459554444,5.743666415074186,-22.053391885784116,-45.116365217718325,-68.80437287483153,-73.7255162233716,-56.37007983531984,-37.87834234804558,-21.28487254719034,-10.524354415807132,-29.67003138533509,-59.67468811599329,-51.343764271683966,-21.482509756135503,-15.32114536101777,-18.221441165394634,-7.898190802246681,-1.7650438617764266,-3.212110883265048,1.6499497171953976,3.860910892128633,-4.463900385643756,-9.249957100769878,-5.428624173895823,-2.950142815663934,-2.081203534674703,1.3370139186730263,0.8547675142169453,-4.92464969241662,-5.334761851826805,1.197972496114435,5.990789322492711,6.141771487334711,3.486174276830878,1.0390017105042997,0.2832625187375255,-2.5118652427386596,-5.891174106870175,-5.736799449981522,-7.970215172985236,-11.641212958310486,-6.652474092768742,0.45568204393725154,0.8590887094104049,1.2096180537913659,0.3832054518569832,-5.922833244245929,-7.123469583706935,-1.5369073632119372,0.34471534314453356,-0.03526742214915268,-1.0363816697608774,-7.963039349730292,-13.943839976840646,-10.754707419605806,-3.544316478046813,5.5418662598530535,16.871345508450922,22.486584349812432,22.483170642842996,23.995686584571644,19.297497224333622,3.981669483350703,-7.526831710937957,-12.643958999547065,-18.502073566375007,-18.63977637795955,-18.34598022662599,-31.27123012548378,-46.71110157222125,-54.98171044249931,-56.20300643155358,-49.56130381846756,-52.80966100905535,-68.97911747331416,-93.07106294013062,-99.14321766408267,117.72572684996291,606.7159141175,744.6093248971724,116.63244671310652,-492.29891453979735,-370.0334819723177,-50.58489281946395,-46.257652433458716,-59.92230702391224,16.76862027763655,-25.827798944826554,-78.29799405162419,-24.62305364106833,-1.136022954957678,-20.403523545964866,-4.0540362607651925,4.002430431025024,-12.713571913463174,-9.936144053907782,-1.6908901587519338,-8.697528414397013,-16.117019046294395,-21.577808816663374,-29.45446614406588,-33.02307870523846,-28.942706117627118,-22.294966207953987,-16.940532912037952,-3.770519926843191,26.550047757834296,61.276784108313066,85.44325917522036,102.69942986621999,114.4425543476738,113.72651479752955,99.44610360776807,69.52363940263561,23.610933104329565,-22.658022198667645,-55.63802007167232,-77.37062186771202,-85.53399809326963,-74.19288480420136,-55.163455170728824,-47.08275282432098,-50.63658223568445,-50.76517707086056,-37.4096951126413,-18.321875687737574,-6.542925778916729,-2.3872586970776446,-1.4139437737903648,-2.51471763176259,0.2811695472767539,6.68268433806605,3.024256191967286,-8.995161583980572,-12.524354056355387,-9.923659051930791,-10.606707366785889,-8.258744045981242,-4.330438400780151,-8.39159419028053,-11.635394534666055,-7.205229802468795,-6.967584692042179,-11.135251069214293,-7.941865182486257,-0.9957586031868289,2.2336369149894626,5.485400033502072,9.066932801320391,6.678095890913326,1.0813249509577059,4.085269324861548,13.699510932445389,13.531267174006107,10.02109453013303,20.031344800308077,16.431082766048753,-25.713097188183728,-61.37573436764656,-53.72021840364289,-37.025555413245904,-33.418276233903526,-19.492493228016134,6.096550220217782,19.093483019290158,17.457639859253163,16.677015901111112,16.118957701061955,4.15721498147969,-9.314401121090773,-9.89205676739422,-11.947737643666876,-21.37680666363588,-22.961745410385383,-24.56330155972288,-33.000920850837545,-37.63541565075835,-45.07483774309803,-47.650525931760804,-37.01687630268716,-44.49944592817004,-66.4757764447393,-93.39516978980684,-81.96353049168015,204.73039628737894,694.2299923443345,642.5474793134147,-119.11476447088401,-582.4951880911027,-305.8796230359294,-40.19042189299961,-93.2624292317536,-69.1840601834859,25.288176244835626,-1.8178671822143215,-15.784452363038618,23.91636380595211,7.345688118692516,-13.594697291025788,7.25455048684208,9.140751250809029,-3.6660460782508864,-2.299975396048623,-8.76207576223804,-22.82558566548159,-24.563896145953798,-20.289569405779524,-21.222941928357372,-26.316586291608658,-25.296750305477424,-8.540124173489804,12.85368453979797,24.34376390046943,38.48574853167208,65.67533576219142,87.99794384194887,98.31344834811965,110.77212756859728,119.39562048642213,104.62767012494002,65.86598464379972,15.202398182979728,-28.354087472733546,-47.99225259242888,-51.162312494186864,-49.95118574822323,-47.46476118449148,-58.99219496939778,-80.62339983706454,-75.15847158063056,-44.73730751624568,-27.11640755118852,-21.153591518333428,-11.74743513523265,-7.34581602595987,-6.150676154603552,-2.593770752341925,-6.205151104270676,-12.05334156761204,-9.71607550950821,-7.796583897253845,-6.8986358073008915,0.6031876319981695,3.618044079579315,-3.5636900472027566,-5.732898133925913,0.6947201150998685,5.448514368986695,7.153648499777108,6.799829316788648,4.700826508184848,6.8758685515395275,8.652342181560453,-1.0866793726180823,-11.293824635262284,-8.783499229188243,-6.251010872986246,-9.79728320620676,-5.600258935382276,2.790293891848111,-0.11753775483850326,-9.91971868235526,-17.60763687599738,-24.40309568179345,-26.84956471078479,-21.255379040810592,-11.423854328746087,3.6664010768233446,22.04432144051905,30.606244825611377,30.592178597415618,32.82270889452508,25.83466432597834,3.1855695399429034,-12.055022945563554,-12.863268324443988,-15.084551610121284,-18.930246993240832,-21.486033019793716,-26.650611934115403,-33.174717750189224,-43.22414273348793,-47.57163118565381,-39.70209510118231,-46.31762693837924,-71.66525799649389,-106.59057889517243,-99.29373020285792,176.92448131195786,681.5291469585208,709.0182539805082,-7.768348413013143,-544.2453779205681,-337.1419076180897,-48.05017462513696,-78.45123873453485,-73.11020451285859,19.098159329014194,2.108853335726259,-13.962751238730288,32.54243981374432,36.428256519700724,23.14069605469998,18.64133081258755,-20.769383411806047,-45.11361047612547,-22.707638018965334,-14.35950878042406,-26.002550402418002,-27.75930815289948,-30.237926824001292,-31.57543028455285,-21.54903778352059,-13.752308916907715,-9.540116762661938,2.0738187458290565,22.070025562163263,48.48587850620284,69.77610036009796,75.92495625674705,82.65416324209255,100.07350380581912,109.27626672478887,95.1761711270328,59.97585573498987,12.10715990028215,-32.25208206847193,-59.35248734256154,-70.44991044856543,-71.51024404475321,-65.55741820153489,-55.79416316567756,-45.81158460338893,-38.763926504522054,-32.947915653788016,-21.784257907421047,-6.461517526553575,3.066983833841242,2.9518197762740392,-0.97995507464117,-1.6037833345199548,2.0085015286898553,3.7386147741842413,0.8468004906062037,-1.6097905728858377,-1.6511427967557006,-1.2353068651062475,1.6277112757500825,6.829015725656663,8.324640658028168,5.03210183243789,2.616749363778726,2.68445196040241,2.3973099352464278,2.603744693289519,3.177339071054406,-3.7773717881545945,-17.990470026910764,-21.94579556157649,-9.806238811050576,-0.529033121697478,-3.5984030324885996,-6.734410401901729,-5.285573229308111,-5.258936648535288,-2.976649252241609,4.216437291693048,5.801898610396768,0.319622919528622,-0.23871732166550608,4.832056018746006,9.860985573583116,12.21019652528237,-4.0360302009909645,-38.662831887908474,-44.95236738945738,-6.859704660173464,21.570918720804897,18.47788374396771,17.82932534699574,19.465060736473554,7.616242024761352,0.3677033971977952,-4.637845141897609,-23.762021060682997,-34.419262806376494,-29.498100194069504,-33.28765295506315,-42.31015317814582,-49.72342033730234,-57.629943966322216,-54.354720806875775,-54.579629433756,-74.417241802775,-102.78567635013232,-98.92829382276147,123.4273975576537,594.2787138034371,717.0142641443974,101.2641636894318,-492.3902097481604,-373.7182879606547,-63.08205724990638,-68.62100453003998,-95.1106049969575,-4.0573469506690145,1.1386891701415038,-25.01379280604707,11.51454279050136,18.388925959823183,-0.8439133676477564,9.920535088836209,11.794463250704785,-0.8769953121113967,0.45948133337955266,-1.1669956657515215,-11.316259037474628,-16.02098753501901,-18.476677761050478,-20.18524836418262,-21.375215111038685,-24.946916940246304,-22.204072686573575,-8.65174084123288,9.744672137587632,31.44818502838608,53.91662186614453,73.56260757479045,91.72000286043162,104.33174684551679,105.50869724710174,93.96594909182731,63.54729781945289,16.197847621943673,-26.20656045458086,-50.20040909999247,-62.67975877177537,-68.18049323880642,-64.51583354503953,-53.55449152039983,-40.51516921313007,-28.991292597278672,-19.565467921710038,-12.031693062132213,-3.97546833751956,7.868048223248725,16.431141381224258,14.64690438363762,11.060010834159739,8.660466365444215,3.5689823147164166,6.331368242402271,15.012664522215772,12.371293758690499,5.139574893163857,-6.1494124390216385,-37.08978053035714,-56.76190948222637,-34.664971371471054,-13.096383376975986,-19.964059819762852,-22.480226865806987,-11.79638639940386,-5.763433924717667,-0.5614653950321848,4.990388557740746,3.9187681911100665,3.4292828250900396,5.841522509107729,4.449229660125711,3.1156967454153097,4.048795335918114,-0.8873985191709863,-11.276865518030268,-16.802756032419833,-14.600928859276188,-11.432450481772811,-13.121128200632587,-19.30414529520375,-25.357357698878225,-25.170850265848664,-12.466239547842214,11.859497719697098,31.18782557736311,31.001813917861895,21.828451896132425,15.81271979820989,6.396400889709586,-4.3225328785576735,-8.455743292250073,-15.808232620739208,-27.09064002948956,-30.66607307730981,-29.67948636096427,-26.953357966081523,-29.83541006706231,-48.16159994235342,-56.04634341607711,-47.651501654669126,-56.28703600570216,-77.27769693654395,-105.8807292056704,-45.20836834918248,327.29522740292776,742.6633163036008,477.9211956831074,-283.5700527778305,-527.3143457227027,-193.07672521245297,-37.756946431538616,-97.9551700586068,-24.46058285357522,47.18730407445733,4.995553895439091,5.34444338726704,31.07067886161178,6.723544776249787,1.4641696521696046,23.92661124202611,13.70448475999084,-25.04619166862585,-58.983252181567316,-63.05710201391123,-40.95484236894589,-33.075453699885486,-45.05487295387951,-44.415019939216535,-30.567826662613843,-19.637456064713056,-7.366717053417107,9.565315184486003,26.27757312064326,44.919778244562366,67.52473511001021,89.18527493970078,107.95734989404488,119.58446607370975,107.87022135311881,69.06099280856365,25.311637567344896,-9.560206364610345,-40.67105385654955,-64.80389595305793,-74.23043514040003,-73.3183537829474,-67.1539034742504,-53.5007824241267,-33.026574245511945,-18.425167307388065,-21.689334391088956,-29.266615129763874,-20.4582658268359,-4.328397583238889,2.270916674906573,2.3700839679671137,-0.0029263926167946153,-3.6674629513190578,-2.281880997544576,2.8414388404348223,5.428130815007391,2.718363431990264,-7.024436202107477,-14.839913920321706,-10.056693139647702,-2.1152027260022415,-0.9562871724265065,-1.609967008652287,-3.2375641741363665,-7.118037864684829,-7.082837133811388,-2.084898120084171,1.9861640558110407,1.1649625422002714,-4.38005727923467,-10.424029264809631,-12.683699284029062,-6.861846806270964,5.287431676187398,5.329737687954166,-10.926209039129253,-14.981346277744317,-1.6114868239878062,3.886794683973592,6.625467910052474,19.32552721358767,22.211009212727447,11.199835884739299,4.50348201132628,-0.3160620761092172,-7.5183297481987275,-12.26016510238173,-17.417317942490676,-16.673795018347768,-6.489901735079513,-2.047715369318981,-8.956200591796275,-34.85503924671711,-75.81855345106078,-83.15437885495828,-60.319516570397106,-66.1290064693207,-92.1365208133985,-121.36265303201401,-58.70520686124053,317.9790871584191,736.2636366324618,467.285465931193,-296.6317306884941,-533.3362708310468,-191.92051599867224,-35.655339728206606,-96.76209775871742,-26.101544960723455,36.742464710901544,-13.798751301694708,-11.26743151278116,22.357460135367496,2.8858093122368373,-0.10827584185718298,19.55457513795712,8.47509367224881,-6.763273723297031,-6.116067501884759,-8.898769179976812,-14.491666108951588,-21.54709501854383,-32.329847079239435,-35.06263457552044,-26.786397431407224,-15.78413706080948,-4.246625668987118,9.869517669222208,29.43732619681537,54.37401535027992,80.35096112989825,104.38590085683533,121.39894689037712,125.82804503604221,116.41641484957199,86.48122623531279,35.76591159302133,-12.291528720099764,-42.08232930934511,-61.50638409797425,-70.24338396647425,-65.65267948825584,-62.413446481471674,-64.23418872638881,-57.720500939979416,-43.37583170210826,-30.881994639544324,-20.044530092013183,-9.013034622106748,-1.3294234139162047,1.115266691606486,2.181691700720359,4.104579515522953,2.8242862421791592,1.2058725469462246,7.510820662300278,14.787594659753852,14.688495081914002,14.624269965946155,16.49622113610545,18.867770258101267,26.20785462175753,20.16808469476217,-14.395019877188169,-40.09271345085659,-30.029120529011507,-17.17925903718691,-18.868145055959953,-13.074337134114412,-1.3423581057612388,-0.5850621506006526,-3.1845432909300904,-1.063137063306275,-3.7992615931997076,-12.51274294253675,-13.956508523659377,-7.384214794756232,-7.61542312502271,-16.38504878498229,-21.894295677998713,-21.992022904211186,-13.68262971615774,12.172204118314525,40.06842623438767,44.011906196884375,33.76047589446767,29.393268383856935,20.088296814992837,-1.1189084562271434,-14.851756885718142,-16.194027908325,-19.6356068470628,-28.46657684296951,-37.89542597930911,-41.13975242260998,-37.55097026375988,-42.10046204422311,-50.58231277880147,-48.75199963728806,-53.3690345163872,-70.03829115235051,-100.3673767329698,-94.17957955212138,180.89078482598825,682.7508727705183,707.0860201691303,-4.745627312038465,-532.832887671567,-330.91673869354014,-62.91484186347523,-110.79052161182432,-101.7035337927963,5.783096601139768,-9.230792629043755,-36.525142536053465,4.963464262631877,8.418320024646858,-3.526295986218254,16.7328178432793,16.01294173035305,-2.6836707623488785,-4.96130652124992,-8.107603578642642,-15.711149169868092,-15.647879805486047,-16.540940076769104,-20.7497328284796,-19.92526171979165,-11.68272335755521,2.9765490245713515,22.821857678874103,46.32487389870503,62.608216648066055,57.909068697490525,48.446132726860114,64.6313006272205,95.30015757080727,99.64638098215335,67.2100749113417,24.115257073901795,-9.522069158073714,-37.12077324229942,-61.38774047858318,-72.43873004535689,-69.5308036806574,-64.34314501935756,-58.080318811289075,-43.99719693451145,-26.67658305973342,-16.61437461633713,-14.05835360761305,-10.578263516119355,-1.8413102416900156,7.689562860352266,10.729965654074416,5.245774197845469,-1.1860763852018756,-0.6680249481843754,2.0619696831496723,1.3290451941760688,1.9663482076478411,3.0764742959116016,-1.149528880718007,-3.734177142732628,1.1734782106685222,7.126906189770355,10.206670321785591,8.240964622574534,0.06373164313776769,-5.627514447108488,-5.079050331277064,-3.026519197722887,2.3180254896300623,4.40351322264469,-8.953302287519769,-21.7002726759813,-13.875762120524033,-1.334932812354328,-2.843771229379879,-10.196097693011325,-12.76061163377782,-11.082024546709741,-6.05370699945857,1.5638105751561318,4.0099607270247315,-6.065865739915365,-18.848258541900286,-18.822240695759312,-8.085768166401753,7.560638948823838,26.25229221459198,32.779003077208614,22.595734350589602,16.655042811225655,15.695870806015792,4.911079092794376,-4.216512855477554,-6.494455917224984,-16.106071190135538,-22.933419536000407,-18.996304041439863,-22.990352098545404,-33.739473140254496,-41.26918088978482,-47.560937868544734,-40.9463950106025,-31.458374256170192,-41.04796878106981,-62.81719511242312,-113.01421131873983,-76.54045176534474,301.7886994174638,732.9801611501528,474.531020418875,-280.15186059046835,-525.2231268595995,-201.72162121975546,-46.57368782073172,-106.50039415794706,-45.60443062411164,18.206588789232754,-22.101411124500494,-18.407841284188247,17.750077479453026,8.45517876835061,6.566450236874016,16.89607601391883,1.965887076460131,-6.961561060856922,0.4046241757500777,-2.9668511259769113,-9.754158453731884,-10.81080023487819,-18.58245482529312,-30.466401382417242,-31.322628037143478,-19.946208671227758,-6.56684709329901,7.781118675659515,28.769834772715235,46.89420192675457,54.48230396832288,68.74261053705152,94.21822124620175,105.48599752026075,92.8893681538886,67.27599213979,30.55141934432551,-10.144105349440421,-39.15239747997168,-58.08673025183481,-71.51607784378723,-70.86872924786006,-58.53262878767718,-47.25481017791365,-37.56284267538457,-27.384358386534025,-20.41934318384888,-13.838615865612265,-3.7014474523763,5.2657820810034055,9.66697160062539,10.884009013995854,8.46746388445678,3.6672475577970722,0.30991388947318743,-2.2694957892433987,-5.43673208980326,-6.996920444904133,-8.098551271560718,-9.348445625237172,-5.178536393886007,1.863507512907356,2.8379343969275004,1.1398778811327466,-0.21894631681290733,-5.602099613007804,-5.290892779916906,5.6652020693517215,9.134558299162823,4.875982879697969,8.836635763012554,13.9627710324662,16.291544584727436,19.622757202817024,1.4448592926590038,-36.8967990193765,-48.33172207117469,-28.49853721573215,-16.96750197567347,-17.70895914526293,-15.486595409916376,-12.954337311796463,-11.690462870341968,-11.705665661890023,-13.784333850285893,-10.11199679550249,-0.4015086511164041,9.188576535170222,20.61057837298305,29.358648535328395,28.8020195556796,24.082744575837758,14.459474771986379,0.29479524939812407,-7.036767959790311,-15.611095338204219,-34.977547497559634,-45.09395879366246,-42.788359529798946,-44.08470530968188,-41.40655508510882,-38.545169519081824,-47.27354347204837,-49.57970110561709,-51.03766635815829,-67.85640357889378,-91.80632698378261,-111.50814600306751,40.86424733243487,503.49132637800244,765.6852194936896,248.5610144932739,-456.2525518813455,-458.8928765601652,-104.03260407216912,-53.74995370500108,-101.524888826839,-4.857484953721659,22.771229747964533,-26.342502035628083,-5.618306862307304,14.26365183138796,-4.846163513428454,0.584842067066857,6.646353898860887,-4.742578524397631,-4.7167174140776265,-10.264670629762849,-25.45575460118632,-23.543030955777134,-17.925087249070874,-24.1483817497906,-27.309677941056428,-24.313505706344596,-19.40679072928672,-6.744299812582966,13.744748899202879,36.57572206078079,56.97344707478495,73.9558246669013,94.01375179432021,112.33126061854529,112.3549106393722,94.29815209787608,64.16236052054767,19.01804124038007,-27.646703722722577,-55.0999349453844,-65.1318679056882,-64.91934976566786,-56.13020432649348,-46.36983003016729,-38.01935601893783,-24.626410133603358,-5.271207459819156,8.277402585069993,-4.236846450031038,-34.260129820900254,-37.74334939519362,-15.057548398089818,-15.362062194099202,-34.710262401635525,-32.51462832515433,-18.744623292067537,-13.707697012430561,-4.046206298231834,6.952522568108595,1.6395069313682438,-6.58865807746942,-0.5862464554767897,7.410427676135813,4.03354162366543,-3.3204511834885047,-5.439593049842415,-5.191631609497406,-5.080035339095072,-1.4634013858496022,3.0324957171532656,1.735123450844016,-2.7478827618791595,-4.03215389574277,-1.718537344393198,-0.4599694103320058,-5.5322263424523275,-13.270367587108561,-16.031843753370445,-20.155208662833818,-28.468121491621638,-22.361364217393884,1.4634700950977315,20.894348947619413,30.929261207551185,37.62646087092122,34.01864285425489,24.16222719605011,16.727130782431882,1.208087907012514,-19.604957947013386,-27.637132705005566,-26.533231041495288,-24.279754147005413,-22.81192886549094,-30.51496433110261,-40.09876548907114,-43.09817501568977,-46.344357624760896,-41.476126729576755,-36.06094473456717,-52.794187706753895,-82.67994134115594,-119.14980547577562,-29.483917627870028,394.300786477546,781.2547913372364,422.53505849056853,-344.3223672313501,-506.81799546731645,-150.22623494888603,-21.76933478157807,-71.7451018444182,-2.3298820439136563,12.099870580213832,-58.22568643639559,-29.198873193549236,21.320791891388158,-2.474315874862288,-18.276924852351044,-13.77940447468442,-22.304287985056817,-17.500900897188586,-6.823755398144531,-14.837748641591352,-24.650456625440505,-26.806550048461006,-28.019919681070963,-26.019664994103696,-20.042572963525558,-14.304717498167799,-8.452748544669392,6.921744134016382,36.79350117894425,67.43292229189655,88.47589484950382,104.61492257358927,114.77465288981831,115.58785063607345,105.3668545721227,72.57971410180451,20.214963857389684,-25.724039253815562,-56.33637043216152,-77.7931422306092,-83.24493749014172,-71.24967671480167,-55.83264447291156,-44.69044765190037,-36.93783230880717,-28.837307610980744,-15.969035983747492,-3.5950036792971876,0.9480186428578747,2.0391335089552305,3.243057184412006,1.1444526681290483,-1.3066196367340446,2.6995020324535584,9.936158263645014,9.643348980717018,0.9546151398438649,-2.28881698820765,5.3603808018053085,9.613480215868647,2.6261619924006525,-4.519681202975356,-4.384826262766286,-2.868378687881979,-3.393854856138983,-0.1891432858002533,6.149876016349772,3.0867701104775724,-8.717481276328694,-10.960488177272762,-2.4066471058311536,1.326824081875397,-0.15335232562406276,0.3853512067966367,0.1068549485121455,-1.9250619392088115,0.76930924961392,11.633387490395654,22.504701683834483,20.39729777534302,9.820370991218438,6.650917916821927,11.588873040400532,16.193993868983526,7.993775671440124,-26.656839625433992,-64.94748055320204,-66.09767317921877,-39.863801033551404,-16.628455039680915,4.748572370648878,20.36954382492373,19.52661496580305,17.499174151012085,18.720030227941102,9.387955172088532,-1.269739701650419,-4.892516238258644,-12.22829786442935,-22.360366220062126,-31.15408829731173,-38.93267522900518,-41.445749153061755,-46.77007893494756,-54.5428265006816,-51.372282075524794,-53.47349415705588,-72.73699046736296,-108.60308257723568,-113.44797384779307,136.79116787215165,641.9307071036017,733.7180422509169,67.77205462604616,-510.03434659833806,-357.27302378127416,-59.18664716077562,-78.21358260328606,-88.69872184417599,7.002990101242453,-0.9291567631401492,-31.24909223638698,6.271653791889065,12.240520525661669,-1.777920051973732,14.934015779858356,15.717016556471002,0.12501594071005862,-2.228578357926355,-7.520279441120797,-14.80536839802075,-16.98422977588938,-25.813195242116947,-31.533132531212893,-27.521777830565874,-25.358441785613785,-18.033005195502273,0.3352549915822589,19.34938360568416,39.80427930666337,64.5586336818798,87.83792805546845,107.15867715565635,119.84182963289156,123.54926733033362,109.58297175099608,64.36758775788724,11.904289014752617,-15.681325858977377,-47.90030141978882,-101.0116932594533,-119.01807453142052,-89.34822228429337,-67.72319873010323,-62.837684642834304,-46.21350892767473,-25.217048566123438,-13.716695074103026,-4.791059605533475,4.376677112294283,9.681547005831616,11.76058464338507,13.444387882069648,10.956823810020385,-0.9806419611975699,-12.132408610317459,-11.330920493449,-8.501574690911788,-10.675897671419124,-9.73879029320613,-6.551992623411197,-7.068213077944563,-8.25552029882635,-7.341349100840487,-3.6100932609385445,1.6605497784622676,2.4841220274635205,-0.21805977880384386,-0.6531846015950418,-0.6097413709703945,-0.6126280214584203,2.772406495569493,7.057349412015665,9.09059908526047,8.230752519949252,3.4653446886358363,-0.929993117431068,-1.1631232975768082,-2.2870854411170285,-5.918727062422483,-6.6055368875158385,-4.826455402156924,-4.872339660748406,-5.397556711162678,-4.486377895484529,-6.156552635358823,-13.318910809213877,-20.085358336735116,-20.894816504423577,-20.201883130468207,-21.606535996292276,-18.43643825377554,-4.378465471961777,15.092765311091721,27.971337406326022,32.64365831667746,35.15568235480356,28.190838349255827,9.231964268694254,0.26226974920196877,3.1863923868671202,-6.130219551345627,-23.526543177168293,-33.036133503225805,-36.39086969377789,-32.32990697456138,-28.36777756190984,-28.732575115266073,-21.259946499454884,-35.27322941119729,-90.63113914001069,-142.67940335853172,-142.6868548003132,61.98450962602257,537.846871083463,742.9083994125924,189.74704341413712,-460.9006095958098,-414.45413144165315,-88.78184022060695,-66.6571140792311,-105.71142413057149,-17.562887558851365,-0.5282164519519341,-28.635973967959373,5.8915783738850385,16.174997349655847,-5.2336491301583035,7.176144060914498,14.221061383545685,-0.1111454494444013,0.9973655119958149,1.080912935968258,-14.30033362576507,-22.542572584178387,-23.365213533939624,-25.09866396478738,-22.041453885852107,-18.892047785862395,-18.459797179991295,-8.58650195948067,11.612583107984303,33.53287512531571,57.095498125271305,78.47049864139063,90.34445468810877,97.6947728032572,105.00305061981388,101.49720951428499,72.53232707038241,19.768638384640823,-31.84499309385977,-60.16915746236526,-68.33984464343487,-65.68656883211877,-59.16254640563819,-57.35833615005073,-51.20611211073751,-30.187995698016024,-11.267024571346607,-3.955055389218124,0.19606468657378073,-3.9983850905322527,-11.31942637844029,-3.2008181496795416,7.91810261459894,7.79377740407341,6.412386691766968,-2.2383178293198274,-19.921872197894537,-21.250377766611763,-9.168555646953592,-6.765157884793755,-7.787119238185392,-6.361136941762997,-7.934810256494565,-3.3726286463547677,6.213556570216943,8.050350461668966,8.960383116516494,12.727861726375417,8.230947783791436,-0.526986747041776,-1.5919927862924697,2.3229256412533132,1.592641276408929,-4.511863375329334,-5.638019910114913,0.6540058092167387,6.985908678221419,14.609512135821321,11.579771857983463,-22.540304635429138,-56.11582671963291,-46.26716760957218,-20.597185427146933,-16.89411456353197,-23.105372998314913,-26.79215314816763,-28.96637812342568,-24.984699272871246,-18.650743054468276,-12.11055384815105,2.1448989448131197,19.73714982981258,32.11294768550714,36.966787133763376,30.736470542311437,18.35445170258643,8.397875340308934,-1.6943817961338574,-10.602192176369718,-13.83829568885789,-21.54843845687561,-36.876857641909695,-42.42217560577998,-41.24617404758757,-53.2512523289565,-54.00697063443512,-27.210233250574444,-31.198380106144114,-70.76334100227348,-91.29160423309025,-106.58494672399219,19.992524258498975,469.2894988802633,755.997570133098,258.77469036532955,-445.736865851423,-439.075215036325,-74.27000799733838,-36.280207643811345,-98.84154860507728,-7.162954721310811,5.584728853740486,-57.191938418481236,-20.94412025306496,21.090165737493813,0.6196122343388524,3.1806817247811656,20.05786055212136,7.16394028142212,-4.4423221574271565,-3.886844046475037,-15.022006222043562,-37.74252737465511,-51.90326429072661,-43.967089438540654,-25.663906397683448,-17.31776537037073,-14.334740438848101,-1.0696583804447766,20.053094712164732,35.30921886656873,45.113046779256884,68.72991756705862,108.32100789610531,134.37009176300538,133.38960603513976,119.53586171748096,90.86821213892179,37.45206555876402,-27.764686774074043,-83.52199214401573,-108.75507918575346,-94.4208164122169,-71.42472475400604,-68.15442014118685,-63.130667147508774,-43.15315653299788,-35.000677691075495,-41.886609277715706,-34.92152035403164,-10.89471634843137,5.415992338033549,6.4499440492065645,8.361373722918572,9.527263264739865,-9.584780435514158,-30.654105462845315,-20.074527721081544,-0.19231843154568473,0.33573313833804264,4.6318610680708145,15.874425112140447,4.34468062805688,-9.800612753173523,5.743146450663119,18.67328315362883,1.496432054392561,-10.674501692241263,4.777196472810536,18.80011640833949,11.76375346358855,1.5874147834079464,0.09804548106968092,-8.270401858599168,-23.992653962456632,-18.347245113260687,2.7610153494288596,-6.232194298391722,-38.652390264606744,-41.74266234766531,-18.80405743600751,-10.798691965482048,-11.733581841660069,3.2475690096778127,22.615151999326365,26.274513202278087,19.791614753554104,16.937238413541557,16.82789311854383,12.37186100341219,0.17004358208074066,-21.317405267662046,-38.14906493487993,-34.34862375864162,-27.370141871404456,-32.37551705265028,-36.697962836454536,-39.48579032848954,-37.80169931818351,-32.128517838883354,-52.00737630286934,-82.57223298425376,-101.14752990366867,-75.1894541203919,210.0575116564538,705.4551186883023,692.6131865126658,-46.430622195174436,-547.7913280388943,-327.2549650438901,-83.35920137242715,-126.60066656290948,-86.24199115407808,15.889417060862407,-9.761827411908335,-19.787041519495965,28.384428588078357,21.827098399636057,-2.2545258896353886,-2.2532313555313603,-5.88247079068958,-0.35556271344547064,1.8507966886927925,-18.991889258705807,-22.93918198621321,-10.7452924930679,-25.47569267397356,-48.66739502626204,-42.40002687688372,-18.493227596285887,-0.6326149271145329,13.823534371458763,34.325113040966926,52.325167060593685,62.15652330969628,83.05446376957144,117.38211363235749,131.00772220997487,112.1074677203926,82.23903823206072,45.4000763278008,0.3421718951287236,-34.02036920948409,-57.046920181343005,-79.35932848630193,-80.79559363368905,-58.808335316293224,-49.93280768515817,-49.52373605951786,-27.35273614316525,-8.259434113518719,-17.184512920884387,-23.864314069840518,-10.933777611358586,2.2878499095455282,4.515540145059314,-1.9156886952381509,-8.690267932601838,-8.040541227736101,-3.3148331445739547,2.3403005692739853,3.679844542624455,-6.7509311363316105,-11.019190973121162,5.093302198015076,14.89051301887837,5.5928240564891345,-0.5244323687247721,0.5501333382585392,0.38572458393081055,3.6399727889842666,7.40486457994135,4.4693451585251145,-1.154452835033184,-4.40966317773915,-3.571793629068134,-2.7542742069267945,-5.754081886387498,-2.890203923045972,6.584564847504883,7.918456355568942,5.451053840319111,11.656304917598622,17.69980086681708,9.369717979605952,-17.43541151384187,-48.5100870410133,-56.92280446226034,-41.4466042570297,-19.522111915889596,4.929830295619178,19.919974082481122,15.092003772085052,10.849840056626938,11.93973945015341,0.43484528856783555,-11.9524373733194,-12.891914910229476,-20.15923340313873,-31.749039974534774,-25.993238941452013,-17.594930976542738,-32.602397381586556,-50.699734512022204,-51.7327206570117,-52.37825295411781,-53.41375707470553,-76.24926502848811,-98.22347084430706,133.26947834452767,626.6303744332001,683.1915960362642,-2.614129311101209,-534.025460526808,-334.0235160289643,-48.58473174430235,-87.73616810884661,-92.23919204558553,6.688947131851691,2.0465598551756514,-15.494801569651816,21.208893837280616,11.957950419040241,-7.961484531913121,16.028387681908356,22.025310066281605,0.6538337931088112,-8.261413005267702,-14.629194001093564,-25.29604527827407,-23.313387874359787,-15.69320262284198,-21.48781343331155,-32.80521639415312,-26.35457402755525,-4.362833834042107,12.057197375675841,22.389552766606943,39.31009871655406,62.7103700375569,86.20415629407624,103.3155950252486,107.63856740007363,101.30630281326182,86.66536546466209,54.89954918021071,5.2240863557084385,-39.950288270429525,-59.737191475708585,-59.47097984613125,-55.58140489831527,-52.07300129399282,-42.40251291384096,-21.000821069869765,2.892683589737075,0.37590721502179036,-34.6159294767091,-55.31239128493746,-33.31655404108666,-8.532784481740961,-8.472611994597454,-9.039960243395026,-3.9345566453710354,-5.108674335686013,-2.082832436557915,1.0973543360729963,-11.789202689716019,-19.55905648556613,-6.895704770614817,0.777599081901144,-1.407128560025816,9.092906849844985,23.501716559834023,12.388588976913038,-17.398011248180396,-26.040678214149544,-5.944406589065467,4.924346766027725,-3.8199793240436026,-2.9943956554779847,8.020619663416806,9.024452270643586,5.3330504539707615,5.241847691676256,0.6218681536083732,-14.458335709222943,-32.28264190797065,-32.41487901156976,-12.772035293944061,-6.12037713551859,-22.396857612619264,-27.2750399163722,-9.435336376824146,5.783744782806515,13.949586783902694,30.874836382874605,43.80470316890585,26.896357075805646,-2.3037911549008836,-10.357326427861889,-11.752997562344932,-24.302973223855172,-25.104050766738606,-18.550728147447554,-30.72341120424423,-37.239200016941254,-24.561438105801344,-27.339049701957464,-46.59412271546984,-58.06734316036705,-60.65950475570095,-79.42391753730763,-112.99703815589983,37.4514402850848,502.78043347460084,743.3878707499206,212.8137851480783,-460.5885554310904,-433.4009860045783,-94.35738414429454,-63.61304660569921,-99.56980896644816,7.464419998098052,30.507933937049152,-8.656957811017977,25.844259292407564,27.182684889676743,-17.71525770210376,-0.8794635749623545,28.082761553212787,7.107981359124363,-17.915528981880968,-30.281108035967314,-37.852653500263706,-30.180594845199277,-23.257998669897578,-28.17341035204434,-28.19856839114914,-20.118957751944336,-7.484177189777606,4.654899520097188,4.569669030770969,10.374208418547292,44.43845720943656,79.13153619179745,91.13745827992074,100.94049411441453,111.22093094032019,96.12454872625779,54.177151425305325,7.138974781288392,-31.705503242212295,-59.080872234390945,-74.05559053738637,-79.09940437354285,-76.7745975197757,-65.58489686283636,-47.37579556900707,-29.40291171378278,-15.425189520617405,-8.395120781434187,-9.670591433113046,-9.352432809808514,-2.5061141321843365,0.9053101869894746,-0.3365070092984954,-0.8637892112971279,-3.610397731381372,-3.004517958098992,5.918374806903629,7.396769929480939,0.7397723668658607,6.129512374034253,14.484569856962985,5.5799315288602305,-7.415387894472181,-11.834637117321355,-16.19776066833468,-18.42063015727149,-13.235763892803762,-8.43787745122679,-5.019985934335107,-1.0376193894879773,-2.534469716879805,-5.058411399554787,-2.0876926276545253,-4.789029530216229,-15.452151802148766,-17.63872669156129,-13.93831779927239,-20.9698864292274,-28.088010279023926,-17.58244344131343,1.9688634100187214,26.285536360719124,55.601706620275095,58.81995936795537,29.004305739591892,14.837869648588555,24.441882101455878,24.90194020811463,22.429868275977388,6.724775740119574,-45.775809650184605,-72.9356037018881,-42.72760667775904,-37.85672957755418,-72.49640642436002,-80.38721797581466,-67.46366214642363,-58.89053018311757,-50.75425276376222,-55.05213124828172,-81.60511113216268,-113.47859867944996,14.711830581947396,454.0817727097626,739.8433262145757,265.3899884545038,-449.5757608162191,-483.9311896430276,-114.63730309430926,-32.15973581942439,-81.78281101066528,-3.6427294405006236,21.456429940475388,-21.743968295886784,-0.5642043979033549,20.37493841985565,3.1017560181016073,4.863844704819372,10.10564857832365,4.750064916163513,7.657306284590108,1.301146826517971,-13.55860176309528,-13.917439165806798,-15.482519534069434,-28.029881521583818,-30.180539688638635,-23.480473988512358,-20.086705814031696,-7.584576100170585,15.53106343709186,34.75079529757199,57.327470859802375,87.89602768756862,107.69620325973733,114.19929734732125,116.62360731124429,103.01032979998728,64.40614665040073,16.287669901747755,-23.07376245556921,-52.195696510223044,-79.41418967952937,-94.59702410816854,-79.9974440631882,-53.57727797784297,-37.578944429858645,-21.928947789624623,-13.32596393830492,-25.618075106661955,-26.783405626635297,-3.4881194261110426,5.038562987008182,-3.9189897729493435,1.2625829716796892,11.848084510452962,10.495234868188854,11.34726118962155,18.937586747085025,17.656886227858774,7.850699261649759,2.614538692078532,2.6990744434907104,7.438211538610417,19.894320423308613,19.73188359614676,-9.47830445319596,-32.55603663821353,-24.033168048718135,-16.465833667663517,-20.87813847450044,-11.711963963826364,-1.8286901409583312,-10.903160211083218,-14.090013945586126,-1.8539273058916557,0.1643370910374582,-9.140248896554116,-9.967727336839191,-3.5585616256109205,-0.4418442804347027,-0.22353275921388427,-2.532182362142258,-10.864056841538254,-21.994334249755433,-25.69454890800542,-13.974353747114332,10.219616183652303,34.55351098959945,49.823874277052234,49.60607843851794,28.94694726099211,5.357437802846926,2.5410795258898307,2.965661758987378,-15.552613930746702,-28.776173701850162,-25.169620255615367,-30.07718063506414,-42.11144991681925,-50.17851558462914,-60.06601189847495,-57.517855461445116,-45.64228928019367,-52.23773825074562,-77.64157767448712,-119.55740284529307,-43.22037082130797,372.18635457722166,778.2441514409076,451.3347831099468,-326.7598162130939,-532.6541318373281,-178.97409064237408,-29.79608975467592,-96.75155780168392,-34.81977134890798,29.882623864719648,-5.741590490653781,-5.021988436280725,16.158828913622557,3.644177302905769,11.497880416080115,23.50663463317537,3.348033280991973,-12.804301002749664,-17.431213219914518,-23.86843010945137,-19.91744888386281,-15.961558792807965,-22.65858596799645,-22.310397585999716,-16.623409242814652,-11.218753907751008,11.984588235166548,39.5125582426806,37.538635704833155,28.014930706253164,45.414287958248,67.10387425111776,74.02169654685412,86.49297818242708,94.07850873061359,62.72036366945942,9.952118448686944,-26.372790318811838,-49.192225721089386,-67.30001777649369,-69.74871298548273,-59.676988755985136,-48.64504639628103,-33.770868601359176,-18.771210242139837,-13.922641341380007,-12.789755544653623,-11.582825414532007,-17.720870547178436,-21.77964388897798,-13.161922463750889,-5.429210479980744,-5.268002609067526,-1.914391048477074,4.931565828361084,11.13463988426051,14.889779022280736,6.436712300081441,-8.511284664455637,-8.426976435446164,0.5089035814093013,-0.511766664567701,-3.6896140626653082,-0.6671507961486851,0.6956075976645977,2.86096904493634,10.741674015347451,10.052321414599538,-6.707381201636878,-16.858183893083762,-4.992685961596896,5.495319417748409,-2.7009405414236136,-9.413551208544828,-3.893578253562383,0.35983125158511653,2.7632335260136496,7.916371613601309,9.1795238401134,6.674821006440644,4.911899627615162,0.844372165989153,-9.526098378498942,-24.24404759576508,-31.799565202122277,-27.6437019073212,-24.69794166361836,-19.56430672250697,3.7400369090982544,29.36372774497226,37.020633637945735,37.02512436107828,34.2241347821814,22.69627269712749,13.559063622847399,13.669463132746223,11.003429474391385,-4.005349261390576,-34.6585836781984,-68.14535437351154,-71.2537569500523,-51.074512594770965,-56.6282594065294,-74.14158300512874,-62.100224663258636,-55.56605401351677,-71.71794167425102,-89.4787234450845,-101.49481397052031,84.03020345266711,570.852815896827,755.9917053904162,147.01797302139386,-505.8897729204418,-416.7901974355477,-82.84738734715691,-69.87087563732918,-95.50216268728246,0.01604297311797609,8.063642148602987,-23.184762505237845,9.08463020244639,18.206715997818783,5.6392648641344305,15.106357573108,5.117790956943983,-8.585411425073914,2.191885248430431,-5.371661844498309,-25.968412372641318,-21.534447643719826,-15.882309724826134,-24.761252398935756,-22.252747421838315,-10.45034376227132,-7.8046344848919285,-3.1466209968464494,15.891921635209808,38.044069820446076,56.88384074359911,79.84195411524851,102.92384315209497,114.98762180656735,114.40087332020082,95.09983712123213,53.24505552386498,9.473239142858013,-21.315835431176914,-50.19022158127022,-77.40045515536715,-88.70150012647905,-83.96656067893053,-69.73618726715179,-49.54925152950645,-30.649857357806003,-18.92167713082351,-14.166546486898383,-10.864329483678373,-4.20190028675542,1.020343236976883,2.2634543587186293,4.078564435890137,2.8113027393128647,-1.513881016236951,1.3653405555629146,8.240693703467958,10.987398850603068,11.445538859840777,9.304213624341564,10.519715383278067,19.99516612872938,20.322434122225303,11.579041834847558,13.400434105690408,3.438895361262773,-35.16716772004187,-53.69605395788979,-32.4000196980098,-17.9357055957646,-20.82444488337857,-15.019729372430959,-8.842251864395003,-11.890619333623658,-7.57300402782569,2.275825068123469,0.4348350755277792,-9.84587109289019,-13.96894006624872,-6.8395074301187675,4.251773219524468,9.329580974861617,8.278528794173123,4.780034786364682,0.8306947583287565,3.1331042443424475,6.858687281763459,-8.326125373342139,-36.01447829724445,-41.48050847969647,-18.39653066503731,6.7349961531281215,21.88043224944613,33.35691118261873,37.50073919517332,24.73408740058739,4.98562933187553,-0.5882992402141047,2.636811056028609,-6.244720323120947,-17.757369974573876,-19.416611519568388,-29.547164559527864,-44.40980700918453,-42.19826095583871,-40.374227590622404,-49.69467922630353,-57.76054510521463,-71.8603709221421,-84.72312934019672,-101.94598992112925,-83.68010002816841,198.9061498619174,672.220938316633,630.2405323494543,-89.82116458589577,-538.6367701732338,-288.00343198417204,-40.28239916297325,-92.61621053231877,-69.56017832848298,22.373807045518447,-6.179228286299811,-20.536888046806112,25.022108195711713,14.542630802483112,-7.239018777161434,11.523135083127679,14.172530075783833,3.8494555033894517,6.0694513331531725,-5.626470533626206,-24.025566727357347,-19.813875192481753,-9.882117791937535,-16.51746619896022,-27.631469556376004,-27.38429883978875,-15.513508181596244,8.82027743808452,41.92176449454625,58.33132528424874,48.95004294853149,48.507015303844355,73.38914641502689,93.97088718502671,92.65020084901673,73.56738072661669,35.50932611760275,-10.846095730308823,-44.7564731508872,-62.86510875871348,-69.72445175922275,-68.03452401635136,-64.42934835169103,-58.59645529830398,-44.29075658401109,-25.956602580164137,-13.549230145623099,-8.872253607228089,-5.094633969680723,2.6393633021853535,6.744292701525055,1.194909640052817,-2.2308134081628417,2.3948553145918154,0.8584117191867673,-7.5521683416344505,-5.919704159002967,1.408063502941154,-1.0503759101594667,-7.154756100542416,-11.136670947079839,-17.32552198552827,-14.74727228128751,-1.2475444276677692,0.2588433061717694,-9.192583400345558,-8.526643092220311,-2.746051592514757,0.5933790588412062,5.518161530272524,0.880797846947921,-11.258064602894368,-6.848304972130224,5.323225056087446,3.096032275837003,1.003303366217164,7.87990862108436,3.493556319840952,-10.811606044699328,-14.161985147835212,-10.711982836910067,-16.654981696776378,-26.067273926886777,-22.527646962698622,-6.497751721396983,9.605293484354236,19.198423944535946,20.72717622131473,17.480735538785424,16.631131293263373,13.245750022355763,-0.06494368202362644,-11.662504716072482,-11.552503919753757,-8.579308292521116,-12.81049119429111,-20.70994867836628,-17.70023246294012,-7.541270301772837,-17.001266287320426,-47.66737184568176,-75.9306056056378,-85.50412000778347,-90.50695149899063,-124.72339831290192,-47.336755155909685,360.88362477458907,728.1386956711011,372.9190208915852,-358.1500882834372,-496.8905633262683,-148.78008765091778,-31.607460694074128,-80.75378518339801,-3.502431483544129,27.660591399861325,-27.469047165380232,-4.356978835107105,28.973831071311118,5.8716603777111676,9.193118660276275,23.041077238383604,5.481627034915132,0.735067511538003,4.781096365633554,-15.111156308670456,-34.17084855179893,-35.71464415514906,-32.497809176691185,-29.331237024768008,-29.351646898638776,-25.53827106392098,-5.406482495895473,18.491432594468908,34.918683482746644,55.14315126513415,79.05020611927493,97.71866253730019,113.78695135655309,120.08699112386117,102.35462444257779,66.66022785099392,25.954755667255366,-15.240460813144283,-48.477606856412905,-66.0654889828123,-73.32949566012219,-74.7203638531901,-63.50359357085337,-40.67616960059463,-23.640806527640002,-20.02953571674209,-18.48532140935745,-14.324136026011509,-10.107884167600169,-0.6652068375025113,8.403978160680172,1.3293564738666728,-11.344878408560577,-6.871069945225739,6.92750765095067,10.144478442631081,3.7184975389717625,-2.753917039819792,-1.7116222915388444,10.35521474656853,19.66132809696549,17.113466793180628,21.61345741083343,29.543099185722284,3.848133248510969,-39.04757930702963,-41.12933912499396,-12.356022209384925,-2.4884439268769434,-7.410150631963473,-4.096158681798194,-0.16567207570489728,-1.7951184977063885,-2.444307907122461,-2.12790747086402,-4.79755981200031,-11.149845659190092,-15.823591151248195,-11.920661912114102,-2.1096993321595505,4.60288835183154,1.3274570280578821,-8.68421316711878,-9.942314592323765,-2.567447923222952,-7.0261783229846095,-19.906493196104364,-21.201634423991806,-19.55706505080589,-27.278637583363746,-27.20222294397902,-6.221703845608361,20.27871014337397,30.881900377148824,24.515604428234052,19.35746050466326,21.512009309412974,16.614930288235527,2.143331632630641,-9.911877401630058,-16.81426245129968,-21.614475668884573,-23.878851809713762,-21.61058170437125,-22.503808543420448,-41.96278105612092,-59.10582560063311,-43.46498219892487,-32.668589453999054,-54.69328478694972,-87.17040044568077,-123.68229503043841,-2.186860800538085,449.8088729327985,760.7064570383529,314.8650347165291,-384.8096628290674,-448.3907635292414,-124.4635846511161,-52.306437452641646,-92.4142288859662,-11.921602081049642,13.484868381729186,-30.465420591186437,-9.101466255139858,16.697864930445554,2.1160989069268803,8.00481023608993,18.08980114007668,2.811144865325296,-5.5679309300319835,-1.2404969660804845,-1.6076030672099566,-3.3801607989050506,-6.024740728430539,-10.046380356828568,-9.757534563303533,-10.509312704954434,-9.089416598279065,7.895338609041897,20.138363752227942,7.642923688368011,7.887092430103923,44.94568953529728,79.37326970370592,92.23809054991855,101.26290290782563,95.59563448986583,63.88597428117928,24.196010958518514,-17.9062106468393,-57.422197577311024,-72.67259895083313,-70.28217725232648,-70.56353793227463,-64.48400910590296,-48.04859163064498,-35.66220625222658,-26.195662161568443,-16.67871759257321,-13.904893249760343,-10.052989754533403,1.8629897700991922,7.228105830862454,-0.5791947412717704,-6.838590043579536,-2.736687914027506,3.545585336613314,2.89158035107379,-2.0452718175366478,-4.673315347139237,-6.484295317402571,-7.511486749140468,-0.7612844541100703,7.7909966065783385,4.455066441530466,-1.0826364514887068,5.80219500297043,11.39039059498097,6.208201454332911,5.602051630241389,5.23961445849627,-12.154999013558305,-25.912683231562127,-14.50317713688747,-2.772377616011905,-7.612356468949848,-8.593107847166182,-2.0397159522219095,-4.435564306078393,-8.806445550089217,-1.8676343195086424,4.230850195357972,-2.8571089850764855,-11.257441505088579,-8.073069465737435,-1.1684097164259217,-1.2819924940124845,-2.750515020192122,-0.08012243222650461,-3.175639098827615,-16.18030686572188,-24.26612916519626,-16.555178211470455,2.9441095717352717,26.825442923254975,42.39342092563207,40.852900102746005,38.48130605835047,45.24741795818473,33.913298618951245,-7.915457624193678,-43.968864218830305,-44.37692985103825,-28.546840452574273,-33.78897766541742,-55.77101879188411,-59.239461964324505,-51.21007105717645,-56.08233514709013,-57.65148318567408,-53.421111043922465,-62.39053381603124,-93.10361695227985,-118.88178279626952,60.62379361656872,536.4380124954077,740.3411258490725,187.1579172122373,-444.31765068967536,-385.9164771094013,-72.67286577902138,-57.158329698330775,-90.3441589554523,-8.174999039115932,-2.8086611040535843,-33.460399064344756,-0.5197197887884926,10.838385119891871,-2.2274759687830485,11.911933520190365,13.843949242198471,-2.0307633639800953,-4.329839053440321,-6.851596093757194,-15.591903996998086,-19.618179308901322,-22.696467027160697,-22.707460569629628,-18.424874229553982,-17.686027966461975,-15.238485702403969,-2.540624135154321,16.519446467323334,37.01713094544492,58.309023686325524,79.4785148783212,96.0115648854201,102.9334473120679,102.31718544107211,94.05294217259362,67.61688042352814,22.506818977831273,-20.9000843092991,-46.044569794221,-59.28085706398376,-71.59489310191614,-74.45348473938662,-59.585123230728826,-44.59291005032314,-40.07016950210855,-30.35422233103168,-15.822380958992396,-11.409987487011612,-9.378316805818194,-2.7275090841706326,-0.14776912827781707,2.904327267720916,11.510339519358748,14.401082922406678,9.89234415485044,8.04047301413992,10.637136965001421,11.922818529156238,11.246704662772315,17.90153316646398,23.613710546659224,-0.6662667010430781,-38.65949270201344,-39.87034652492832,-16.7920142939303,-14.639883346865997,-22.943889981402588,-19.797041411019592,-16.55142396669266,-13.805788812772818,-4.379198487581469,-2.3005545905786597,-11.842775549328527,-17.019341694125973,-14.090175883155677,-8.295680133193612,-0.15471024213019824,1.1476238633679827,-9.598167345003233,-14.06794879322059,-3.9064223080803213,2.999154173156656,0.8680230491043002,-2.5431475293420593,-9.328961478125468,-15.03363256160215,-10.707820097156311,-6.08181604637897,-11.019213000756732,-20.39864835641,-22.964995213815232,-4.36988382132251,26.991116285723713,39.14546805680322,33.31628184007063,31.614930006247018,21.793578247217816,-2.6064471503911237,-14.341869290938071,-8.37555158228703,-4.380596743494871,-10.803597159875496,-26.396036718127082,-40.11409899018768,-47.58010602386919,-54.46070715057586,-46.70263007329463,-36.21920443242319,-58.17352076636146,-86.26398978926301,-107.82645557708977,-69.66146660807487,251.59671159765085,701.2300974678234,562.8802258276876,-171.20114380398238,-520.013684151081,-225.46624472672156,-19.383648838371375,-83.7315928245719,-52.84493355537245,17.172396779600845,-22.61013004421219,-26.55509790677162,20.707437422949443,10.37947167685894,-5.285585617221499,18.69036688883002,29.255776865678143,25.94767968151482,24.43737922347173,-5.900156830728118,-51.694995885944216,-59.20036055654943,-38.32717751050254,-37.559462608068216,-49.88627961535279,-41.716648217294264,-21.99984083190266,-9.065968092849483,9.57405292083913,41.088023317402126,68.48356914778775,84.78733770234962,100.79911165557613,115.12188587645733,112.53218450691737,88.47316925885181,47.679576418605784,-2.891406789316344,-45.800131802638425,-67.67066185229618,-73.92776375049891,-70.5055396077326,-61.27805745933214,-55.7334913678895,-50.25115721140394,-34.76528331829115,-19.88069272775846,-16.930414613933735,-17.495696832439585,-15.531983080615982,-12.505790111929898,-5.522692432632944,2.9564269890755845,6.358617837360841,6.888290322090494,4.416991885932019,-4.0695957670685985,-5.949787923964025,7.326453238678264,15.4192383802013,3.2746194993944506,-11.343549502027793,-11.160490499111482,-3.492103285694931,-1.8804407942462529,-8.631605971044756,-13.841657740439764,-9.9497744618561,-5.919265490654086,-8.002069478581978,-4.692549952173566,4.301568072493134,4.489046352338335,2.191529958415856,7.068678044389012,0.26382442777770976,-21.52587578756516,-26.848849999594115,-14.133672660101267,-14.012705764111555,-23.36871182729489,-20.91036819102621,-15.099589539705832,-16.483708989438334,-13.627407758770744,1.9560967332090735,25.54907843125187,43.18438429848858,40.996627396733615,26.765949734350077,16.889281648938805,9.651686253368915,3.581720424813284,6.116377244081264,8.258486055455064,-10.104730191423855,-47.51769736726998,-71.31575284929444,-61.99302484541418,-50.90398622532221,-54.539048814497704,-47.999514855563916,-46.41404786327943,-65.62110761090707,-86.58428131540272,-104.40788657219602,43.75092196373214,498.08021191735725,736.9802880454348,201.10485453604807,-473.55076456565723,-428.85369905753043,-73.3880001309842,-43.265274812492976,-89.88709633447125,6.380009114322352,26.80113596891882,-14.277236086401487,13.916028528323977,24.764112139184984,-3.8588540768003092,1.0541528861272926,9.874634292617976,-2.9421725934655614,-6.259689063093456,-4.070558547982901,-9.152707772208863,-15.006015229651053,-21.057531185204716,-25.607060510782876,-25.360965573144583,-20.571818653050826,-11.343756817773103,0.06600804547541017,18.63663889043918,47.847166755380826,73.41224248865866,90.52505480372048,107.35083279410014,117.52837366466964,118.0673514075246,108.72462858965943,69.65327589814146,8.223290010941977,-34.15651511642174,-55.67564400249023,-75.74975184450429,-80.58754011966025,-66.90024901346302,-54.84269183335863,-42.81315034840288,-28.06530119574027,-24.81161755255038,-27.636915976042033,-20.01571058213934,-8.724206933219742,-7.1556016419729485,-7.843698345249091,2.6452609034081087,14.456318033972405,14.170223216652289,16.7796916386592,29.006653202528888,31.32898840893582,26.111035778145364,19.665761863459466,-6.878043873264687,-36.235907960749024,-31.30961886917425,-16.69986973577707,-21.896997045034357,-23.276616265769086,-12.424253798143676,-7.73436598391948,-7.047123533531224,-5.331067281166659,-4.545477097892862,-0.198023024964332,1.8681562440472428,-4.206061998237097,-6.370026286319572,-2.109277168511948,-0.7226557627381514,-0.8009925723465372,-1.4656670930539928,-4.349604808752865,-3.2934068281511797,-1.0508324408381622,-6.239441648349526,-10.637814394913368,-5.831559418494563,-0.9266602307919856,-3.1292871923597705,-8.66263201769247,-13.379188198398541,-15.617284436198712,-16.305237239820546,-13.54386918725482,1.7571668703766492,24.70125221734721,32.99823007590502,27.556644267363012,28.867241662766773,30.113154251870448,17.54264515370291,4.9629733032303545,-1.2091409186464641,-11.684652149699726,-24.83240701597058,-34.71746498412632,-37.94132803486857,-38.162414398339656,-49.22230554680759,-54.951045363270644,-40.239919128156046,-43.360670229368154,-75.66092455584777,-116.58443074428223,-102.4382192564749,183.5054346001286,669.53841998509,660.3428104868262,-47.306763230721415,-530.7158800978414,-304.2747807661302,-37.9064942049435,-81.6032591114433,-75.55995704132117,19.269173291257104,7.0224507416905695,-14.234681003034941,23.44486891044179,29.293202910695808,23.541925376651275,43.54512918380625,33.25534887023082,-14.67222284706815,-45.75725831230717,-42.231809963570655,-29.850161509528668,-29.83259562553343,-34.155064152651875,-34.04352940537805,-36.004847630231005,-32.32818456145223,-12.091064864725983,11.329724226096856,26.828115993068423,41.67930480307885,60.97424845750715,82.32766203321381,100.19625256983906,108.21734460865844,105.37596120997102,89.40474940607922,53.85993195743944,7.7191037437809555,-27.448741417223093,-49.132672415337126,-68.95473905094799,-81.42522102246933,-74.47233983035376,-55.08759484997249,-38.02292729560451,-28.896914793985104,-24.954533900050176,-18.69334967976812,-8.015346192911924,0.08571976051367791,3.366511811957528,6.986128349062459,13.583440674071522,18.596603542863,12.53349947999931,-1.0845497950055023,-5.05566742142339,-2.9740514939739597,-8.848282208241482,-8.721068755414365,4.269563650843914,5.510897843982835,-5.912215740300427,-8.762449776512234,-11.007775482361158,-20.05310780670861,-16.244488365831717,-1.0421312129761962,1.93905351002034,-5.823562220340882,-8.144358990882843,-4.682330714451872,-2.1710256635149108,-1.3780579700617759,-0.13494740663021076,0.2081293013612857,-4.612113188592082,-10.904504398697554,-8.85103585688652,-0.029886081962516187,4.164195851972574,0.13460063359797836,-5.349445722495399,-6.10809984671638,-3.710228290480578,-2.7275633433196615,-2.7755520082030496,-1.625692762669964,-0.40751658126783497,-1.5281120994972381,-5.034997469167645,-5.911358357368392,-2.6411616991932636,-3.442491505451823,-3.959256615432591,12.696280314706353,37.87774384390474,51.14268663008164,52.28409003778367,31.36655611963738,-17.750282663846424,-48.15105917023906,-33.32630123630561,-22.621933477948183,-37.45424264910777,-42.38019394759384,-33.27798176617986,-30.13463485541542,-37.267021227285696,-49.0573674722381,-47.34210775997193,-40.78183332079338,-55.545655270910395,-76.30218376963121,-100.60811879078625,-35.347885733243515,339.83847718224877,758.2461018739905,501.5866214137592,-259.13457179102255,-519.107082573362,-197.12418118361595,-39.881416670630024,-104.35945824861346,-46.496751079611144,11.532521318861548,-34.266938255593104,-23.158501879895663,17.195831268194887,-2.9137125269964024,-5.094517908291313,22.059450153776893,11.946248533583791,-8.17721428350596,-3.877813243377402,-2.7550833826309216,-16.666765427977676,-28.62718580117263,-28.796811289000814,-23.303172457081203,-21.12595171471201,-17.71888164011186,-9.633121283233303,0.16130625544473176,21.891194051806448,55.72332568324774,78.39495660677534,88.04299418982589,101.52684313205674,113.78274311860245,112.11633160742353,91.05987481736217,45.353537386856665,-11.267122822995658,-50.12643551720245,-62.98133893649308,-64.27362262388345,-67.22916605474663,-63.898905710959426,-41.11257757990276,-17.718721282145843,-10.594020433535858,-0.7924552939386871,2.362017603570692,-28.593450572614703,-52.91418383719312,-31.820729706225325,-9.492093671403932,-13.520157509101047,-13.163306924249923,-2.684165214999501,3.4784533986326363,8.815905955450766,7.15949707041456,-6.1547235636613085,-10.602714433382854,-2.774447788260332,-2.7158188382870456,-6.78894338424433,-1.9151114909219071,1.840564850673676,0.07924884530244114,2.1290270244445386,3.7842029235561885,3.1898692266883,5.4174963691538185,-1.196385908187679,-13.354165151854293,-8.116585407093789,-2.3561358880450722,-18.773183135605098,-28.23894509219655,-16.882252106736306,-11.619466817777788,-11.62964208821376,-5.489242664315121,-7.5427383503243455,-14.186577104305155,-9.084674959254777,-2.8294023492208282,-3.5885619074009014,-2.623711512693232,-1.0580901206388873,-3.3791813201493,-10.218604691001158,-22.140562738018126,-25.765791747730564,-11.138246506829375,4.965445678176239,12.837834727786118,22.57556484251512,29.61561174052632,22.594655819729212,9.83897124603097,2.589827313040918,-2.9760674505455995,-12.324095498756563,-17.91728599915548,-15.67436064477906,-18.450417639138923,-27.665929086933282,-35.98171262756375,-50.66490523724417,-58.282585435075035,-46.94313529962975,-48.17410426429829,-64.2480156291684,-89.79619672406082,-87.2862555129256,175.16631302106106,662.8822513951598,672.6637766318179,-28.684654233158298,-522.5484051889463,-320.44644819265915,-78.15271805073439,-115.53218934249963,-87.19702183939313,4.835229852092567,-20.071996814580295,-35.77575148137856,4.7152376601048545,0.8012849911291262,-6.917635982191137,16.819060957057097,13.860370585007733,-6.121080661810783,-6.200332098113588,-1.6881570727201902,-3.14321629740937,-8.680603726022452,-20.330568291124187,-28.64483030651942,-30.51091132707465,-33.14364155797815,-28.621958248315742,-8.656562388715564,16.286645138691657,38.540357595478696,62.362053308977536,87.88588877637585,109.46801321227554,121.26946077711185,116.06135336637851,89.43502207172374,47.91849616374692,6.133581180444564,-30.112083560992172,-64.36964282028765,-85.75973849608204,-81.21629154300233,-67.63227745754693,-61.78701389374919,-52.79919764331298,-38.77754882733552,-29.433831328963734,-18.440483121562227,-5.503155842288123,-0.15625376744783637,4.597395916395558,10.436209032360507,5.607873813675016,-0.30017365397322315,8.27779866458885,19.713383884773076,16.342749217907542,-0.6070941038568058,-14.728592129578177,-12.178023961604897,-1.3395496158139455,0.42552891897435163,-6.219190014321345,-11.718732028312438,-12.33275554025934,-7.312674898162088,-0.8204014130112585,2.4328996558990617,3.006850922285105,-1.696292186229094,-10.599780782095753,-9.733811792813837,3.345335665703206,9.44933512061295,0.35450847980222466,-8.897643551153138,-7.5884845693223975,-1.312496594855154,4.634401792687772,9.044674413358557,6.583553609324714,-0.44015465989269664,0.6069791380722027,7.032352267134734,8.912854682073693,16.426489464086227,28.395904601317934,15.437683836329125,-17.381181043186512,-24.62042961990782,-5.254010031714465,-3.891264094595238,-23.001779041532096,-26.875428181348894,-18.874522295013456,-22.99363504310105,-26.116894399706467,-18.811418439387634,-22.78691444664033,-38.19481218335342,-46.75834507603427,-43.95516457600074,-33.83380092443089,-36.668532906783476,-58.64468893273954,-90.91699960125366,-122.45567693122666,29.044563340242547,502.6087084351945,772.1056866263011,258.0116194776324,-442.37202767115775,-445.6962461672798,-94.24337552686237,-39.90023128302931,-86.16408082673011,-0.45942499692795735,17.414484699927947,-29.468671567942195,1.3060386635234664,28.471509571086443,0.9206778505665518,-8.969485838244307,-3.3818761718244685,-8.748894073709923,-7.373136075150591,-2.169874634845902,-5.4467139204714,-12.745310080998882,-22.169859306664907,-30.30274939676788,-30.65687477149774,-24.949264959614677,-17.40956324814729,-5.957210172476165,13.922787026301041,38.76846455586523,61.95960726639944,85.86311148264045,109.76964123223296,122.63691405784115,120.21797964010958,102.11876310096372,62.17855321042191,7.9613107994436465,-36.335533325312824,-59.85454197573034,-70.09024667098222,-68.51746585198833,-51.924218555317495,-33.593621689218224,-25.745840458870155,-17.124686111425103,-7.691341567888877,-12.7236362716,-12.734392306634192,5.151669302747212,-3.513270312903046,-42.45028909953531,-47.36510999181969,-18.532420779757057,-9.904357376961944,-13.682894120332657,-5.8875452993043105,-2.4004653956364237,-4.283552521634267,-3.316223998529379,-9.966749259163112,-16.358286449365607,-11.357516355825428,-10.276770512577645,-11.745640784888518,-1.4077690868567778,4.332530230839362,-5.029627706023659,-8.386482489607335,-1.3777232508402104,-0.36259285934862184,-4.5191007128881875,-5.273532909871732,-2.8241822697244245,3.9327374487451072,11.764954204384772,9.496328163875138,-2.537772186626661,-13.806308798338423,-18.840637767507808,-14.186370722434365,-4.338012280194739,-4.1516958782664215,-10.892765566722057,-9.700538020805975,-8.651250997776687,-16.771383403994708,-20.237186906041345,-17.724253192905948,-17.824440897044354,-4.651694082786568,25.922877115528905,42.41079609330433,35.29472473987561,26.30823284331131,17.723911293346024,3.9068847805504405,-4.589051719104058,-8.80662397294875,-16.648392105390602,-21.746366495089134,-25.697323381597514,-33.53317316100752,-38.181148556691966,-39.974660209002906,-38.668507217159245,-37.96044023061691,-52.351607595752625,-66.10774185286343,-86.64178483760791,-89.67339664730733,163.90100765788688,654.2211508310654,677.3530176207452,-25.193541698158157,-530.7172149460922,-306.6541134279303,-28.308270316746594,-76.3648971614798,-75.34010646444075,17.051597678956185,-19.057626106702415,-57.74680712054263,-7.133129820630659,-3.5874797682859807,-33.467093189400224,-6.749224783147117,17.969543712407965,-1.082551682498515,-13.228246188976266,-8.657588926197334,-9.481430725115755,-12.02868017864535,-21.883845459789185,-43.43592310894944,-49.325328934747,-26.907269098819214,2.442660115056415,20.048272952423257,24.04643521632274,34.88186951576208,69.6142149543031,98.5254366705115,98.97099525256003,102.10129508318933,113.32768560994387,94.21506873819196,44.24949189047364,-7.375638840033224,-51.445739691894715,-80.10291987897577,-79.85566589989259,-61.25165979477198,-56.054005635731784,-71.04698050674119,-68.26538559600058,-31.661687168541167,-8.134278397948354,-18.513497974225288,-16.225985998389753,8.365084788040006,6.813131159865183,-15.17310678769655,-4.78357666528713,20.527879921024965,6.6937570416934005,-20.674493058299298,-11.090307962248485,13.135828394593922,18.873900028023222,15.032713788438627,4.584678008742723,-9.350588684330791,-6.47115935704824,1.325395436303742,-9.686439337129645,-14.233150252637163,4.415288151886658,1.063906097598725,-37.62400899438599,-48.65698051260992,-18.929515795109044,-8.620092954538778,-6.818147960062447,31.095830069349184,44.41903270550506,-6.596905669399625,-35.09789924268504,-4.104653336627466,28.282880077681217,37.39863111299101,7.220833194177214,-63.71596715631317,-87.71465488389094,-32.124332125054444,2.8595286468750096,-13.94319723176747,-19.038398827197124,-19.80025982288742,-37.887936966658636,-24.939590261487346,14.80574079659531,16.646852773496505,-1.786576277837785,14.28209161735542,35.25109773304516,21.41953657724048,3.45703686808897,2.398220217949701,-4.311665638778077,-14.838532301097988,-16.70936856281876,-33.22336404006907,-58.86567509271126,-45.083741464206895,-18.47501964756958,-40.537775619742035,-59.84925800078263,-37.424525840300035,-51.041779164362225,-96.72578883186222,-117.98569987709007,-102.34912806471246,157.16631120951118,680.475588023072,746.7907827093527,18.06783060631146,-552.3649483878827,-348.4111937804936,-57.820981367431834,-95.55732557079605,-84.10327411350106,10.269830344287428,-17.676012574481703,-23.783777281949167,39.9538661405569,23.004792584359855,-18.363637147875234,-3.99298560467603,-1.1295590414132706,-7.070847804371285,5.596000889259537,-7.596115594213977,-29.666688494877814,-20.84518606467781,-19.7165002663466,-36.848922230997125,-34.22734159235976,-26.006981954837002,-33.310929293655775,-25.58260552627864,8.401568511488762,42.691451622131076,73.44923641556102,105.69442421732428,119.58700401880681,110.58909675742831,106.11504099569842,103.32190082990493,62.63999323197102,-9.203780392317755,-56.268763746513706,-67.00950918674033,-75.43437107938789,-78.78120999357263,-56.78436020633919,-37.56516572545364,-42.501660725102106,-35.64974507940505,-9.85742155165072,-5.045838889737798,-9.74943868603727,3.1248480171498763,-3.670915575851428,-38.04369245801013,-43.52959855230324,-22.490836755190283,-21.57285734846302,-25.947583848119443,-10.250750392697775,-1.1983614533972542,-10.427660503235934,-6.972893710241829,11.869932881630339,10.778490995126587,-6.661985191671885,-3.0503498895829804,6.875119120333906,-10.194056204481917,-21.62024207780832,-0.6797560076745146,9.873646854488662,-6.625634380870334,-13.459645961413766,-8.637501781225621,-15.58234573071148,-21.748829736719962,-8.912064983376919,5.142754516610145,-1.077038822280505,-12.91025805047594,-11.453354579044795,-17.551316515311115,-39.23284581974736,-29.91456884066813,18.2295748975582,42.26894291618352,30.705239644113377,32.91092857313306,39.8365742749954,12.236086571251121,-20.94823712988854,-24.69669503426332,-23.97445332491829,-29.006467431325316,-23.7742619748469,-28.780513833666888,-44.848226030292864,-36.34092907695394,-29.134168957602235,-49.60640781201865,-51.66774876484639,-36.95031472337488,-53.03384392251288,-106.46683323921913,-134.5334126268401,101.59209927537532,635.5775086104968,773.3111125127651,88.14111614617526,-544.4793793702868,-385.4786114540118,-43.92093589549346,-52.74137238444865,-69.65457758670888,35.466785337168474,34.04428644901534,-19.628094945182525,-22.245987315153368,-28.810530206782026,-22.23262398268993,5.700184432386038,-2.1129789743567047,-20.562666026881814,-13.934290040496007,-9.591193631088512,-14.11956369111811,-17.085793540272274,-25.399039172829333,-35.1934304505778,-31.665370037240073,-16.409493124112505,-6.009612905726643,4.541220275628152,33.129877428051344,55.95519063992936,54.29037652683354,70.58242354132071,116.32803176426722,141.10118750592997,131.23144239831802,103.73621732279452,55.57729686303719,0.5070223878160949,-37.59305300583217,-62.62111705837205,-78.04531914154009,-81.45213407545026,-80.64754026911815,-69.35060324691565,-41.32748831004455,-20.695402947379357,-18.987132489181658,-10.231193069183176,16.014830836996833,29.687410751945798,9.1066485625507,-19.6832786752247,-23.275181029069913,-14.699904931158029,-16.94247634993753,-16.726425020848517,-8.010092069563214,-8.883912103125919,-11.524262006863994,-1.6917531927809843,2.5954778633516353,-0.03293250357462174,10.872037808367255,16.019392622487814,-5.435224220101587,-19.890988716965342,-6.085331800911432,8.70733418321533,10.547404097001166,9.396350024532635,9.338346604247562,13.704169138017246,18.862254226506398,12.417349654543948,-1.6752007515985516,-12.352537188698289,-19.22288060091527,-20.192077474452894,-15.40438226584244,-11.024873670637648,-5.4993771246984124,-1.4624510165438007,-5.149760790516888,-2.555957660037763,13.3087163138491,20.556435194085715,9.879371032514845,-11.441099231979228,-39.52140935656331,-45.144670174383236,-7.600474659389253,22.502890025265938,11.901105288265178,7.783715425033507,16.773974809652636,-5.1460350540559965,-27.268053804696528,-11.417377686415893,-6.206012653426958,-28.64915382209235,-33.44345051372992,-23.33214467004338,-19.737864669031346,-18.186492101728305,-30.299128657335068,-52.25182521009367,-61.695337287453874,-67.14757373991547,-84.57222788599483,-122.98229477656812,-62.16511037049979,333.63869819056305,791.0083825100279,559.2776984874529,-229.91781598574633,-541.7129758197664,-226.35667513713287,-45.35874515919276,-111.13830205170302,-61.56520365768411,14.19861309127441,-17.898806127004725,-19.82676811129263,11.509270738452589,0.41320308812530726,-1.3978649886737875,15.38658002830265,10.869604198879273,5.314364735300176,6.324839167181523,-3.878284899814433,-16.219579464150506,-24.385605163949332,-32.08726087166224,-33.80783666754807,-28.395487837223644,-21.050509607627948,-11.82144008649994,4.848007960536645,28.844711541534487,51.78364952872867,76.96148128372454,105.62391110363026,114.74911700637432,105.75688913731112,105.07135071161875,87.30844419411709,23.499063543006514,-35.44558189909057,-50.10152988210393,-57.37967164784382,-73.5604048260532,-68.91051155703852,-46.73352036157283,-36.40088561462494,-32.88853859772045,-15.853826321142307,3.181563190982639,6.970379795473535,6.561147635663888,9.055646052412092,11.326818408137658,21.76744041156439,21.949559806293536,-14.794714617500867,-43.67616723680927,-21.73914020563098,1.1459830640422233,-12.683791170289128,-25.32048918169291,-18.050196411983308,-11.66995734656031,-9.969147385637845,-6.276312394403508,-2.8120832394166637,-1.671497924315629,-1.4186148555677534,3.542385078676576,14.614542535552264,17.484985544362484,3.053915665140959,-11.254905352054466,-11.588668450269655,-13.026094927817196,-22.82650793437271,-21.71130240442166,-8.109627680787082,-5.071632467266149,-14.306664097551906,-16.66246051922132,-9.12225201593424,-3.7428470060022807,-3.1186059556437744,-2.6174333695531686,-5.483476275789968,-8.610261043220543,-0.68391817768536,3.047105644235984,-12.434999142520423,-18.801385013440175,-9.225248198976695,-12.559939148286064,-6.9820120765165425,27.67801804959511,40.19329660662461,22.154190679392944,20.795164162641413,17.93280559048676,-7.285246100376831,-11.073065502685845,2.7142372293025465,-9.78562611458249,-29.336155637036022,-27.955442647803192,-23.739948361801112,-35.65533566591912,-56.37765131037344,-54.10170257236833,-33.7557847884887,-46.42870732651794,-77.00560267007941,-102.17750879976488,-96.44755922440329,171.01382819296083,677.6583897673574,701.1515691572267,-12.650783844429824,-519.8700986692761,-303.8887035408868,-38.901601119876055,-72.46116935505833,-49.2217127649504,46.945004410549075,15.009971200580452,-41.26553245706371,-39.58788237553715,-38.13406108264402,-23.223706760104484,0.940490581469005,-5.023375413922537,-14.925280079225168,-15.53230816863751,-19.432065852494272,-11.068051263101838,-2.5303488636724376,-14.305309280252867,-20.43204676616295,-19.630097789063306,-36.36957474589333,-38.793662594004914,-1.0910832761363736,30.220848828453896,35.416038145831095,55.2713774536596,88.65019422626588,100.72313183994046,105.55240136287259,117.43766691237059,100.43069013414006,46.86562043607774,-1.0668924220058642,-31.132377324139767,-56.82488315016273,-67.00834969162524,-59.583554199261876,-58.97606068782244,-64.79007571306704,-55.536323380736675,-36.497202945799394,-24.851295435103573,-16.779248370583524,-5.832399498898244,0.3778652594974048,-2.045134428756324,-7.384281778831134,-11.601015890660367,-10.964070496608688,-2.925893644447168,4.501407112711769,2.8513183923892207,-2.5769386325604966,-4.17723741943445,-3.3799052578806403,-1.3993376038836596,3.449567555861111,4.801067365576837,-4.505494226903476,-11.624256348060864,0.6451520756074984,17.517658874155966,13.178954405714004,-2.271514933106223,-6.546910414862779,-5.25073609747729,-5.142000488478428,0.08245705515396651,0.7215993922198756,-11.068570042026481,-15.852489627565813,-6.187886973043574,0.06253456125683776,3.3694582284269208,16.866418186209984,19.010593789083472,-22.099054562083044,-74.20586050405774,-69.77474743623183,-19.781877452362846,8.25491157699522,12.004617900689475,24.382712763240075,28.14962611412495,10.752300405110184,-0.7478194612609421,-1.570013511816125,-8.8510738404952,-23.09999135827267,-35.81714590572887,-41.417385445281525,-41.534594388338036,-39.22882683891638,-36.13656564811102,-42.21864091426198,-47.27268465715554,-32.95968816730161,-28.489106659558324,-53.34693054580819,-96.73615667746955,-114.69445109185989,106.55727255904513,590.408119201409,689.7443241552543,40.40629990566818,-525.2771534613528,-360.6827380812837,-60.718621561595064,-82.95122418747496,-81.71013327196049,24.719055272398222,8.047683163064043,-26.80316051524551,19.782058743452815,24.092067592691542,-2.884142209961464,5.342157747361698,0.6798577499450191,-12.382839982482231,-1.276730503044985,-5.114921987311314,-21.870599261520514,-16.00126642229576,-15.128708973835453,-33.17269762262217,-32.02221777580986,-14.299390902086081,-11.569340920374264,-8.068131478327922,18.693929951883632,48.472921797719714,72.3453099121406,107.10152267444681,131.2717510332153,114.88716740749128,90.59125441372156,82.38629421208955,50.765019652473725,-5.761744799133957,-40.74974818986056,-61.436815037053194,-80.6410831346923,-65.33471917004948,-34.273486613321545,-30.129528375191654,-21.975180161036583,-2.745768699503028,-17.78223934266463,-36.846317757019605,-17.95768103234106,-4.715080960968496,-12.12951531357087,-10.863696499635811,-21.7523997924719,-47.63557443509069,-41.75468061024264,-12.500399168575315,-2.066756461059043,-4.505099107545648,-0.6095276601470747,7.114941305731005,10.558868882874446,3.6111020141859704,-4.757161524237727,-0.5461936503055167,2.530057954636516,-7.404303654975469,-4.455033253703913,17.515922267713734,16.91517029750392,-8.208681005167845,-9.799294061336052,5.267543673763697,-3.536156531339838,-13.064964882399773,4.853569740903998,15.764186307549448,-1.218893961779969,-18.43914364084586,-16.945237148872298,-6.721919080493571,-11.198217111156133,-35.93928832887633,-45.64215190232588,-15.225728479700733,24.731313913806876,36.565439077340564,25.871248321951853,21.1418877754109,27.21222198497614,22.713699850778823,8.372628585998234,4.015582691832966,-2.581025357897375,-24.088342484376042,-34.85463215764362,-27.26994368398021,-26.128343663050195,-40.43442358649173,-58.55214091944197,-60.22648824378645,-48.53652275757538,-52.74357094100316,-66.69422366236817,-94.09307498415752,-98.92587856643635,161.11938453271893,654.0627048742924,673.9160138736747,-24.474266620598527,-523.7698828404598,-305.01979836529523,-28.838722268746082,-66.35347365871715,-65.07180143452732,16.136420868994023,-14.131578674613102,-36.07736933041625,16.76029449295844,19.990312539527515,2.7567968367996585,35.65601722427631,43.456080681135376,-4.274508959511731,-37.1849926353329,-40.09714490309521,-46.54312701936006,-48.57297961549258,-31.45028153405392,-22.268101179451747,-37.53198430180508,-44.55946879076778,-18.884761491688778,13.522124123948753,27.431136784166036,40.81056632682453,68.85280929849667,94.1399219477124,109.56802035668392,118.59788384709465,107.31479672719043,79.66340470356013,50.4264213818883,2.302926014231642,-54.681659857080575,-72.48853014656612,-64.33556118720941,-68.02086404122005,-62.942913115404,-43.83169781885073,-37.320547813368876,-25.850326518403392,-1.209595431096334,0.1512044044125922,-12.016281784948834,-1.4996969198777723,10.709662053855531,0.3217292313491491,-9.490481784491113,-1.6610008897906816,10.17123067924256,8.76175844956439,-7.108008345146411,-18.61184952491734,-13.93917538257728,-8.493585956753783,-10.984034356482336,-7.335860168310008,1.6365129712007382,-0.8833139389318845,-7.85282762484011,-1.7789075154120733,7.90655767102705,7.11952657418779,3.5540734031448196,5.130903091008841,10.239468703798785,15.649307270844526,14.011175103905122,5.369195367781872,-3.7867697826556466,-17.71909318173223,-28.787359184204547,-20.08333593642284,-11.028839200589989,-19.879536587674828,-20.428252313113962,-6.932808034688147,-7.085326028862809,-16.543637757014725,-17.099018384600626,-12.846363471059817,-2.6053587082888328,19.537222591093887,40.70126891419544,42.893558179560394,32.409618152554756,36.39491837766625,43.708381753021655,7.096186345511093,-51.49495102047276,-62.18272388714453,-37.47235484563673,-32.9647844379246,-42.81864683597674,-39.64596823857601,-33.278928037543686,-42.65919641636239,-53.68411942357572,-48.98334508593423,-51.18611678588502,-66.76068132054573,-87.75528148354022,-100.7852425700209,87.32409491021676,557.4351129932585,719.9413400827378,124.30418064755783,-488.4865985852482,-377.2577509313898,-49.92133802580234,-53.66703313863228,-90.90582939457462,2.4978584349582746,10.362981552768368,-21.98847354596867,13.988607764483856,18.328709006071122,-15.824048140275758,-11.961620708068175,1.5738308248827027,0.42609403506747157,0.6919418850995038,-7.773005369264231,-18.91571678173228,-18.471114020101243,-21.225773381011905,-26.48397867634534,-20.281900201279456,-12.706148059038867,-8.920572659150544,1.7724075411058298,16.380515918886235,33.10715321390468,63.83982557808093,97.99454366451515,108.4110756218423,99.77347249141098,93.81437257260271,86.01752429165172,59.288248233704266,11.591118374607671,-39.26363691187708,-65.8965228468456,-67.6672963420809,-71.32708130701295,-75.37170386330762,-59.663613887697096,-39.546159202406145,-34.23403627106396,-27.710598795320323,-8.753898963025145,8.354299471960696,13.893859702056236,14.87609385538181,20.153454511980733,27.17523988662653,29.9890758933891,24.572759346251296,-2.7316349010700023,-46.759488752107586,-61.73286752219812,-34.20204286755461,-12.869534277159689,-18.775705775209964,-23.556091270525542,-16.568263781084564,-6.486256372323741,4.9599484058226375,11.058900355951057,6.301077684134398,-1.6566439020409582,-6.911792886865741,-7.612791619659379,0.7357122208991034,13.449953501358436,15.626319599829724,6.297711400236262,2.3822741326623174,7.419108404147529,6.053580504989805,-4.914353588303818,-16.21604953918238,-23.423879744205752,-20.806263327056758,-10.759182134037317,-10.058017039911077,-19.346703336222618,-25.999945151341187,-29.860115475102962,-26.19544050535456,-5.2264367738156485,20.33272684258374,31.40465639480087,28.829034178810133,24.093820055934497,22.635831585780924,20.205039757479604,12.985499126458327,1.7639191295062195,-10.072078944572544,-15.708725213350316,-24.183059791808713,-46.48784435828725,-56.26076955606464,-46.06319923957397,-49.03465674688551,-53.98929836226936,-46.274898943146454,-53.624732804236366,-74.22268987540218,-102.69463489856165,-31.609678799088414,352.1522372747965,739.5207938361345,428.5536359433308,-316.51394690541173,-506.23220057519023,-174.75820953631086,-52.37344750231422,-110.71457357215746,-33.63751410688627,24.379112436859096,-13.305672669275502,-1.4524014136597416,21.16873340876529,0.9137353449129488,8.731801038229705,28.18239417032446,9.692647583314214,-5.861629245698198,3.9057094081328163,5.798510018757396,-1.6242636546418951,3.0556283755193885,-5.510946642940038,-50.99415744860539,-77.93441876921449,-48.23568777602078,-15.280749080315616,-1.9168782319871536,25.18062269521002,53.84405288848298,66.20175610049742,84.44455413812425,104.53876816937398,107.34879675976372,97.38384483735905,69.57003168450795,22.70631516961054,-18.511039451664523,-46.09727959721736,-69.17774930864948,-81.38454725930617,-76.47344570107182,-63.6723094146447,-53.42606949031331,-44.2955416738705,-29.30011520577326,-16.74702630039725,-17.082470660943414,-14.84775794454938,0.6143821242367089,11.415218367646732,10.719628533905642,9.363786316531959,7.966115278767602,8.117696443749363,10.504861004470776,0.031632498029049216,-17.24461751228574,-15.27001178515215,-7.879155550026507,-17.16484818071511,-16.89003405132624,2.4864264098114646,4.355220675528637,-11.747053997507159,-14.836027447798504,-9.743318793455835,-8.309543586661292,-2.0316172662429235,4.3606545870928075,1.069826581781264,-5.160761574796771,-6.47071534197185,-1.4330988132184137,2.6454768333857395,-3.919325541015912,-12.995612866056057,-15.78838461420834,-18.14572197962303,-13.75843993651081,5.531813048074743,22.273373787644335,23.190563904158864,20.05102200933176,22.334872507876426,21.08964487051125,7.949520826144058,-3.7013333415670626,-2.7535110921477326,-3.4638719365049133,-6.738327155829286,0.7869949565101919,-0.4143357372127934,-31.881301290049027,-73.42944781526325,-89.1524346720822,-71.08817488874311,-58.987261323845075,-74.41792014639013,-95.68981946888032,-118.27523943355104,-2.8949030900882633,421.5923107307576,723.8569791774618,287.9507954788513,-407.5983613294168,-457.6387032280303,-116.80684480350162,-49.17613620736383,-91.33019134269912,0.4204513956224645,24.69866325694914,-22.725047468182765,6.905145158222309,33.52725388582594,9.65238508593026,7.383603035722137,13.477616655903347,5.585645025222952,8.800466743598964,9.740464335165083,-7.153066876975175,-26.081332180965497,-36.47355946016999,-33.92562699812322,-24.280735392048612,-21.991177136893317,-22.932861450566413,-13.24026545831767,9.290744381107505,37.63183431119781,63.33298722349339,85.86616261748658,106.54866568274848,117.9272368924597,116.76201331544111,102.26388249528974,65.81676710775784,14.56602833354635,-28.369181521898728,-57.625043627237766,-76.85277282310679,-80.62440431455278,-71.943616276114,-59.686513240989456,-44.59726730983777,-31.449661660758956,-23.63786235384875,-11.364683501228884,3.352106734885167,3.4966719684394203,-6.696120501539161,-6.2779739700810655,5.050731215404727,10.959709835360947,8.445110777029477,8.113313013876752,11.586929110212465,8.626484564830093,-0.42985299912616615,-0.902951541704677,7.6122968087937,7.536737672638306,-0.6692864214355407,1.493949617853599,10.904561067150324,13.938231033138914,18.384064041527893,20.230522966437675,-5.129254582446858,-39.46530220859309,-40.39054374639976,-22.70768563177935,-21.192662127959203,-23.136119223610223,-12.972308118319258,-4.78877239324081,-2.719546298139649,1.4171227800471762,4.149054235694699,1.3860128000001994,-0.1946452143330779,5.434754079342731,11.516154558930694,8.021013001764613,-0.5959099719994594,-10.651494631058805,-27.416290290247876,-31.199212970158804,0.0746194573747081,31.898872460464823,27.528311960640778,12.610284217463455,7.4955647592029475,-4.7929965487427975,-16.561436594986976,-13.964801515886087,-16.165276738648707,-27.462002200127188,-31.641312349361254,-31.05233001422658,-32.96813074297004,-38.41975966733554,-43.23780985438715,-43.74850288348859,-54.03819081305743,-71.2297359558981,-91.59217141710025,-104.21558813879005,83.71213581136396,550.1309379239764,716.1097391799797,140.01054600993007,-463.1139139341073,-373.09891006129095,-66.69745301441165,-62.86175886641219,-88.84426187256813,-0.9189325586843964,4.535385363275147,-21.000124861965475,14.474391348481266,18.309920485043467,-4.575916135004103,5.4055926757175605,11.429559387601437,3.264340481853735,1.0658506430700356,-6.265683850833732,-10.421213211299786,-3.737829274228091,0.5805685988317582,3.146766551395548,-10.879737810349527,-50.381191835049336,-65.14605567308556,-30.91791161272697,6.463633081090354,26.734293383646936,47.56152327885684,68.24602992350246,86.21041358805913,106.0357812529206,115.47245223667056,97.93447878502218,53.480870189843486,3.4123298918508738,-27.249161318422992,-43.02688403126582,-57.57557456188573,-59.02581379581248,-48.19797981143762,-49.03038017724084,-53.52645148944809,-40.24860127737577,-25.595494461082993,-25.225296442229777,-22.60777448819544,-10.74999174548051,-2.226119196105099,1.0121827023744885,3.8605646148831525,4.18075510754324,2.6790961393314365,3.807400323658186,3.842261019761443,-0.4410776293722698,-1.1559409238598128,0.9292078192015012,-7.115526400692794,-17.32376901290322,-10.885643034190988,0.5333555263520129,-1.0146955796323525,-4.845013077064587,-2.8021085365664415,-3.6724443168196217,-5.339294831655083,-1.3453584838416521,1.582777822590752,-1.6014465087094933,-5.252851050890575,-2.079391156388229,7.128474695363947,11.956425330789294,10.411542232792005,12.781491699955174,13.571966156675035,-1.3556670939011148,-17.523695522791712,-14.504672335414785,-9.215545869189068,-23.096228454342572,-38.112719873021504,-30.964705829940016,-10.337440912517478,8.403774122361467,20.886533646455593,23.798661266712408,22.69796677321225,23.404132481035937,13.681251567404727,-6.227130333436819,-15.953202706839068,-16.554965376884816,-20.574523375618387,-24.632274109529252,-23.151549694415372,-17.13268706937562,-20.52165660871597,-36.438784445301515,-35.131878194387724,-24.978626999516802,-35.55088834501891,-46.32304036110582,-76.93847569907521,-53.02068358760394,284.36742907372616,694.9066815655252,441.1730607469481,-298.6565653210617,-521.3839136875981,-194.72505660213028,-59.606325508607256,-121.64628576575043,-47.097059029437155,17.405907396902748,-21.983865013923015,-12.819988991942193,15.80013582499933,0.08641617193968543,6.101846772923028,23.19010942654507,9.290551254372227,-2.7145548168650677,-7.232084944441872,-17.984315443921062,-18.27599191881965,-16.04627189051017,-25.511781423953376,-29.98747703125136,-26.870338909675553,-23.740010882264304,-8.145492207266258,18.368689588596013,36.63881069268923,49.6259788280953,69.46912818035361,91.14210005995629,108.05691496511358,118.10241960737602,109.53328067301592,71.8732761782534,18.766065630289372,-24.644040110763136,-53.52992531298673,-73.16586746087806,-73.78089407907,-57.78332606493594,-51.21340641427286,-52.916030549606404,-39.88678167467906,-22.61983440544138,-18.75969988561484,-15.329050756774697,-6.180919639926934,-0.9102313185804682,2.801658105574245,4.848146367848013,-0.05932938807371002,-2.209852468418976,4.086213071376671,9.382597674826528,10.016527362852631,5.703221411636944,-4.584962525291152,-10.918639653288434,-5.874163416377764,1.1443900217789098,2.1878096429892144,4.808235443350117,15.840959369760915,24.337247962519992,19.471557425615508,8.223267430424391,-7.270954033067872,-28.211028491056688,-33.773677068958804,-17.152142505519418,-3.979526536540428,-0.878354225771524,-2.5256583743026475,-18.264649570155058,-31.72215509181482,-21.135523737741075,-10.360114331957242,-14.182100763731945,-13.004701420702629,-9.691988763187318,-16.861348842032395,-24.694399215056396,-27.72180740826661,-24.046935588382944,-6.309433083391376,14.166141936486675,22.835486278189606,26.63679293098216,26.437206433634692,12.881153720838533,-2.930782046554887,-8.883715548162666,-16.350228655944814,-25.321175025081658,-22.68317622402188,-21.22548527641041,-31.49804161014946,-40.576721613121855,-48.00564606725851,-50.356177823661376,-42.80324463014534,-50.22554437903099,-75.67286132805737,-110.85906455201032,-99.90737211492618,177.8087206362106,651.4295582900604,632.1531951906514,-66.11445178774852,-526.1762505598771,-293.28083053787213,-38.112663549481425,-81.03630360816541,-68.37263332873079,12.151571799284504,-15.640840895997144,-27.29164725681556,19.201540467748597,12.371135060331083,-5.640549783991146,12.78943691447726,10.649765203141838,-5.882852098770813,-3.3404385128841527,-6.496860101674937,-19.252218319744102,-18.296376162522044,-11.904691963504193,-12.649534212730131,-13.163461390891275,-15.548674549761905,-22.993661326109617,-13.160512693236333,23.940340613223903,61.67303567669858,88.41276167690535,110.93411186754028,111.23482903725123,85.84913444230355,68.57365610667686,58.8492179046662,24.399508344268767,-26.79934600186374,-65.87599652114758,-86.5321589429538,-87.64430727512483,-71.64146097397469,-56.6677142729679,-52.984388675515945,-50.22834628309424,-38.43540903036835,-20.435927170706194,-4.118708897812539,3.319992916675236,-1.631701282431667,-9.019198466601669,-5.165847975666921,1.9322807143359313,0.9504107294267818,3.1361282755232622,10.199197181745788,5.470525989780805,-4.119716766614922,-1.2095527527992171,5.065364022139127,2.566269098101058,-4.441849038741624,-9.235673318981439,-6.091665782862594,1.1458752502079577,-1.2711561979377723,-10.115376360061667,-10.73104387488847,-4.949117207283413,-0.818133705469049,0.4407391984386537,-2.9298101136108894,-8.62895098053639,-10.368222199167853,-11.261496045561888,-17.05799276386355,-20.022778116712054,-7.8517360557788525,14.656257531444586,30.481494731551052,36.74355646316807,41.43375399472455,39.08866106387944,22.89308954039678,5.0042103771474515,-5.076162812300803,-13.583470476882177,-20.78316969860144,-23.753105477713206,-27.760393443322645,-29.596860205906403,-33.396191862952534,-56.59268284854181,-72.50846237850757,-53.08278957292366,-43.34802609119316,-63.88059528272417,-98.51226554612234,-121.53621696842518,80.06564419340958,567.4345726080951,703.6986477267129,78.23912954622008,-505.1471998893968,-362.4056827724009,-53.948577491859595,-63.42481067155626,-71.99902898919376,24.925185736468887,17.561810316362383,-9.340954762226307,34.847526376854375,43.64571576623002,22.66321304664684,13.609984310255118,-22.83973739138979,-49.79554043667601,-27.836822808190263,-14.811746358636281,-28.408566475112426,-34.528362997507976,-36.552714053914684,-39.5498935409507,-31.993744022218465,-18.34138895952599,-6.136732137420177,4.241713139446269,17.619928996301965,43.570105104910525,75.81776743399493,99.43715159106539,116.14145231155649,125.23771673093296,113.810563955224,81.78334884808945,39.72375118899778,-3.5748854361789775,-38.046525733168124,-61.608794605267235,-77.99547217483631,-79.97536997874282,-64.80362782576675,-47.967702392514724,-38.98845624270392,-31.780686034523058,-21.849395549220095,-10.756404379729197,-1.0706288656855145,5.9137572342688225,10.991404351727558,12.669237224391715,8.930967791843262,4.6108280221557685,4.333198378244736,5.991749266794493,8.719465643260923,9.998424819060066,0.6436320164204599,-15.576485796867406,-18.48966293450944,-6.815587130581526,-3.1404075352119403,-12.440112587856559,-15.176062780786076,-4.556123310676413,4.891334654358056,4.37825527034514,0.576422112152561,-1.2212687168791723,-3.4690612963431953,-4.326322650018291,-0.2986327629554515,3.88847516398934,6.5734883342916035,9.65235380545534,8.806379439878837,11.389713691283776,24.79726758662604,19.49792339931606,-21.556166214404463,-53.18321545344536,-41.591722865641486,-11.522940204159426,11.757405093260708,25.15863955715151,26.074093009799384,14.604255332147812,-3.693523212156091,-15.73774668572575,-12.081837263664724,-11.41032495093461,-24.647494278107086,-27.957635102750107,-22.098052305766334,-28.395049357061716,-33.54885411509876,-32.00054724955227,-37.86433280160951,-43.44292145152683,-54.959008137711265,-77.68604581762716,-99.7401495937293,-120.67227755410627,23.146690590516016,486.9528852033919,772.6587939591909,282.168434758549,-420.13716705570823,-441.19239014139816,-101.77486210595474,-54.25272441314619,-102.42316351780809,-11.143052845146684,17.076386095915097,-16.019837769750026,17.73739895423237,26.136685761408632,-12.085155931919932,-4.856853807210323,13.247107494106238,1.4198766101343758,0.507984879923332,4.656728625168304,-13.955890771812884,-37.01145802281211,-47.786299767127886,-46.28079807903406,-35.19056870125393,-27.275649755471996,-21.323215127009014,1.1187015818172608,30.394936912561995,44.67050373677806,58.87704255283552,85.31102931364357,99.71703179320411,98.51450964745615,103.03178395896,100.87372975769557,71.12625384004609,25.903498298505745,-21.693631196518805,-64.66595017568534,-81.87943740656237,-67.86493977988614,-47.94158649972086,-34.8297121389068,-14.324696128275127,6.121228261254615,-11.765975137290802,-57.54618034111065,-61.940073000556005,-20.035663822044413,-3.8723660394421877,-22.3386584483997,-22.755365120842107,-6.484699579127444,-0.3886227163206808,5.721884085456951,12.269697061795679,4.225978359454119,-5.056141850412452,-2.628298488654252,1.408788953379096,2.4843616283050043,-0.9773770453474278,-9.13772602565756,-5.935766762709839,7.735675338044121,6.113197965000971,-6.446911741555796,-5.4548196038002725,1.7304113340509755,-0.3340919769817461,-4.511982332577245,-2.644573032979734,3.0446389945692935,3.983228839748688,-4.385085249317926,-7.722217794603251,2.4732153212388126,8.279161401558824,0.8015954257231712,-9.342128787042729,-19.25295343483983,-26.23409148647981,-20.89826377892318,-8.602207187392612,0.9411807930440259,17.95664425725369,43.61937046872839,45.682665642444036,16.54310502353071,-0.33274986275612806,6.026180720140379,1.0445935936527118,-13.157443447781432,-18.009120006444473,-23.899690209982186,-29.889102616556446,-31.565632204399506,-38.00306291887914,-39.159594296892635,-35.94961628492198,-43.786476970045115,-50.89460304677067,-56.957058818925546,-72.67329344509744,-101.75043625671914,-109.85530959435131,111.6546907633292,600.3799328785424,731.889464512142,109.7906640846517,-491.01288544429815,-386.8133231795872,-86.24020800558793,-75.93156346517009,-87.58183448504573,0.7693149653919846,7.258710702892124,-25.2020627455137,-6.182195287666594,11.90736847075711,16.42793999776207,16.42850509253232,4.332633901219998,11.127351990796445,32.87573875553369,28.923400044294848,4.0245723540787575,-26.485214734499614,-58.785070085250595,-72.32820007367093,-58.90638200306954,-37.385334248320696,-23.172079789212763,-11.136535585331185,11.341486622848452,37.3799438018053,60.35597089860687,94.50861449287939,124.02976392753139,116.87072418563116,96.14667089570665,83.53463691326382,51.185946673962974,1.9337649470060079,-36.881457563938646,-73.1914128034068,-93.43178920570391,-67.95175539713975,-38.02408470383521,-43.50839780123487,-43.151906362566564,-22.364367180704996,-25.387913060409126,-41.38579012868939,-25.919486208867898,2.641840919544899,7.447908524330895,-5.631103020730059,-14.734159307428008,-6.43150347346579,11.390231187249986,13.178691187928123,-0.9111841818514677,-8.885303974939216,-10.077663217169848,-8.000258966264258,5.337541611573371,16.386872030359314,6.506877879204086,-4.983023752480243,1.3834759536100023,2.7482609181518134,-11.97141441947754,-10.38949073588778,7.770329482036257,-1.1095558287499472,-25.72325947269632,-15.398572522798148,11.527901030907891,8.339158546955701,-9.706537145661216,-13.565865701393914,-8.923701018224854,-6.41361080574954,-13.157301612363439,-24.70567892076286,-22.974813794124923,-17.81867044125189,-21.286359343409693,-2.3817907223846726,39.01123456449586,55.6733405485389,51.943085027136156,52.22069340440786,34.677822092893564,11.766059513220927,16.649043200359472,2.20305549954276,-56.032580488225584,-83.13047780954844,-59.527195848626064,-46.65015707169812,-55.297121750043445,-61.5193697507161,-61.11789163046298,-57.23683630291608,-60.24806037789222,-70.9885668499072,-106.55743780690239,-119.59377548214613,149.91508138091604,666.4807672332627,694.442554407326,-24.98241777934595,-539.397753835274,-309.12247414100494,-30.81696232272499,-91.85560720386019,-100.82776061299373,2.6928199974864953,-6.053733289363791,-39.080568509468826,-13.164566269122528,-12.322423877810078,-12.991672575585094,14.195844496114336,9.291002586649213,-8.547132181925043,4.701593378699882,7.77433927911574,-13.507359741317405,-21.9989075891097,-25.566930910912824,-39.01274943318192,-37.31204390373211,-22.262809498845886,-17.723304201217697,-6.897390000373688,24.862079417240167,52.46976912141441,69.8969003223363,99.33320859937821,133.42015245932265,139.10254153251773,109.2981788125121,66.35676593078017,22.66199657190951,-23.775458730011167,-61.0170099437156,-76.27393682696515,-79.8907978537043,-78.05460160948051,-63.182341247915986,-45.78482887846042,-41.25574789326413,-38.772461679177226,-25.172161330811125,-7.656699968888354,2.567333736267802,1.639323813750961,-3.9117542533843164,-0.05943602391543035,13.621951076884258,21.694092355078524,18.544581766030248,16.046219281799573,22.706794874446246,21.3912583242375,-9.064262061897281,-42.58468801337539,-38.215678598071314,-17.853373353860583,-21.133748591686633,-29.6529993054943,-17.932733634858273,-0.010803852052557517,9.947744047696045,11.892655039251899,9.16762234096717,10.192383265440968,13.933931297470153,11.298457623959365,3.315708617141249,-6.881161863714688,-17.799774214304843,-26.0841831577484,-31.780045586548866,-30.09658491288978,-22.9341496828971,-25.60794712029892,-19.197501177438724,21.654584720983955,50.25306280020118,31.17063192743678,17.009101653412763,28.008913511369723,19.98201289388972,-1.979208033613864,-6.391167778306912,-0.1228224719968316,6.291846524553462,-4.029930002768644,-37.35763400677746,-47.02207790485136,-31.64021687253734,-45.670293918891375,-59.92481152317859,-46.28301528346394,-62.22245172816307,-101.3616756577187,-128.2266907973061,-72.95660940454383,283.9251552290897,750.4488322011354,569.0307755118586,-217.81335722641876,-551.6517640756899,-216.195127065053,-13.874643823355491,-96.46098196174779,-61.339510098804354,16.25888572498971,-18.481957878011393,-17.419499863580235,23.84676410385123,6.995437510762095,-7.749649209374989,10.09364315227387,11.834923535414928,7.475130467494851,10.884999691606332,2.9436416996664834,-12.281471725459935,-20.564642465508467,-21.12561267347141,-16.107853684055204,-4.802287124697838,7.72478290728526,2.4835432373655415,-17.211738994740735,-10.25278014135934,31.215204642491614,67.46742473250114,87.95024461061605,108.5446156038288,116.7979678371709,98.39699814452794,69.49064349558597,37.16161447589763,-14.74299256178426,-71.74816782175571,-88.38515427101477,-67.74245872500818,-56.958462921474506,-59.18813227516753,-51.253792604580134,-45.38329958460494,-43.807618088224714,-22.651565311274595,4.509156560941381,10.423566211453418,5.439178219136501,1.910709097487742,2.5676052326157817,14.422137544317287,19.32792003363351,0.8608133066184056,-12.254006690877493,-8.093925495875608,-12.453236823580493,-17.625400822503618,-4.070669717884849,7.115722195299759,4.5058514804298575,2.5723921220578183,-0.9429857766030887,-4.19652615162237,6.556011002980586,16.60089805976459,8.766539074604033,-3.1155025190629777,-9.623090324731283,-11.026183901018536,0.8114727814065912,12.88500300694491,1.262284308450499,-15.323142136127753,-9.593037182944418,-0.7469678593240912,-4.935210382688831,-2.06014713768061,5.9980928311341595,-3.1551761588368823,-14.24543325354868,-6.927656925589437,0.18466326756948526,-5.463287156277417,-13.15856939802246,-17.375205814011863,-5.282209471084898,28.10489353685505,46.75343952915851,35.69088921090088,27.313630543322972,17.560918232366024,-11.772619389724156,-21.164866275156825,-1.9064641964618412,-2.7140522997686802,-11.549784205646574,-1.471213102819874,-8.473259040168731,-24.11620079296951,-13.98741005130055,-25.15165454580015,-75.63317458786264,-105.04271465312995,-100.45863718698595,-107.10927547648706,-138.64604941395444,-35.97872793031098,390.77272396246195,756.5075695117897,398.81910909528045,-334.82296546798096,-485.01060533111445,-147.20680331674254,-37.32242688509537,-97.12875603934475,-20.05654462295346,21.212791004836255,-37.99390242998281,-24.281757208661563,15.403957453281606,-1.8514725752437649,0.4776264010614648,20.19283072020274,0.9526846833656499,-17.03479615062796,-9.223063295519673,-10.949159824548254,-19.854785189101513,-16.556901769042415,-16.777251392229328,-27.48116121299134,-28.514028805252508,-17.312820302984782,-7.173171378094784,9.065753846691553,39.59847625689879,66.08018299761467,76.7212378746247,88.41895163037456,110.22459619525176,122.0678788621222,103.97215112885341,61.35535904705178,13.953270784079265,-25.906166192401287,-54.84009793241438,-67.4587364350279,-63.50749622135487,-59.26078718791919,-62.675498788313845,-55.45358202989595,-34.02201029927715,-22.71329770996069,-21.56584976572027,-12.631025084351538,-5.368263658862372,-3.9872317749049113,6.159385933237933,12.849621014566377,7.6283080211932255,12.052450143585324,17.28285177575079,4.605132149624053,-0.33743527710253485,12.24721610737349,18.906364411925423,18.39696987585679,13.50640055966127,6.26666576705529,12.381452778784393,7.624595662170137,-31.995294754718216,-51.2887600754063,-25.243012459344918,-15.0979766977709,-28.530174325255775,-18.935865281432182,-1.3163466744935022,-5.8348515372555525,-14.431471049801935,-14.313233894350434,-13.322618077539763,-9.724158583099232,-0.7935529689483065,6.223966926585916,2.721625859990205,-6.97117930882915,-5.425116850466858,7.967142710363518,12.585534957800741,3.444441516975351,-5.216716477826022,-8.252270842865045,-13.508061388863242,-23.111018399622292,-23.338293428773703,-4.954473518673736,17.0725775155648,26.36494225605452,25.196828708874495,18.86016528697734,7.6132511493378265,-3.4739121807703324,-5.67722097814332,-4.945196093776996,-17.070239595113645,-30.702458009625516,-25.578103997451386,-17.10956900365287,-20.23216524007333,-30.548842401679778,-49.69689107877615,-60.369581307797425,-53.69633760680283,-60.33235505801265,-87.1324400392233,-119.77202602554162,-42.813290826184684,347.1870632581597,755.857476487075,476.3115404755389,-282.0847780197669,-512.4048510321333,-176.39146772298892,-31.620839209828254,-101.51608386468885,-33.929018539453224,30.53551823611346,-19.679096240819018,-18.749193004482947,23.829717118564663,16.64694249431751,0.18364619852854247,-5.638229938929594,-11.401008553222393,-5.69905329963432,-9.16513571980386,-21.731736058241047,-13.42392978510038,-9.703735997411624,-31.78900416220259,-38.32295113666987,-20.139761200410007,-14.843617589138551,-17.877535831178204,-1.4640369262393893,25.944885151873706,53.32981119676233,86.04362278740064,114.22870320612843,130.46238532450064,139.00310276199764,118.0517661777019,53.28860926877139,-14.733455471759264,-52.684679153927,-74.80009294753427,-89.72094429544244,-88.78937655973289,-75.87807242688606,-61.03046748216324,-50.0405191483412,-40.88843341685448,-26.138721597073683,-15.37200325740081,-20.46086541003958,-22.04143455127494,-5.351560297866946,9.188704523892657,10.288125856453902,9.857361125493565,7.536777217325447,-1.0499327995909766,-2.6096216095102633,6.561598361242268,6.562319147362485,-7.405830262328028,-14.21841635016204,-9.238624056470051,-8.654535163700132,-12.269350746662404,-10.725482419380054,-7.692004755072851,-4.300345243839106,1.7701812727798885,3.4108042303937465,-1.2246046505780743,-7.678605495984893,-14.593021545653443,-10.780758385780597,6.49133067947229,10.427579803398089,-4.8776278891174805,-8.53968709297785,2.442697583339707,6.916449688560469,8.877310544682063,6.437855864629045,-17.245872936982494,-37.73115108554933,-23.074813121099744,1.6447685961574385,10.32325320884878,18.054921290933045,26.19873149747928,20.50622351819098,9.02524501619911,-2.511475206886466,-19.270108869110132,-30.833732423437468,-28.86238093471209,-25.828297590043807,-31.319393402009528,-35.04870066583391,-28.67045041995652,-28.496089873069838,-40.293160039508315,-43.25513185680101,-40.57150030530056,-44.34792134361278,-61.403957505343804,-81.88818585067634,76.33534671171664,511.0038995531408,687.0789220907462,133.60528298830172,-490.84981053272725,-424.20993929162455,-94.11620744416757,-67.9217086366805,-99.35746946684758,-2.5764185247078686,21.48436485084605,-11.901039990795116,7.483134805269341,15.362966646441016,6.995854208206789,24.607946280082697,22.725024505886974,-2.418912072918051,-11.78760200481874,-19.77434735340012,-30.327758937214075,-22.844293798626666,-13.133637201186975,-20.6784621766427,-30.63049017070017,-24.46157944131552,-8.320325675657486,1.939575559322055,15.076773628552388,46.70426928902212,76.7804606232821,87.02461780619487,98.67676056799858,118.85451938821818,123.07185272841828,105.21446032038877,70.51990289054754,14.187264550130001,-44.112388290614085,-67.00840713314415,-59.507458817872404,-61.43781523719854,-78.17260779450763,-74.5881826323986,-44.74736997369274,-26.239039228338587,-28.226457063202123,-18.38426633515371,6.061581601058489,12.772918003989037,-3.1076102289114527,-15.247158490566466,-10.072669129215107,1.4804198580943986,3.345599940605803,-2.5594436391016577,1.3443774364177479,12.35968735227561,7.121993582671663,-8.610651164530733,-7.179226887182368,5.111979059561191,7.180111594974316,6.0684063716713705,6.940161607059478,2.1068605126435758,2.3416309778923243,12.455294457788161,16.555160179113795,19.26453184977068,23.527170044202656,0.8135925507554109,-38.79174553107961,-41.896088252621055,-14.49745282492142,-6.3389911698338,-13.421575260658638,-7.024546695690484,3.1369924981959656,5.630915779189065,10.628040081826736,10.915213849769057,-8.33414565036788,-27.267665557892848,-23.04279470403921,-16.127181987124693,-27.13643793349462,-35.16850200770999,-23.74079635242144,-5.147663580071572,13.301919163473375,27.914043913751442,32.340974458583446,34.49076621122167,32.14636822642451,12.467682248163072,-5.23300838781973,-7.657874846841215,-16.490491260667106,-25.805419229652603,-21.938879297743686,-28.12631166731653,-40.62421288467151,-38.01860616411717,-34.684675473990445,-33.89365952420907,-37.325663075164655,-60.944534491979255,-92.81059326052659,-123.54006577660432,-25.855105299384434,395.53360788638827,769.2935209024818,408.43839436028276,-342.91227239992907,-502.68702487847156,-164.39704149627664,-44.4125914493042,-89.0907918624743,-16.804272528684596,8.97387283827561,-38.49329453733498,-2.1293823712984974,31.681011314992713,-4.291744804709271,-5.0838181031976575,21.045570981385758,8.323543060287202,-8.270877060413293,-7.860162932660569,-10.402755293572401,-11.702156238710117,-15.921435997387327,-26.331969660566163,-23.040918487409925,-12.323666628618282,-9.48560388050323,3.560605516613297,31.139344878567588,56.330467544869066,82.47602439225116,98.51598196021325,80.55001115202904,62.84576438299631,83.27842705598641,95.13138408627304,52.37905137398578,-9.208941832316878,-47.27193811786647,-64.5339972560983,-71.39577263730257,-71.22819899656838,-65.22328126696095,-50.47262417240975,-32.443654336193426,-22.234812961737216,-19.249615630570624,-17.1571371228936,-11.719064209947636,-1.942346503849011,3.335689818434904,-0.0849925693188407,-0.6402153257335481,2.813250411550115,-0.06250789907778653,-3.5269395371434626,-1.8217442930566143,-2.338696277935508,0.8222833843995936,11.09548732042171,8.46798235256932,-3.95505168140887,-0.5667456268618363,5.818371011375135,-6.34902782903254,-16.01733425119336,-7.7624581492258296,0.7595824522866952,0.021115372991292958,-3.6880700962998,-3.8040591291839547,-0.18141253045855343,-1.3463850202981194,-1.7554018392887913,8.615801047634577,7.289058787843302,-15.076763050764065,-24.0646411614829,-14.607795444911641,-11.776148593644105,-8.289869915446275,-0.12344568940925171,-5.803804414753898,-16.284393518212465,-19.1708717278343,-26.160644019456534,-28.726642980263765,-10.326882819970765,13.615757776449367,25.797681254915915,29.281415335988104,31.658032515475952,33.984821168430315,24.43597155296567,0.9665034545163573,-14.33949488713838,-15.820749953913468,-16.264151589289458,-14.904458850568563,-16.128335424669473,-25.40041718697106,-32.19147833470737,-39.396986790083425,-42.71180861915079,-27.384949795109023,-21.339138539393012,-38.86077971126524,-74.11265780044577,-115.57088308397167,43.81933702600588,504.4272242506007,676.3531848749046,103.77926861419841,-488.6973610800975,-385.4959136178924,-73.8276303920797,-64.61336022135416,-83.262712935771,7.959439762259322,12.188525008933624,-19.278619406857757,12.190098056679041,19.5511316136652,1.7136999839874747,16.409749020384076,23.137936767415354,8.305842297396342,7.118903386788526,3.6732379665688755,-17.07727466340311,-28.086209468442267,-26.14763476527548,-34.806199923396115,-47.48342044241584,-38.27433825465979,-13.360842755370406,0.3595839416826072,5.86833522229632,26.891164254413773,60.14591660321827,84.90435446586858,101.39216922166734,113.74862790399524,106.91678383370979,77.57403427205145,43.88069252092112,10.87057671554217,-26.34740289239876,-58.530674794910716,-74.43473815696272,-73.27738169484785,-61.54832318814297,-49.49195928491042,-38.21739465495279,-23.83232405448636,-14.363178547020132,-11.494015523871855,-2.7850241688591986,7.492458296099501,5.320364586726825,-3.1181355512568345,-6.041076112699336,-3.6118897883427277,-0.6016279440971051,-3.8346370842458164,-14.013353559711726,-18.991264455675406,-13.584394476563212,-7.751367141804902,-4.6412416872479945,1.5778066213030701,6.875251219888156,6.886042806432783,9.598513053317191,13.803548815388542,13.754676089683837,23.2872180647598,34.16654226064051,7.068252384336802,-38.54818568292768,-42.541904625517375,-20.914741391006363,-21.52738323910408,-28.411990487620013,-22.062260936361714,-20.728360006249186,-24.39243639831017,-21.714292818785804,-18.887495570781617,-15.830516712288308,-8.991352473937983,0.8608030296045088,21.408727435534786,40.08267631166117,29.356351696347833,7.936637846179935,4.585385432060612,-2.9240821354059214,-24.320091449757943,-30.276573712242865,-22.896939564763496,-25.046730987419963,-34.62493057183091,-41.5358011052543,-37.564569559600585,-30.34320486436858,-37.86136009486569,-43.65500619382143,-40.140311087230955,-51.168301396589,-72.84582197972757,-102.17837707389639,-34.6765546587348,334.36389265472167,706.8408868697345,402.83258096872294,-325.431592153526,-504.53566013950046,-161.0498559399321,-33.760188196823485,-100.008904348405,-23.296146629939592,36.432705527146865,-11.47443621302346,0.22277771638624166,35.70312984089828,13.422601053531073,5.398672755060878,14.791679257324171,-3.0108606946401864,-15.468925090392883,-12.686799724906114,-20.367964632775312,-28.45512094656166,-26.105555145787868,-23.755582402455232,-25.44864535072953,-26.616368471927885,-21.84989928155114,-8.392458714018387,15.169750787029784,46.49646067655628,72.31665008604415,87.00432341785705,101.07458043953523,114.65633201151999,118.71651417944355,107.74108813746562,73.48802241095652,25.406337823852077,-12.119020798692201,-39.56953403931224,-57.49880325844388,-53.88346039622294,-56.1566088553037,-83.38823428257572,-87.07711728475365,-51.75995098993978,-27.490456084595355,-21.945240229511292,-14.160531710859555,-16.745825165700413,-23.714809327415104,-11.815280900596271,1.6167601867075252,0.04957819998134205,-0.6546402614556044,4.216994180923279,7.258950116910489,8.663637597645867,5.242967953825301,-2.858486924183431,-5.971581306285926,-2.697793900656329,0.25856768582507605,0.7450681183171826,0.7317198175804838,1.563653317624797,1.2740509042096053,-1.0947356848537626,-1.5096950464681482,0.12609460620240087,-1.4474278349369962,-4.591212244246381,-3.3728469757817754,0.1352465336003683,1.9884795540417237,5.377691917034247,9.006262865773348,5.964128096926248,3.0697238328073926,6.94606633934665,0.6777179443292205,-21.440117148726422,-32.55392311192005,-19.385202604888256,1.507069755493001,15.935469718580269,22.214605143312674,24.69236492715583,22.52810467660202,8.42737474038214,-6.788112882752976,-9.6918473887215,-14.686753588912179,-26.259322677049486,-29.3333132586532,-28.974834002992647,-31.624352632212297,-34.19284526265071,-40.11443474931966,-40.828154172466824,-40.09155285296918,-56.69678383406182,-82.57854880280301,-108.328859454178,-15.518279716995238,376.9691055066954,731.4515550014744,398.88220773931323,-321.77363230835067,-486.0935085787682,-145.42082857959466,-13.232183807288227,-74.74396461880707,-12.988339755938167,35.769596469484064,-12.702633310592173,-4.253835601064277,34.8361695774108,7.842880943103726,-32.80586149381888,-39.55700485233003,-30.168644984191534,-19.172747137170308,-18.718377881786687,-27.50611957803318,-30.710393314104767,-27.43963861119473,-21.628422810050978,-17.08486908571468,-19.91357220657218,-21.19211586337892,-7.899315995872303,13.513029657068236,33.9713513346009,57.62786217313255,83.53060734678584,100.27420704065926,106.07034739880628,107.20344988307389,97.39828250143856,64.81998356099425,16.847381542045138,-24.29754855307741,-49.335030917054134,-64.97211182513838,-71.93819780734918,-67.51508639492448,-60.617928024439216,-54.730591580576366,-41.10279759066226,-23.91851429509622,-13.408481080635571,-5.526656216673416,1.0709883945577108,1.2865946362111096,0.6341451552391595,4.836955169980415,9.742523615972498,9.792767637399683,3.5692506663109977,-0.7726203448562279,2.7826246014582567,3.132241287668107,-3.80613131058864,-6.461379406522334,-6.646744905248015,-11.43402121829752,-13.406385023397737,-8.309178212397326,-0.9149567807084011,3.374310483976577,0.7081266104264978,-1.4047460605313944,3.60507657542902,7.07059753464127,8.820339559419201,12.417378597749241,6.859412635450212,-1.435115937981816,2.5046834866680014,2.1761757454455157,-7.6567305806754025,-3.319360916603481,7.746255734918523,4.799807480650007,2.9257266573360585,13.567314882492013,18.733700756189076,2.6161169297125966,-31.141989018613135,-57.165308386014296,-54.27371668074993,-39.88305856730135,-35.10040784373435,-26.766708448484774,-4.924048294598753,14.08158336592672,21.15286231768684,26.56534220355671,30.53280294359658,17.826696717395375,-4.7967721920422814,-13.020019889707662,-11.510306898858483,-14.446965864515452,-15.103265086529237,-16.845895881375068,-26.471651571237988,-35.49074905032431,-44.90665485271355,-49.90555822837924,-45.584889709912304,-53.71534014363611,-75.6348387689014,-103.4932223261155,-68.50941390270359,233.98747159462704,665.014571687224,555.2844097261814,-148.04199063819976,-521.6501784428639,-249.17101537921354,-22.19018174796103,-78.45486201893502,-60.49565210317729,20.06269398703344,-2.992134975647687,-16.33279751120071,18.82247742431663,12.728729296106309,-2.605535652260336,7.632158377028147,4.580270692966788,-5.478918122983371,-2.594699749264211,-3.6282654956677547,-12.798787540334988,-19.958949726171962,-23.173949060752122,-21.74573757923499,-17.999317844578123,-14.744334865164024,-7.107363779470704,9.388257605458186,33.08843050528175,55.955672838756136,66.24933543302495,67.56032475273648,77.96690773290604,94.24613309965935,93.56943959863634,71.34757152608853,37.525974133327885,-0.6527891595460185,-30.96096175043251,-46.439177655249,-51.30081594574722,-44.04373149177754,-35.25780336817579,-49.507972145149154,-71.67141565445347,-64.26538115828745,-38.60809033572119,-25.41358598192672,-18.580236395673396,-7.807882542022405,-2.3560014643392435,-1.2966622325029675,5.181164244985336,12.826023143259047,13.603687321321859,10.181351581013125,4.526805633267935,-6.695329762441585,-17.15874921064119,-16.8304238335285,-11.499678544605263,-9.756696271043783,-8.890337961809825,-8.449835576647953,-8.279222742092475,-3.6304134031290687,-1.3127678340944549,-7.335240082151423,-8.561576299216174,-0.6220348519633498,3.144623968223832,1.590317200226206,2.1821635793422915,2.6152301622435967,0.6103998792710374,-0.24127634356927352,2.8584162940063536,7.916079228267017,7.419953714653241,0.5891241042657631,-2.4047602106162165,-1.1300262850697411,-5.489096781172832,-12.76035708948498,-12.236910977557798,-5.8767719611672575,-3.507931755912118,-6.4060321005967324,-10.95091670675094,-19.483115467935786,-29.19581419410249,-25.402106778709467,-5.031297033032706,17.120865683015484,30.665024600516876,32.40595565390105,21.08643503620209,4.420618204946074,-6.447748571391564,-9.920901663484763,-13.36842828535464,-20.73127980790676,-27.172811937337258,-31.213564353643072,-32.888108033949585,-29.829649618353795,-32.52949701012571,-40.17228154805787,-35.235962173890535,-34.563225233644,-50.5374091307018,-68.00182164592208,-69.02906614510704,101.3118809803606,515.698385313736,660.9438559295722,110.77399525386878,-480.8263564118153,-401.4391769680187,-87.8340974227901,-70.46567701386171,-98.46064451632765,-10.54261476789285,0.11081868005470596,-28.66682525480006,3.9689532063264306,11.952265230036618,-8.687389135500904,2.47243894725138,11.007981896171692,2.0771102499274186,-1.6115592052381977,-10.367214450399679,-20.27296008137593,-19.338365392913918,-21.48268369073322,-26.610694916497742,-24.495760464091603,-21.718277867592647,-17.501471076434022,-2.3711952947909065,18.82525027259322,37.563126292883744,56.204807548334486,77.48882565169535,94.47652083562986,101.15879682282004,101.22000325013514,90.92455827343319,56.41878672839914,7.178516268978084,-26.295008906201062,-41.214949250101256,-60.6679933719591,-82.84448215487936,-83.80328069045547,-63.03416921360976,-41.43824001428284,-26.24420722616609,-12.569439114718499,-6.455405274498865,-14.89607026886991,-21.388339276997456,-7.429205973881608,8.281645138733953,-0.7160587839844261,-17.092051874512656,-14.639779434697724,-7.024683639752091,-9.301359411972994,-8.802190990397161,-3.83448737403517,-6.841484738766482,-10.745320982419297,-3.621798751708024,6.949312671731034,9.48355699319269,4.229474967147992,1.914628022735641,10.697343664992356,20.635126710519025,23.217395407125693,27.369167213238594,23.503315978236166,-8.472906139653158,-40.34786963075161,-34.744177412227785,-16.47408680808254,-19.53362341508033,-29.899881942095853,-30.25689134428513,-26.1782086692439,-23.20671666208063,-24.949745411468022,-30.92794963603353,-28.63306125388918,-11.676577984717216,9.300928282388146,23.823531717159902,31.791701839581037,33.32301139226452,22.373161473045396,2.3912084481902287,-8.474181729796145,-8.512500100975466,-14.904671978656069,-24.53044282250684,-25.933555121343282,-27.36848263197698,-29.77466637819352,-29.951599550708924,-35.42119995929508,-34.616913928290536,-31.342929809815786,-50.928803274095856,-69.679355613441,-85.02161854887414,-57.362336781647755,233.26989235794895,658.97960250785,527.0879407488792,-187.3653983571777,-525.6604790734831,-227.03009314185618,-16.911799529722728,-76.8749593637626,-45.58814886365917,18.069393883802242,-22.93411594173319,-21.071127945708934,22.088652535877127,4.845348202192117,-7.414883288113215,11.357165456686937,5.6807955198365665,-1.838308173677798,2.9260675681250974,-11.358525496759672,-25.396287188997256,-19.06762373743957,-16.99133094902604,-22.255121298121736,-19.63270835999068,-14.427090903699721,-7.646530422520176,10.66598467774422,37.48251305576382,63.89514747194037,85.65271832223156,98.18776004565211,102.29001110176321,104.51024614749723,100.05046577567877,73.17336143009031,24.224228148309464,-22.887441923937722,-50.74342732841873,-63.05360367230983,-65.772904818645,-61.74808912751989,-54.00451041839979,-38.62477703818155,-16.291594186899992,2.9520987277905775,17.0557358997901,17.0888189775646,-11.49783732218738,-41.35736933603769,-36.2029170107009,-19.2655916590084,-19.487042001346325,-18.79575332509384,-9.445323446784782,-7.734558384988736,-9.023133902717442,-3.714933280776446,1.0650991250853554,2.9546680041101965,4.849963880007357,5.413995109902569,6.467290058891818,7.047913821091608,1.2043091977015647,-5.774881000647557,-4.367518844044567,-0.05750640215565639,-0.061852555834533085,1.7787333518762023,8.3744878219564,13.437537873698385,16.958473523884273,17.0484612798062,2.909219487934868,-18.34431052474518,-25.034331431433422,-19.28795519457195,-16.935361062723054,-16.14834195557143,-11.527879198747414,-8.565197331138013,-10.997839631676195,-17.150097924702017,-23.18221761594374,-24.07046811082182,-16.596880919460006,0.8939302262555886,21.57338970548355,30.817307979526227,29.661105615638036,28.064541339670292,19.835129689769303,5.7504474987332035,0.9399853476533373,-2.5016650664808546,-18.33965240144406,-32.93285356112054,-34.25205066500177,-29.87831411088832,-33.34003175639499,-46.449022870179505,-47.78408209918024,-39.79732308819516,-51.94279435465097,-74.66681638281557,-103.30021124118664,-71.13172447413976,240.60945505322718,681.4292671925426,564.6174923511635,-142.5968897702293,-506.75344031840586,-232.5058075029569,-11.796107571813558,-64.78256919405891,-36.64821258793015,41.847900098671424,-6.923704885231999,-50.752141026935575,-19.15547426595679,-7.427016166048908,-12.39631510415612,-2.628585442232242,-4.975060453570083,-9.509548482581089,-0.8172223533368435,-5.245936072608861,-23.255043499012938,-28.84517713107165,-24.94392838396356,-24.623118704357292,-22.485589555206282,-14.603852467780001,-4.713524819892424,9.741184217198992,30.64345431532228,53.329028948734084,76.56451189596687,97.7270653655384,105.44385893467768,96.83872513227632,82.76961785533123,62.81075461201494,26.299355102252235,-17.9276276008079,-50.52614622391425,-68.243941009481,-71.70550333802223,-60.12545649174084,-46.990919991497094,-40.620134306660326,-31.093410782079072,-19.676730267066915,-15.513110814280518,-11.143122717740958,-2.9896510200932784,-0.1070168554917501,-0.007817080302437773,2.0094859582269233,0.08382906763971221,-3.2226137979528335,-1.966219817994741,-3.229517971477943,-9.174219308303684,-10.422285539965424,-6.7151786154091875,-4.756664166953114,-3.1919891344466986,-0.3430214045203144,-1.3302189068082333,-4.823831792320111,-1.4911352135364924,6.9272444666520725,9.953042615273665,8.61015826312887,7.8799516424920855,3.5858400041865166,-3.4885786858612575,-4.619627287495227,-0.326423316747241,1.123151110044203,-1.577406663501523,-1.048016291183444,6.263971732918178,14.33071503046138,21.6507814852702,26.21999521532463,7.086592035522999,-35.32985229307984,-53.08359994584184,-32.40005681452419,-23.772777691704384,-42.105073331052374,-47.86853628783689,-33.57817569098033,-18.727543632208317,2.64577074842314,30.64551697935737,41.249886270308814,32.74038354804166,23.836645435642023,16.81853244154023,9.166268076535992,2.177100617079417,-10.76509676611097,-27.294142312901478,-37.21987422264658,-41.50831348086592,-39.38024292662955,-36.08184521149923,-43.92607107397896,-49.97391167714872,-49.05451371100188,-56.026792096440374,-70.52045945559838,-92.8120457731189,-0.9262680002233026,383.75656919279334,711.8926189405611,360.4734301332815,-333.31077155054425,-462.2091653926566,-137.4427411674666,-40.85599809534945,-102.52982118626531,-27.57804171406658,21.838727356285716,-20.40019097534012,-8.39951036855847,18.36888062297986,1.8167651292022615,3.869682558635538,15.632027193300386,4.5261831196477385,-0.8607111018812503,-2.297434656840117,-14.783676675014405,-18.36380747729586,-12.708730406718074,-17.384936642885908,-27.727758698488735,-28.37881302396643,-17.50849508261799,-1.6615837262359996,15.671311503740736,33.762180304781424,51.982442929041,72.68328902516626,93.07749258468505,104.53971843419876,107.84932446152175,99.22370689227017,63.92476228658403,14.152456888706515,-21.279911296577872,-43.643162218239105,-61.85437285266924,-66.01071729506029,-55.60561740154956,-42.367776034146154,-29.015042813593016,-11.437313407082593,8.02933897187947,7.522287095434901,-25.48760600073347,-51.24426613721506,-35.83686768604801,-11.544536576167769,-5.615929430402915,-3.480474877719555,-8.103156117476704,-24.413528290266846,-25.994146405574845,-10.452025311533669,-5.669459677037974,-12.33716630098533,-15.133225602559333,-13.159894766056954,-6.417868719738092,2.43880178006561,2.9885901184928656,-2.036938948992633,-1.8742283502457138,0.07678496076461805,0.20251092062745446,6.483125400908479,15.400374452982238,12.891997110265734,3.993552950431182,0.07049869005019715,-6.938411682071763,-18.457643009379286,-18.913884333155256,-12.763954959169402,-15.16542144627573,-16.583307493934594,-8.874785539035624,-6.238634561694592,-13.203252044253988,-20.327192462848373,-25.385309315713616,-25.96230462997879,-18.50941026829637,-8.804254335931176,2.348265800757396,19.71400470358909,32.15626754701678,27.50184467586845,15.006738885195073,5.977248848053979,-0.8717691989904175,-9.902271929412128,-20.787619819725407,-23.700617284296953,-18.160856989233654,-21.659867896016337,-29.830082988397166,-29.762936628098437,-36.84070234571709,-46.46722804436244,-44.96990168482773,-55.27257828599275,-78.10583023181582,-105.97539147655243,-69.98931680496258,247.033289151043,687.7629353775669,543.8461686874623,-191.70984479188385,-529.2133726198377,-215.09969515394903,-2.060906157903518,-60.31259844164785,-20.493946445394766,28.925014504617664,-43.500661605526446,-51.629355547693066,-2.4843194315710484,-19.407336310267873,-28.958776602689674,-3.7081112948118466,-12.162047736689171,-25.52869678681052,-12.763605614262785,-9.73703477993931,-19.387391653861812,-22.50943593106112,-23.093366548539954,-25.535354242873726,-24.850216478791836,-15.479975775973575,-2.276981309357038,7.224792951724714,23.7529523332195,52.69020833051901,76.99209344772257,91.18356260227762,102.56998863060605,106.99703883510337,99.02333135731385,75.10103732404224,30.863435811269262,-19.906524614439842,-54.30572708786321,-68.82815505749663,-72.15521086458673,-68.15747553446162,-58.56407043331042,-47.85750035401985,-40.36721479703537,-33.84153316124131,-23.059209412565608,-9.758033301531896,0.9929893798549081,6.306036918168324,5.025833951504443,1.9635108812334634,2.912031314061223,5.457085488010188,5.949617258530139,4.424993872193209,1.9504940611447168,0.4742206647691951,-2.2309593517448905,-8.676075632496966,-12.663726939016549,-11.302067118748788,-8.96627245055683,-4.836824185933496,0.04554575452466114,0.3329066931365334,-0.8794753225856695,0.04068385616106607,1.632818299564033,5.4006047863201925,9.546306264886308,11.295052283846797,14.684158840482896,18.383899369575456,20.577769317525192,26.970207673488034,30.23922861191536,18.439343432736514,-4.5468022209762395,-37.739283104470694,-72.62773348626622,-74.94385273532882,-39.285111373931464,-5.747931209992965,8.134713267080024,15.775522584083557,17.74775274423595,10.907881467935603,4.502547958685366,-0.6682309013591574,-13.46381943623545,-25.19563396762231,-20.878323134906676,-16.53111143584218,-27.260188033691765,-32.74288311305358,-32.86553135147501,-43.13608568869766,-42.66554977733717,-35.55190975414187,-49.598768791905734,-77.39912846818915,-108.71432574531445,0.41769852392900475,422.65348772219795,734.5904511671372,310.96293790827474,-396.98063145025833,-470.8943659340325,-123.96731562235597,-37.88227949487666,-88.89894646770045,-8.427140370814026,26.226426295503927,-18.15525603983958,0.09108138345400008,24.575288732839724,9.63066868237113,17.33137331434517,24.924824332399275,5.220329406412203,-3.319441740907638,-7.195937474619992,-23.727822099987833,-27.6090640601985,-22.806948646011453,-30.92813532380508,-35.30466077485988,-24.910352866964246,-13.278729710634412,1.2620898669540708,22.125162148318953,40.62442819170815,61.35847036417783,87.50666209926335,106.37651040198948,116.36492362791043,118.29755666001529,98.1205452712271,55.26763103696756,9.393514604958037,-24.62107131458298,-47.18741026793431,-70.01163493738727,-90.14328844427781,-84.6708390560545,-57.14233851713266,-36.32206116523369,-26.1612567990511,-15.231015000394894,-2.745549601265415,10.510459801385448,22.547533803639915,33.38739520540727,39.26671606352272,16.51383960738147,-29.258462343025982,-45.40401534351945,-27.665959242674923,-23.090887158241944,-30.08329766041032,-24.154897507740916,-18.676533701283212,-17.557778194733455,-6.478814219470632,2.4789815781027436,-2.2993390985458984,-5.8798075995745736,-1.2197871519916514,2.5425558682202,3.4726627831082615,4.2757657428715605,1.7866494880564758,-3.2609911307911954,-3.030863824270444,2.4181879268280606,6.867473279126884,11.317174151756124,14.448177225839224,8.731936073446319,-1.2608611715130973,-3.7658764071144724,-0.690391844910728,-1.9238468106316793,-8.14481733968939,-11.623970574207142,-11.870053757755162,-17.387119917688338,-26.043111960562662,-27.986457477266576,-25.187449772879447,-17.283101193924125,3.5021643495819603,25.676751541742846,33.830354873169995,33.041095812392236,22.382956290272595,-0.857708428140608,-16.084806867663783,-16.33110895666427,-16.081076219388283,-13.691281148586857,-14.193615156226542,-27.46667595952608,-32.26785488713544,-28.169529245910958,-35.29626844628798,-33.97509778209994,-30.604206356711536,-57.88507344715427,-95.60950934620719,-111.4869327641757,28.126001709713023,450.05023507062043,715.3060857601517,258.483769779,-417.23706954705204,-442.82216478717083,-97.67375293007234,-39.9744454714327,-102.22774690418643,-21.993625086204972,15.37409444490946,-18.916752173067035,7.894138071819539,33.89073857112822,15.665331617841264,16.218855880148453,23.373639327806714,15.872512910537566,18.34220167147914,10.273770228371848,-29.75547166537634,-61.88089262775216,-58.119728500150075,-41.926287200073624,-35.36734101211057,-32.548346954349,-24.868231246785943,-12.225263391982795,8.2477025697506,36.88138817816165,63.599193308352426,81.67070061111977,95.06993364050753,107.48080520308498,113.27562153179164,99.16442225480182,60.857698623691874,14.023857165949433,-27.21250273617763,-61.77643828093457,-80.68903089624897,-75.92493939962253,-63.879038186125534,-57.46105861171374,-47.130013232724636,-31.5166936939159,-20.29327110659439,-12.72366929707273,-5.138838607023143,2.167722348241055,7.436594693001414,7.123491365234989,6.490775194582903,10.103224906994614,5.418676294557009,-6.95777384828587,-7.409896879370433,-0.7352295087999199,-2.3102737690741053,-3.8866736028680524,-0.07303471157323838,2.337256644637865,2.6620497113385433,-3.6762988932653027,-15.36539291894283,-14.349845965307708,-3.263430541901653,-1.4168344777291333,-2.0468921369873705,4.1794655058842185,3.731077510704285,-4.904198219761591,-7.562960926829343,-4.737948561856104,-2.6235493806826167,1.1980187701238556,4.302470713792415,-0.26872064451074884,-8.055723551908715,-9.608318152497633,-7.536205417044414,-7.52653174609912,-5.824092705479176,-3.5374148015699465,-6.505369021551841,-7.947330919808632,-5.059294229442802,-3.1476817097985386,9.796398020542675,29.814647453781845,19.712793407797818,-10.348587112191922,-11.083280486858513,0.4676800324057524,-14.161856213292092,-26.944400840302404,-19.601516591319914,-19.700858530412994,-22.676603950091696,-16.3209798815112,-20.83287676704638,-30.568225358790308,-33.49376476872227,-45.51460965384069,-51.944137047841735,-44.28782485847424,-54.87709545888027,-78.5575593908777,-102.24010055486696,-40.80909955202979,306.308918595944,703.9372248005598,471.1386975125796,-258.4890372036525,-518.6526534694414,-197.13613351168462,-23.899546053814653,-86.37425363857358,-39.76651184299169,18.742933576523754,-22.91551551778125,-14.725536711827274,28.419874756704118,14.519960776417378,5.445821291455217,20.164816840344802,11.212390082172506,0.9875832011158838,3.2198979040993585,-11.129473224871813,-32.143221275549536,-36.18935175572054,-31.772694380453125,-28.274088474922543,-24.41159104269478,-22.885775807108907,-19.165729276535203,-1.378586973878102,27.06114085812616,53.66022951886697,75.23477247937868,89.48265549518597,95.69667536688468,102.17199486656641,102.43785564357786,75.13612713864904,25.008335614204995,-21.737792290177254,-54.70568320169445,-73.05523572679363,-73.04465993365842,-62.1651508079574,-53.474639477041514,-47.09934846162052,-34.972700049191786,-15.047900221289611,2.2847190908195874,9.235073608743765,17.652051430647518,26.377867746445382,5.972810514297123,-33.08127354723463,-38.24712021529416,-14.869432940931034,-11.942668443189142,-23.05256559532522,-18.177493465242996,-11.543303048921949,-18.070105274032144,-21.15274283738387,-14.06660330340818,-10.228140219817082,-12.033775420877475,-8.115155107788478,2.242833101764731,7.48441360860828,4.661158375255253,-0.9203949018898925,-6.7451164658298985,-8.060111815725097,-2.4056538910493153,2.746180069854624,3.174293616164924,1.7388792809840155,-0.16788082277554217,-1.5004425317033014,-2.2522369951106107,-2.648347456357264,-2.4349406677778394,-8.30340657428122,-21.34154273476534,-26.277210500152066,-15.948415879591579,0.7688493124065872,13.381445079975283,12.573407142222884,6.134443429835814,12.097753829351083,15.307549211145465,-4.585325226908829,-23.771891696487884,-25.811011780059673,-28.1178235689367,-28.50695236736159,-21.87358478000092,-25.14311452252854,-30.066397727218472,-28.792014722636498,-42.031965011530005,-50.65463563195892,-36.536533051009734,-39.316876323585966,-63.6713432287048,-97.85941510449204,-80.95913567780097,213.36886141337897,666.6722250570868,567.7040899872657,-162.19005992964654,-550.8257327214221,-263.2841019237586,-30.37835140381086,-85.58666524803043,-48.09641736152011,39.824750020644146,-1.913807226306524,-22.528516097817025,23.855509147779262,24.86273315291355,12.772683748171627,24.950360064211615,18.00872764345352,4.071770611253767,4.775033059085985,5.452601919081048,5.7591765826012775,-9.527276512710246,-52.438770271941515,-76.90819751948227,-58.05377855014606,-34.95113001341905,-22.760116197802226,-1.9430298355469606,24.937260086005676,49.674936625963426,76.87668668857197,102.75989847950336,120.12837119986919,124.66519086758896,107.52235590486075,68.93737402043791,23.013478051147175,-17.446389693639553,-46.48976591490445,-65.97003783296562,-77.51869189014126,-74.44797083163834,-58.47751368516403,-41.391397815531164,-26.065063292146842,-15.726627054366057,-15.706010588335797,-15.475289660721447,-9.748702493299895,-10.182924552537127,-12.203176738104723,-5.213076645233777,-1.4909696860324573,-4.352373687525327,1.7797957514216503,10.486932991583778,5.656919265998273,-3.152746859508941,-4.08865465642067,-2.212376636596388,-0.9491902731380133,-0.7896876309251661,-3.4158084424641615,-4.35645374652683,-3.3019673028949885,-5.6661091905719925,-5.02385038152561,3.531550911014643,7.255798760129173,0.8482475783249916,-3.1766178232487094,0.6676402896765297,4.488720481409487,3.3399163582394755,2.09211547298808,4.35809236422088,4.6209385918016,3.155019201239312,7.440155956752927,10.084180624195959,1.1227861307343048,-11.822618670484449,-23.536837280083837,-31.83651074424921,-24.820490281435323,-5.008752083762601,13.868002841056008,31.518145928431046,43.284312862857696,44.63193371865429,44.955153944013574,29.666960827780485,-16.71730976194575,-53.34368683126003,-49.056830883367866,-37.12325774600315,-41.67425603664612,-45.58209607951749,-41.952367826956625,-45.28057444612856,-51.692226427692546,-40.94205351097327,-31.957757007186057,-49.404910533489826,-71.58326469887953,-96.17506047914114,-27.40235547998914,344.5033357737756,739.1791132938113,465.75858023910894,-275.63351321930446,-511.86604243193597,-193.71372575743973,-43.9770261999031,-105.62373248293478,-50.47750616307981,9.018576510972323,-24.548420906564413,-15.369143031216975,15.316441978951882,2.3903872867403315,2.613929862512691,15.078044099877975,6.407355107686219,2.441477729362319,3.05585324518615,-8.9213282406016,-17.52460224518381,-19.032514584238655,-23.939701008365198,-27.250150753778808,-23.503995917409824,-15.316858325580837,-4.948154098314655,10.069249535173437,32.50605488150051,55.521699054133464,72.8431130053965,89.71870538027501,107.98477761639907,117.94955782569951,107.04328827924815,71.32819363471118,23.56403473868326,-21.030329929615906,-56.58905066475202,-74.54126050874974,-71.74407931723556,-63.006064539165735,-57.45935523678593,-49.415305535291516,-36.793555500636614,-23.396881005745758,-14.735244594630391,-11.955383003877149,-5.575531884806325,5.3918338927401965,8.497166979658317,6.5167075317378185,11.667609684474037,16.467416349768655,9.394097703029765,1.3958578821486434,6.68098935154269,15.69558825676772,16.143463138689786,16.640056779752125,14.41438584905356,-11.305271156733275,-42.785665018371084,-39.56509582612983,-14.3187343845904,-6.943818209440618,-15.004994634221829,-13.789276178305464,-2.0466189913715755,2.6479992586592527,-7.214727947701029,-16.362182318439203,-11.116113840326584,0.09495029562986623,6.572348721673116,7.847969885808245,4.948013480465628,0.732350150541409,-3.853850631281343,-10.990639552557685,-14.519630402586795,-9.824290998727221,-6.031864782563099,-8.748753754680445,-13.609893666469826,-17.845120576892853,-18.49180942164309,-13.708463733077089,-10.588844529691881,-14.244021997901783,-15.435371849846689,-2.517273292730401,20.01450692322718,36.49717385671255,39.93853394510035,31.448100283936324,12.760279632152056,-3.3192112479484823,-5.534130521923216,-6.9594754717587906,-15.131332779781305,-19.82237271272143,-28.350167316511694,-41.01175451471671,-37.52125820124006,-34.418964593749955,-46.50810364198754,-45.5674616952017,-44.44680106169554,-67.07714791109942,-91.49612476750362,-94.74011503283243,73.59717374638763,513.0499408335781,719.7655600893925,194.8769937655319,-447.33271996453595,-411.1400178505893,-81.00907597256273,-52.609160475089766,-101.3430530441247,-15.120566221224934,9.013023433388483,-24.25344949534113,6.519241632583176,24.52605308009869,2.6449400800062186,8.896731584451809,21.37281073380161,15.11005589076146,15.85657335453713,15.363480910934701,4.557088545928663,0.5025225921306187,-0.20463806108694627,-5.451195269664343,-14.807463982517417,-39.63080657890555,-67.01791092178385,-56.47898329021277,-12.558526419244977,22.806179668391145,42.30203607386015,62.08028073987953,82.23862010489472,98.77512674072771,107.28360451922482,95.40177149693646,59.69857100871211,11.86718166430999,-32.12661830382039,-58.24834783292815,-64.54368314531833,-62.01314261998884,-58.361780791798466,-53.43152088752509,-45.84513634127573,-34.05190684980499,-18.510352500188663,-4.1072647671355185,3.528827599191727,2.914970750485768,0.11133437314007644,3.9912079018469875,11.866828866888829,9.79503738442735,-4.222391069763573,-13.99671056781729,-12.249206651842078,-9.790778974624402,-9.752529920931405,-5.286436519655744,-2.089759276353858,-7.511002380263081,-11.817494793755495,-7.727852604371636,-2.9484078137124197,-2.3944785401171442,-2.9777530367453693,-2.0032516413765817,2.049847609436884,7.840123697075034,11.241851986515938,11.200748901008023,8.343372982746754,2.5968290885093217,-2.560283306724914,-3.8590826853282794,-5.075128006533076,-8.704177208822404,-10.273593459429296,-9.606520182751513,-9.908262187308953,-6.7518727259522295,-0.25482571652680885,0.27311481303505847,-1.944614825307971,1.4180405362274993,4.288561596540384,4.366807167745184,4.166884611723939,-6.33558162616257,-23.664420747319667,-26.923972705598096,-19.53355625676932,-16.293838308027908,-12.77501146389088,-7.7615182102118965,-4.80881967655419,4.920192310598205,20.47219071406289,27.41284818504294,21.265011197476525,7.318680292264057,-3.9281253091540886,-6.932315285148746,-8.28730206080045,-7.350834798859246,-8.880536006581082,-30.150245457781896,-53.66779046057296,-56.458776374204106,-56.978265039005905,-55.96463164447846,-46.02234254018375,-52.39095884010095,-78.03865000631475,-110.27214933343672,-41.57237014872645,327.17422657277405,723.5671758994226,466.1970933522233,-266.69974551139734,-508.8941975987672,-188.9345123226949,-32.41762703660324,-97.99294918623082,-45.30574928823721,18.42513133903035,-17.679988460635776,-11.471353513134357,21.053507711569395,1.3871364377294277,-5.774422447782402,12.024620040941837,5.984479080091681,-4.119333603576358,-5.55771880030937,-16.798239047898548,-23.914845597428293,-19.33596043931736,-20.55387096282601,-24.20449037753026,-20.67237127356909,-16.299343601658983,-6.822008252065874,14.853454433318987,35.447344457032884,50.42321804902249,72.05146015260256,93.75764388407129,102.06656872135373,102.0643420038837,93.40291031145243,67.12131886236517,28.39901380458917,-13.810443089498017,-51.98058491438608,-71.88225122970492,-69.49369050170623,-57.742124029092366,-49.526724261976504,-45.461927101375565,-34.081198152713505,-15.01316622719471,-3.1733193498844976,2.409936296097733,1.9352079372853908,-21.386359905974345,-47.13107427973788,-38.25541580260179,-19.55979552665282,-23.455052378718868,-26.229752668491287,-13.339559031552948,-3.829354557485658,-2.086285616044343,-2.0436711480280003,-1.6092271711910833,2.947924219469016,6.281126559104792,6.01510405402819,12.279977008227208,16.1300375556883,1.6968737933764793,-13.572659249288806,-12.293691884252786,-9.818916118085074,-13.812708210337505,-11.74590941600555,-6.914932695412322,-10.760069073132108,-15.367635306801215,-11.195295273742406,-6.123273805742409,-7.782574719656747,-10.921785582338343,-10.550806940769446,-9.354698453620077,-8.272461603462586,-5.827919036248014,-7.210851490211244,-16.470663667475975,-24.824779789466945,-22.337834292297142,-9.05072833855386,10.520505274978035,27.002871531862922,29.95472265161571,23.79582656316461,19.372325258696648,14.412138135585256,4.110362571315613,-7.330986206138306,-13.75971429854483,-13.318829974670436,-16.210969532208004,-27.67629632021643,-28.166419398919214,-21.077111658127773,-34.25573935644536,-46.53638254357285,-42.715105052462,-58.1179256163227,-81.67598659718425,-103.61896767505812,-84.92711175940926,200.1617860147809,658.6054263675553,583.9938333063576,-130.55432875574795,-529.8354579551751,-256.82703818174537,-18.691814896546706,-66.15884009200663,-36.499291616474586,53.30940819356204,27.00765606829086,-12.298704447388353,-14.658703561271476,-27.966112855033387,-18.046818975208538,3.144616384068062,-8.163030422466077,-18.061666757325334,-12.918577372029919,-15.6195180348093,-16.535206454827524,-16.04741556220682,-27.642497307187476,-36.62930566738871,-33.31231604104329,-23.8430504948172,-4.904569751520008,18.51508677450997,33.82545514977983,49.69641508955455,74.3926365746947,94.87801511043052,107.5098613009846,118.21462953799768,113.06483816613682,79.3097870138155,29.907335110246574,-15.56962102568734,-43.5558076500392,-55.27629336271284,-68.87537325105767,-81.3151305548876,-70.08080422018863,-46.57210025383077,-34.554705464098156,-25.106738601367113,-12.683490145225887,-9.12249659991567,-8.446000131587715,-1.2171246284629245,6.1682575958876615,9.554096343037791,6.603378313178834,-3.8764383765457477,-11.21895928098362,-7.241286205444483,3.8272488976136017,12.299425790468993,10.318846339569198,7.46183836468409,14.45509241127604,13.807482872273455,-1.8126142838232928,-8.73358007243314,-6.663820913358961,-13.31747025237776,-17.151467880882755,-8.63011956424485,-4.05143164418004,-8.550327127748773,-12.242767504881085,-11.081806140405977,-6.557556167225256,-4.042912812194226,-5.1557593800752475,-5.196674006263477,-5.820231534850204,-6.615395565312092,-1.0207229212078959,4.050438231120732,1.8027854729979715,2.199751325463078,5.352789517889028,2.26442785760334,0.5765271286149973,4.004841205675563,-0.9537110606285735,-13.104042093245196,-17.777652698114416,-17.883406194224,-19.816904915557682,-12.013866895445819,6.387451816534114,15.387230766985242,15.687516877442894,27.33725080320776,44.470421336147794,45.2971074967638,26.5457419397537,-4.682881336238527,-36.64556663196924,-48.80990234914909,-39.46105019831724,-34.201047986129176,-40.48585862975903,-41.17765820303704,-41.57336852053826,-49.934249602297385,-46.87086028025334,-41.01513775470916,-54.673429853324954,-78.78818958018054,-112.28538934604379,-26.185404844218127,378.67878691540636,746.8354767300434,410.40614932786093,-317.26027453621606,-485.52026024534115,-154.85596018639126,-30.064215565557742,-89.78971727259994,-28.752002888657003,20.46587534230641,-15.2140804971154,0.3956938147760152,28.412581958177594,1.792220123366139,-11.502910874883364,-0.781455854950162,-6.891194947860938,-15.153019302021121,-14.0174533949323,-15.355221326947287,-18.107031529445223,-19.948791466382655,-22.144287881721713,-22.60385260688421,-19.742951201761812,-12.533953580737904,-1.9791254609410736,12.022211959613163,32.8831987500261,58.00322700317841,81.50434840393159,101.02506940319722,111.52598875578938,108.63455944383784,92.43979415017988,59.337860110531125,11.180969458811505,-33.57365335268051,-59.16629263325575,-68.65343123763796,-70.31914870101907,-63.93699864102037,-49.04160472487975,-33.79014721136679,-22.999745734640175,-12.885121701839585,-3.035926755151925,8.50035234575751,21.713403379550442,14.708089493534132,-19.28488634052642,-39.44706390517177,-25.050078635360023,-8.524111077577754,-7.6844745013794835,-9.332624321710155,-8.966136292337044,-8.708728443596229,-8.389181238831286,-8.759777554949686,-6.963824543607888,-5.037398191868581,-7.785143343396346,-8.528999539069893,-4.278322720533989,-1.6190149078355667,0.0036120212041819144,0.3075159790326314,-4.867653273319661,-9.112005028483585,-7.421775569807138,-5.1637389744909825,-3.4542436030459367,-0.925224656983417,-0.15441136151767232,0.5878820583882405,5.488953055102583,9.874318628577829,3.1700927692832988,-11.353462505709919,-15.163757136214183,-7.194675705443526,-5.025466226219574,-7.776169531782681,-6.847920163015049,-9.047215869625752,-11.440320842271126,-6.089721672062268,-4.702629559250129,-9.299816331725623,-8.453669754207729,-10.427488201353505,-17.79444260756073,-10.792403754151811,10.098403462754558,24.98356186010062,30.827130963883327,35.880761199747525,38.22525604057253,26.064998366466753,2.0056300278279564,-12.475915836308971,-17.302496934243123,-26.577472961148423,-29.53257723721018,-26.355476712570205,-34.25636032664649,-40.07964798774374,-37.73192273878293,-41.38093758336099,-40.475951017366185,-38.53777421470829,-53.402338433997876,-82.05216881776772,-93.97349516181175,86.23226386492803,534.9540792800478,719.5769712490913,176.9384717973599,-450.8475156705719,-404.93862649440786,-83.20153770498644,-48.30792986734417,-79.42477747217083,6.618349680746803,13.127260525550064,-44.63740418047904,-30.468613616789973,-3.0623788977393858,-6.918080842754097,-2.216050983487902,0.5683968565519919,-8.16557220356263,-9.34561289740405,-8.413210650379478,-11.207397018702675,-14.038630331043777,-22.21906172796077,-29.676373180302264,-24.456341036517724,-13.414470803828518,-4.130433107546145,8.935579980478753,25.91142797917868,39.2611145869407,50.71027721414131,68.1073314408784,88.05725232044182,98.55752010781163,94.96331254999853,78.63935992047942,48.77737755928281,9.721051854755329,-27.449871994578242,-57.42800492363131,-77.12166063144619,-78.44766799066429,-63.74845027852513,-47.644368568996775,-36.207344929472455,-28.341606615562558,-23.737005325220746,-14.809151785885883,0.14900809550436023,6.403241576899858,3.4052153544323183,6.621144549375955,9.815342937470847,0.3072709259476163,-7.43875167340812,-2.7778833717398896,-1.741494460894291,-11.138050085813822,-18.096402409380246,-18.250299454450776,-15.09600638130973,-8.123738196206176,-3.2094150344753185,-6.872950515242227,-9.646262795063304,-4.527545021491582,-1.0395591198609822,-1.6336580035542054,0.18170236778226379,0.20308845396690423,-4.020856374673944,-4.888047810323491,-1.830612689531101,1.026411581763215,0.5458100566104367,-7.696862036662522,-14.119870660197224,-4.722859783635014,8.89282727859942,10.33799325786361,4.880494253106883,1.1183907104979918,0.9445882413846909,4.438469449463881,11.209131992587356,21.02751049735745,17.267111303497387,-16.663014659519984,-47.96727138928286,-40.21545915470731,-22.72993124352,-25.255747177204665,-23.41697206486991,-4.7464543135278685,9.057392736529035,11.334749865866055,13.392372407492818,17.50401180104852,13.382287257455419,-2.3765586668748497,-14.569352923510156,-15.190110565782007,-13.235727539087067,-13.314271267732018,-21.390187884801303,-36.12298304144498,-38.44432443709358,-35.248819707998685,-39.674273809489264,-34.15115930697408,-32.01546780865699,-52.82426976360129,-82.39354161620813,-108.04178046553758,34.750053852034796,479.3609457522178,717.5681319223921,202.98825165446945,-456.2417210033163,-425.5074024718514,-85.95326479702484,-52.77615103449567,-97.2464765553581,-6.3859139961559634,15.958141510107666,-18.561004609525966,11.76239089619612,24.058527941422714,-2.243799065281065,1.6015835202587958,7.534419952814218,-3.5020721974713727,-2.4253087519751677,-4.714370457348373,-20.939994891319913,-28.80308885308927,-27.870745004725798,-26.807135533973746,-23.946265725738208,-21.45573098527344,-15.889832057895706,0.8119043304772848,26.68713653536345,56.20982704433604,80.60248062045446,91.95770379478982,101.09437640173472,116.42743519374841,122.05133376329434,108.54700622615127,75.70269119712228,11.41725780309025,-67.17208045857524,-107.63799929330095,-101.60611696846394,-87.11861052494265,-78.27449449505123,-67.87558391474143,-54.82544206691115,-36.23535768503622,-19.18811382851954,-19.232237915506044,-25.519173147099686,-17.22271866184081,-3.9977729080211617,-2.0394918509038895,-1.7319311215529112,5.873027622555062,8.173537285173976,0.06459468506509225,-4.933789344112494,-4.076604629565303,-5.982819987134949,-7.920839065733434,-5.706373425831067,-3.6740170314305978,-3.3565082286723023,-5.642802135581958,-10.231606621420635,-10.122777967449636,-7.411274935475758,-9.805885918261458,-10.04188853724659,-3.619665520132205,-0.6246034499848179,-1.92580178286795,-1.1478884564919376,-1.5689281923728515,-6.116257693870486,-10.163097835609706,-9.428255100540538,-5.770557972489038,-5.034878075418068,-6.104423379601203,-5.64147386758653,-11.529982937788603,-24.16098792096286,-25.651912725406696,-9.368811945933345,12.891770138093626,30.73103005941916,37.82113360114866,33.63593916068514,23.83472687291755,11.45062916125253,1.9363611282443016,-1.7259956049068776,-8.69669974782807,-17.926415784817394,-22.682644658856653,-31.8813450848723,-39.514606734441344,-35.81671686795484,-39.43797768668465,-41.68254829509439,-26.655759525213284,-30.278597748365872,-53.459894062840824,-77.6767822235239,-69.58700923886197,185.215179879978,655.3679602111606,648.3374166098474,-70.38394803837485,-563.420217729439,-323.0653236178632,-49.85437466048593,-106.33097770824055,-99.43183938157696,9.434308624753882,-2.7524365660600054,-29.36915999785633,13.421762489220951,23.389686922446337,8.835744266503015,15.898230348923667,13.7595199342136,2.3548310008749267,-1.4257259423426643,-5.72933004868189,-9.419860823885525,-16.1442940438222,-29.677530736545336,-33.59483270032342,-27.075001580543262,-24.092022835655968,-18.50768789585891,0.24384603846861808,27.488788213322927,54.34820693938303,76.55262456308824,95.14289064134853,111.1325721293573,121.56309775460377,120.24255290648914,94.28830930145186,39.23043013785889,-19.501867447762063,-54.08665335624663,-68.10691519419498,-74.75758308605407,-75.05438365156908,-68.76466142494151,-57.04494128082064,-41.43726341923339,-27.461444144180238,-16.187903815839157,-5.774529487260217,-0.7059383589359829,0.16886548473066565,6.053305901576819,14.93769319797403,15.615046378265399,5.5525215439922615,-5.4960736561432295,-5.406970040571588,3.493058107761336,5.876283291325239,-1.662601271185773,-9.378540382986564,-13.542108864298664,-14.041041100116935,-9.81623036174388,-4.846679191769612,-2.702813078899606,-3.143126557550895,-4.790955671652193,-2.1611514557051548,5.372540496666363,9.472327732707589,10.693428813401978,13.21855421804992,9.200041088148975,-1.7685504828093643,-5.194470595186358,4.5024139811532535,16.388168275444308,10.58312245795996,-18.596992656307343,-40.06588791588113,-28.354377403510675,-6.9671292841828105,-2.23010430699901,-7.509571925539383,-14.492016329890882,-22.320343708061195,-25.829478212530617,-24.62790369610648,-23.658173762670604,-23.550291295580628,-17.32847534585231,2.296847654573482,25.31433035800493,35.61213057247667,35.33579979034008,26.130762438120662,4.800383865778855,-9.958057309870485,-6.899090763280277,-6.69260193576782,-16.377297011618154,-24.44837937931719,-29.932748379735088,-30.334289897774056,-31.010913562670652,-42.0075503582169,-45.10579285765783,-41.27066169953941,-55.274408377281716,-77.22179348396983,-101.82567221977692,-25.32359242600458,351.33820378139717,732.6796950305069,444.4994774893553,-285.61935034919475,-496.33207337601664,-170.6519723106112,-34.75980466833656,-108.28718723516594,-48.21944272748916,20.324806303869615,-16.24503676011593,-12.67142963621821,19.740798226386044,5.728389133959137,1.767325749261655,15.367178012899945,5.912449934725472,-2.7943231197032574,-1.4601734470222159,-11.164628801521093,-20.091544464151177,-16.763034454152162,-14.436353604619036,-18.02197365142507,-18.68890109066073,-11.983790349197463,-4.242609729607544,2.309069773767824,20.438635114547054,51.41507592513918,74.648472000495,85.81871348454845,100.41829407540519,115.58571355126168,113.85601420660379,88.33654860311532,41.72311961630254,-12.223162272272472,-50.33139605473695,-61.055499358944985,-52.651482259566734,-48.66673646695764,-69.50064782120964,-94.96485171858048,-84.72889055767868,-48.42497946009584,-27.48982751240803,-23.362496109371506,-14.823635530041987,-5.189618847988783,-1.9906201092047056,1.8618795848490013,6.781225590219529,5.726514189861318,1.173380620063396,-0.0020808738340445387,3.733752113089948,8.548427806219959,7.095307922993188,-0.2817490867191754,-3.6965324724130024,-4.31962715376733,-9.60054435368982,-10.719485069716274,-3.049178044920051,-2.21271789534107,-8.909550519635202,-4.991891991745669,5.047711799351941,1.3362380294849743,-10.963568643006893,-13.176901034215673,-8.187934420201158,-8.552262389603554,-9.466808985575726,-4.9285572295222675,-4.446255059738544,-8.790947241962694,-7.020257243824873,-3.5828663575070294,-4.6862659272751745,-1.4837240277037802,2.875227332601253,-1.7447580685921693,-3.7811003996622117,3.0953232481797253,4.66313129133101,1.0451462495177584,0.8138745191468066,-1.3996853913473677,-5.001784912387474,-8.01341023095462,-20.17283451362207,-28.474739294095965,-8.607983765288681,19.443009667939286,24.558884729069586,19.6983602528557,21.520842494509946,17.94443495670587,6.7626118667254875,-0.930453403166096,-9.849543068456063,-20.254560797647553,-20.41226976639151,-19.344546780928106,-25.308069200571744,-25.98251271944425,-27.9619389519997,-33.942894548749045,-23.680093465404155,-19.48087720496879,-55.07199828529122,-117.30744818659645,-132.99343440034534,98.08236319798095,568.3163188463064,665.3667576944524,48.26937982648889,-504.3453118513944,-357.431821977055,-55.36168301434029,-66.90895899549348,-83.21653527848258,9.049345626236082,5.040671086665839,-23.96571026666576,14.708067758385074,21.677865014940615,1.7874719320165617,11.93903568780892,13.74330705131461,1.7450261702335919,-0.5744199305280233,-10.519223912553137,-23.806770382693056,-23.259311805904716,-21.719782816419574,-24.8684864136517,-25.692016061517315,-25.317187671029867,-20.356572912256944,-4.7022546562612835,17.90933398018439,41.009770128391914,63.06647482268914,84.96197083472556,102.75323598342636,109.79892570681483,106.39579406061259,91.74205157365486,58.50019329198066,12.073605217816196,-29.14028637306697,-55.85524074264156,-66.84917339065446,-64.4016751808366,-61.24714120153237,-63.379852217122945,-58.488703629028244,-43.85281319928697,-32.03999766575706,-23.190252079670024,-10.633376457550396,-1.4915961374423148,-2.6945605757753874,-6.9695406228237164,-5.414535888261341,1.1361170992830196,4.349565152103832,-0.8226830409259396,-5.961873888301205,0.5766091243962039,13.091895381010815,16.067522517986355,9.197025626623116,3.1573736384285933,-0.16095440086439616,-2.0393211492477725,2.8079331859706125,15.441533789996909,22.83889668583462,5.450751840250621,-33.83979915385284,-55.85613715030485,-39.05276315066174,-18.814952389272012,-21.810481117172337,-23.201984073174774,-10.096381368942986,-5.233395404249631,-11.387721267595776,-7.899286876369226,3.016139249237037,2.105903762025889,-7.1117032542673115,-6.036428802312749,1.7123239616612977,-1.0316799645417554,-11.91737588440234,-18.939953413533964,-21.315331898048758,-20.66842973970746,-17.588864566224583,-15.763940898361984,-12.286338192743841,-1.7380897986363815,9.513843387899456,17.002203290141175,28.694766736009402,37.41671266771981,20.645360614623904,-9.033293142721568,-15.4033846342955,-6.40371518894058,-9.256701626911616,-15.357451876753855,-18.74561704569467,-27.74860292957434,-31.76466373217126,-30.339512406069154,-31.63891956953782,-34.243158096567285,-57.28641544904035,-88.78657371112345,-99.63266917055422,-102.29653066233689,59.862512348091826,515.7891664324159,726.2175982180086,167.14964597336888,-487.2501551618,-421.73532111095153,-79.13536874433883,-57.537325962822386,-95.6275919543234,-0.5822945893870113,14.63415981033566,-22.968400564174978,6.910330051844083,18.03101826535578,-4.992435891119159,3.3409891975938795,9.319853913533452,-4.506640769174467,-3.070115181041012,-0.14806048632496882,-14.07295641695569,-24.23192508187365,-24.422396219866645,-26.582688311990346,-25.89028258438317,-14.806655698384322,-2.4545909415880978,8.966908823996128,30.90768171169133,63.128651559669066,95.49231373376224,112.57568359564755,98.37316933838433,75.79515287623323,79.20432140737621,79.45753529049423,39.96430931042897,-9.924345573708273,-43.04679353365078,-69.93205633606328,-86.03631535852996,-82.61116831183315,-73.02909102892198,-63.7654072250528,-51.21477503041583,-39.166463272598534,-29.075079920919343,-18.021879190532413,-9.020446632992655,-6.3869057267421745,-6.8125820139049615,-3.1144564109225996,4.101572460271113,7.028221789186182,4.0114033049460005,1.5677293730684028,4.065337231269839,7.816410240518623,8.115727660394539,9.79031469215571,14.740781440704271,9.619101261057901,-6.480230694814307,-12.645020020966127,-6.578583050198576,-6.259777028560544,-10.905919735473605,-9.541926181159212,-7.340299678642175,-10.07019148417196,-10.970549936704224,-6.653904434284191,-3.0115907932333954,-3.4040650289989625,-5.303403908783988,-6.632072670192085,-6.180870378220851,-2.895393821452797,-0.8608730711053223,-5.503738001595444,-13.347068048948598,-16.231642543383696,-13.246935263121399,-11.366726079909625,-14.986539894025697,-17.77954825046752,-9.499902149032879,10.49124179879262,30.286140234888446,36.59522917217183,31.168476950771076,24.566715519393355,14.49166771419729,-0.21114821759206404,-5.275114858442986,-0.6482862496581996,-0.15246103157032165,-4.67521865433683,-13.47559856723412,-21.960366829496778,-19.409019545797733,-21.177752420911375,-45.90859206013881,-79.02108668679499,-95.40938162085381,-95.07000634545787,-118.2107158394778,-84.04746420531686,254.81640174320987,706.2950032642137,545.3401414374014,-197.99398947726314,-533.9620860283748,-230.16808881470047,-26.202794264829382,-89.3384726163026,-51.64396241128898,23.976567792551386,-8.435577093818821,-9.982397101820844,26.128498530017726,9.945309055747945,0.45720927811170764,20.067471612501173,18.068463631745797,10.67331001790315,11.096608829087995,-4.280243095516484,-24.778566919181316,-31.628909585220878,-31.928662254041715,-33.38740115339387,-33.96397137164882,-27.98684572720614,-14.50379563321678,2.9988748368771994,25.720895575632085,51.707341489686854,73.13520081628351,89.9143797926868,105.23465019763793,115.21547992309559,112.06489884629619,87.61227721754983,41.79666039893998,-10.265313618719551,-49.99645055352364,-70.06106820779435,-75.8288396667146,-74.17830046251677,-64.75022389428698,-50.52474603422123,-40.08979475587488,-31.595744972211858,-20.33599873429778,-11.278204800080267,-5.729366585748711,-1.5465013591113017,-0.06630932351302832,3.1390601333090036,8.41757002474433,8.168706306868913,7.710981208721703,10.977597738529193,7.525322072879067,2.5028058886699256,7.591850597114638,12.310589458798054,10.191741557708836,11.320141137468829,16.583085257636064,14.920094211546155,-5.327269819977463,-37.92659655980103,-51.49287696610009,-36.30816932734591,-21.511769692604908,-19.373218366763897,-16.977283309747563,-13.021743592084032,-9.27978393431225,-2.6585564087601643,1.3990921855972864,0.009180488540721399,-1.9706048630042403,-2.6910310337825276,-0.5250635605834351,3.600961857799093,4.033700009442446,1.342057766124693,-0.4374097197769702,1.2753666668995036,7.4762990966562315,5.858631683881112,-12.829933010960316,-27.94947025441967,-24.038477730397396,-18.115899441973486,-19.016676276617044,-17.859839435836278,-15.711030569811486,-8.381876662982409,13.91400042276712,33.5593958520585,33.2490964393331,28.49312807828262,24.77562656822966,8.972097141662099,-7.736716136240883,-12.100764554221694,-15.253002495484699,-19.91179255052211,-24.041052146863052,-32.98544385018147,-37.643031224365494,-38.18116790296713,-44.01263417604287,-40.482410389651974,-36.8626202693975,-55.15024381795406,-80.37930556857278,-99.37356199314814,23.609966545169726,447.57484763509746,752.2155232317004,325.247665312592,-384.9274833996852,-467.6634926838869,-129.88742840958548,-48.56337584049305,-106.31318659106864,-33.1602387628358,5.133883754044177,-25.931314657577328,1.0535144545180657,24.685052136028162,4.099496881168563,7.019749290120174,16.61201382895493,3.5288836229741705,1.5503782389626128,7.620833964350302,-3.5557336569023477,-15.746779857975946,-13.189925527089201,-8.893047015354812,-6.316947017839282,3.2544463700926185,1.8566448459023401,-24.170194637736415,-33.63465793772333,3.952068089183399,51.1033662516858,74.2921291607061,86.68635357786803,100.7122440407184,108.60284560360304,99.25456685237197,68.93219766444425,23.120303438738738,-29.822542090231547,-72.98693093117313,-86.36138600043473,-77.6204165364374,-68.59103878464927,-60.6941169033707,-51.697610913432314,-44.667418967688846,-32.81888954040586,-16.227290152015595,-5.016293347797998,1.566979529929652,4.690798936963798,2.493092644509126,3.612240033136687,9.6594048346239,11.403444521144268,11.08076762983766,10.91510920520412,4.262771012224304,-3.061121973088685,-2.729663963621176,-3.752793672020596,-11.171848541565321,-15.91802319496638,-15.931785874479116,-14.425475330578688,-7.073936678333704,4.258338761067305,7.0189826886313345,0.20756496977094763,-5.636781186413847,-8.852219789518191,-10.653974344428008,-6.4089626650928935,-1.169621511865694,-4.50351987133106,-9.072701892055564,-5.996192757233283,-2.423863317793751,-2.9421878857018724,-4.031094134586142,-7.20041190335523,-10.41652916717396,-6.248222006567949,0.45882038437142203,0.8458716955564869,-1.1726058847390668,-1.2909370862023737,-2.4494791820334703,-3.6717379942647277,-2.117436907858232,-1.7441111908860734,-7.593118606560628,-17.202570513890198,-22.47458867076327,-17.59017449562994,-2.099418128994904,18.99010275587787,33.52789532278803,34.81130111702727,34.875715576639294,40.04724800035502,33.11300345761262,9.310593840621415,-10.908669627618512,-19.212089116633358,-20.41078927194254,-13.3415672008838,-6.247117479163737,-18.12086546025415,-54.63558746533034,-89.82439250409527,-85.12118425486143,-60.67299546150133,-67.2536979267899,-86.69624075394647,-103.68121250073658,-67.70876157863813,235.19954197509966,679.6717464030194,576.7758543256092,-137.27823138410102,-522.7412577797732,-258.15541110818066,-37.21683971443256,-86.23405053627837,-53.305332267165966,26.728846019163605,-6.197308695107154,-18.38953205464712,22.225347386438848,16.715436692425687,4.253225301224385,17.50037063279007,7.748467805254724,-15.850564399869594,-21.777246439639534,-20.299926995026446,-21.71780929298299,-24.906572330716685,-26.13562443855178,-22.892627615155966,-20.65753721039986,-18.451278784907814,-9.17446863546743,5.18357227366706,22.11953758317152,43.04883602387033,66.87871987331991,90.96093399748094,108.46820669040096,111.74571581034783,98.68795038750432,68.32669676861478,27.02707536832233,-10.70219784765347,-41.254294911350456,-65.58401097620558,-75.45494813010708,-70.73840101193368,-62.129486279873376,-54.10987112115099,-44.53536260799237,-28.175446516586206,-7.3253818410368225,2.9599199530698304,3.048404867278812,8.310250987674145,13.691170207684735,8.501548662143804,1.4512449325486667,2.8348598150551396,13.808940715604459,17.61634337867701,-10.867870430582368,-48.86942689435966,-50.15932979943737,-33.59767735611943,-36.40693207674316,-36.2822846472071,-17.11513271778221,-7.25296567224181,-12.44862313526912,-12.55134958235114,-6.887478214048809,-3.942848162434906,-4.254986083418906,-6.196966963960197,-6.678323994461811,-4.835523869498685,-3.5385090673518818,-2.957589429405516,-2.3815760703352424,-2.277458423232849,-1.476979428913106,0.12674009021317367,0.2798859958553308,-2.616256109723137,-8.634189936110864,-15.421295540487792,-18.70933610121141,-17.520096195270206,-17.865133105782505,-24.7375507250265,-28.890415780660135,-15.9873842127545,8.902231535044228,26.20904564506597,28.953937697524125,24.99116060763069,18.454053969737075,8.031977674132143,-1.379829765205523,-6.670276247871058,-15.0908244888888,-24.640971482166456,-27.453155710533355,-30.83404261152625,-33.999375384827985,-31.146154779217945,-37.332752094791864,-45.52643419110826,-40.396894993226056,-46.73255209110651,-64.87934415252553,-89.5220471842305,-82.6310920330826,182.02732837896042,656.3439625207299,635.6537386818792,-84.35116605418034,-554.1998614572805,-301.9428855915583,-30.066638736092607,-72.04908043490806,-61.44164868959798,15.775149148184752,-12.913966244906312,-19.907601958050684,27.779656837864664,19.8123042652497,5.09665694887769,29.33855783223398,31.097493581037696,-0.6242728439386731,-35.03309152278829,-52.13934160830564,-42.061493472893936,-34.01173803721315,-45.51384977923321,-44.84486893570928,-27.062890101984085,-17.757415207879358,-10.77629605875057,8.479501812973096,31.175131783357976,51.13342553999967,72.18330215494706,92.4848137150605,108.75598292946276,121.27400095000996,123.4895250202645,99.74309064426436,44.81062774780948,-18.371435527641914,-57.69149731915574,-70.1296455439892,-76.7582758080677,-82.07427911178972,-73.71127509393571,-54.789981705652565,-39.62014861060332,-31.20964910213938,-25.84902633335585,-19.94501617554969,-9.358073505868221,1.9010453526341209,5.922620469442167,4.8802684313206655,2.4891700711086493,-1.9404323287113288,-2.4320788655798316,5.281095534251088,12.20290645898064,11.562616263981813,6.769576037511046,1.4445322898286852,-1.6684398045195383,-1.1329495939294412,0.38324866196515384,1.4362715586993753,1.7904611068392184,0.7888274600379299,1.4975915970793712,3.318307526883509,-0.32500757818937753,-6.254736311623332,-6.462238178086013,-4.2329260120569385,-1.9874998742546235,3.4205442232934526,3.0473813770492155,-11.045001265551496,-23.239309620244505,-20.003014821368573,-13.07111899587591,-11.374546169611584,-6.9520270268535596,-0.9880858270391997,-3.246304938306002,-10.077371297119907,-14.089387700355823,-14.424346092337576,-7.575021071072394,6.634661901413233,22.040989422174437,35.8589951414659,45.154396461962165,51.77878142618171,56.9238968015443,35.029583556062214,-21.300962230769525,-57.93893761781729,-48.04358222722271,-34.86085192978359,-37.615173347577624,-35.79504569253987,-33.90405113584282,-46.32052026083111,-55.92758239394314,-44.857068226429064,-38.58389637563005,-56.27636685366033,-78.74431335931382,-107.67934948863905,-33.02401572911002,355.7330672472377,749.1373659744493,450.85882305532425,-301.3817717798962,-517.574955551464,-179.0207281781402,-27.729247412594432,-90.8404079071625,-34.38975847512445,19.492250830124085,-18.689612396713656,-3.3732410544777682,31.183714721145428,10.6736627194029,3.225131004456262,14.62132824826341,4.760307403833668,-1.836413123384256,1.2280409066388698,-4.529937696189773,-12.08038946248972,-17.070819030107586,-22.12778379686177,-26.488414332750526,-30.347183586238717,-24.433284722450363,-5.79868925448873,13.321239112214798,33.72826790839068,60.868158440797956,86.43956850360024,104.93559356739615,112.10643312785457,104.10646024810815,90.61213558811365,68.7489679510776,22.01088638821647,-31.077529458916466,-60.17971155524673,-73.89168666115681,-81.60038860633357,-71.13445612450207,-52.214550111941335,-43.60408755275471,-36.64337149773119,-24.61916852433615,-15.961551241700226,-7.929087263893329,1.1531634211683226,2.3201612986093494,0.796251384099631,5.988337902903522,11.8757080795779,15.271238639954039,18.346447206911666,18.81195298782633,19.02419669679506,18.498356077038746,13.726404911647103,13.22774331436232,9.253943972124372,-19.91999029843697,-49.9028814471781,-44.82074247934072,-27.416768049227045,-23.969393453066402,-20.451136728952438,-13.381078911495472,-11.39873270032234,-8.027527508257556,-3.4686615786877226,-3.052788267341869,-1.7575836919058485,-1.7324573828918304,-6.616591113386047,-6.774894747395281,-0.5608998990198817,1.1879961280991562,-2.947377775614254,-5.179102999272569,-2.082806502883379,2.536320528373798,3.3275242493742025,-0.6810661785042047,-6.441793774134351,-9.706162616761851,-10.963624972026896,-16.526281466941498,-20.310117019832653,-5.683993349114599,18.595271330366018,27.959507378611285,28.05019172781608,32.888341441115784,27.066709986994823,8.233263355661155,1.7626754796189115,-0.9976172190256065,-22.78872742694128,-38.55303558833194,-32.214526497491306,-31.46453932684667,-39.7708297211565,-43.40227756722879,-46.19523810919247,-44.94940184376671,-46.07800036753615,-59.4907530942002,-81.0956724269316,-94.92781353627954,61.84704594818237,497.0866296110614,715.6565015323556,206.39419964633822,-443.86527292015865,-423.5174922886541,-85.02147686492117,-39.40058053244013,-86.4954644714097,-7.575498110669692,10.060650675271951,-27.367370942737786,2.792140924261215,22.203779603025442,1.7657478692643593,7.15917756184259,15.05572642686553,3.3258006743079815,0.7570542516409455,2.453859495122807,-4.522589996320493,-13.999302738426719,-20.40034018049544,-16.45490056027846,-6.413079651056517,1.4092442928288502,7.0270639398343056,-3.2195060131719133,-21.523857188590817,-2.9712265372202324,45.32561708764884,72.18413628830581,81.38762129171077,97.32365614098285,103.69736711995206,88.7862282803151,59.856099803127236,18.222810886670104,-23.34522694176074,-48.26450714413352,-62.91406642489825,-74.26747994695009,-75.49515914063005,-65.37410442111333,-50.15345162677346,-35.71125700960839,-25.179650911760305,-15.055065426970849,-3.906572974461893,1.8711960065643147,3.055120629836617,7.4385103246082815,11.092188655151013,4.5470428417973885,-7.069630805097201,-11.754536653617105,-9.847746007251196,-8.451331168838152,-6.971467748291772,-2.216360873719273,2.087813673841941,1.6418048916241421,-0.44022452706571613,-0.2153699800425688,-0.8685648311635568,-4.7881616914031415,-6.649589104028891,-5.125039534381717,-6.490637701681351,-9.863155047243605,-7.789488219093698,-0.5617860309835958,3.574475186644018,-1.1148492904710583,-9.801178595823687,-13.59715884634168,-13.098730999974254,-10.866612532364371,-5.596769465726766,-4.573716606091228,-10.138918827428082,-7.463108155451957,4.340114839094062,9.016677869143763,5.540567905482807,2.915687138412371,4.154767451974266,7.711935621712458,8.330096481694397,10.573207329974124,16.922691826581374,0.1353524572685849,-44.5833543124847,-65.60906978264369,-39.86749398083503,-3.683630077105825,16.92888400627374,23.08154232846995,22.166295752084952,20.765556967314414,12.699667481413856,-2.504570078494286,-9.782573543783625,-10.556072122848127,-16.418188832874694,-27.424118899772377,-37.87041878816107,-39.881961469527624,-42.01489301254177,-52.78140275509615,-50.37844138842728,-41.838475277477876,-55.045158706058274,-78.72382927934531,-93.60516885396952,40.091532463312916,463.39523783223126,734.7762630824357,272.6067267846724,-421.1128161175481,-460.2809822584059,-117.63612215817811,-56.062713809786246,-109.12347731878488,-21.202523577476285,16.09487459245849,-19.61588895586752,1.438951511200603,12.86754157508077,-7.492949697984972,10.758739143437857,25.32144160999882,2.876887919440364,-7.748589640934847,-6.069461003876393,-13.952079176317598,-15.473097626113354,-11.81136299382287,-21.90098604300928,-38.10886303936283,-40.907696290495956,-27.256495659616476,-5.9765865663860005,16.881309435649875,37.65016293564026,53.41281991794773,70.38772701186208,93.47698239740609,109.81659230235277,107.1854733295166,89.32477698569437,58.47415430052201,15.358102541076246,-23.757877619548776,-44.78899350950404,-57.12084644054305,-69.52756198434474,-72.41951528249206,-62.79527466799496,-50.08293920152414,-35.288037942868286,-19.073847976153623,-8.947539953960785,-1.7106802083327803,8.371210571185612,17.49231146785914,23.965339037405563,18.079239632257178,-12.955420471054648,-44.64618608003899,-43.80297709695004,-27.471941135886333,-24.307785170705525,-24.715038868630682,-15.265306262549137,-4.0985096592833195,2.237941174711816,5.137861709085074,5.872137452372778,8.16147842365027,10.145264587483553,1.7517962318556375,-9.679391571679085,-6.039274045707723,-0.31613921208077755,-12.342069450994593,-23.73476949582266,-20.50165422336937,-19.493102167411415,-20.503454193735223,-12.360654387399949,-6.344101506688839,-7.143056599678912,-5.340828288959379,-4.070354295975097,-8.019276767170432,-14.833021647107262,-22.208330643469985,-21.452992165724226,-6.760479771354008,14.53967699292481,30.52304855610786,28.949478496705595,14.508150423122864,8.142974934051548,5.669532550134338,-7.171970190363119,-15.905930688468649,-15.013040790579408,-17.666354621569724,-20.07620604490115,-23.854904539336818,-32.03324104105246,-28.458342667682416,-27.21372246902291,-42.28447987214771,-42.90169897644578,-39.70034721754734,-57.89304182685931,-79.61896849646583,-98.77759199751469,37.77468917684243,478.185154116186,722.6218202695716,202.73249000629227,-471.32566987943636,-436.16323054052395,-79.9099461906444,-42.341314830942565,-85.69821786997728,14.319454762673345,39.01262426810186,-4.362402966289162,21.258270793052915,35.38319086025843,11.875113775741632,24.018601458666847,31.891200559137342,-7.611317388744059,-43.18607381341893,-45.10375464567403,-35.79970448405297,-32.983748219421855,-37.09386024233628,-38.811133195729575,-29.814239707710783,-17.56515695435242,-11.50668001343088,1.0748762146742035,28.574598454968893,50.17473232830797,60.97042812290434,82.3408342709384,107.47733698927019,114.70484513227564,108.40081680683798,90.34318632637067,51.925790135018794,5.158916849939997,-33.252239240322496,-60.905294050005175,-73.96879229146236,-69.49898384352649,-55.371793124506794,-41.06263835240817,-33.348179751956025,-34.698783407930925,-36.31607691842843,-27.08409486937014,-11.163005772208658,-2.424593228887794,-3.4582815076586613,-5.884993682924307,-6.815674112520654,-6.916742820354827,-3.141247060520193,1.860026669281381,1.3372339576655428,-1.6745914604290295,-1.943157739985331,-1.586171453594977,0.33838393337024186,6.195618866731097,9.369378175966446,7.268506327214281,8.304784005999444,12.913743200282088,13.281346462543535,9.97842413085187,4.734585658414876,-4.817134635555736,-11.879696677402197,-9.757114522345244,-6.274417866172392,-5.9125650530523135,-2.8122602319958423,-0.2811710412116346,-6.241175735855446,-13.735609157240813,-10.903174924469296,-1.4705349022153946,1.3836919256074598,-3.358014424053761,-4.744958334591862,-1.3137689727432242,0.38618490014394924,5.129138335351618,14.800751601815769,11.967687752618465,-5.019561310202986,-6.8268479867731475,11.66981111136827,16.872715906883236,2.331534277607078,-5.838618685394447,-12.954868172334933,-32.77106033836368,-37.39411656902413,-22.080088597853408,-25.1182240041881,-38.78363207501701,-37.294945245013004,-39.34185092026182,-42.650179705160326,-35.65840985530185,-44.80658209712598,-72.39016986073466,-104.44607580190379,-37.61915386809146,329.0881613821948,728.2212435760458,467.68605932842854,-279.1868023378851,-526.7990630297824,-197.63687166375627,-32.30439198737652,-91.80095772837457,-35.59986459370566,22.910460650126588,-18.081945033460617,-8.15159213273322,29.64076325202828,13.712638347266699,5.414794223202735,13.54892508532094,0.9574515790225457,-5.382748128587141,0.3439144365071747,-5.636783416166226,-16.95201740236897,-24.3936129865246,-28.456662224166287,-27.64813428418463,-22.78496937373387,-13.440890258327666,-2.663849463231392,8.620695507234952,31.440387176782735,62.79790028793465,85.84928533585277,101.02214247189411,110.9962400793893,106.8683782864587,89.27761894056916,62.009404445037646,22.43274027826582,-21.0217094221239,-53.850237969008624,-71.30217872621968,-73.32080482436943,-63.537074377633736,-50.27145097239625,-37.944386926960036,-27.231738994542198,-19.898327424445,-14.545935411589284,-4.600148800880098,10.04549658562409,18.151151219721406,17.292522320080195,16.73464827690386,14.088354046760712,8.219842731978893,8.70928390552237,-0.637347870746364,-34.713794210292704,-54.447513880851105,-36.13055542426346,-19.67623218856837,-21.904806537764692,-16.239441003063938,-2.6021786473428303,4.053157738914045,7.543665331581751,7.818496644103453,2.4203433834549983,-0.1997396140301575,0.10057093782490867,-3.540460097939146,-7.231513520996405,-6.623948549398186,-6.698254219678873,-10.736969503676434,-14.9717651478667,-14.641621388160353,-8.864833746898741,-3.5020055153535274,-6.491112573185443,-13.230969641684258,-10.633517303782952,-1.5559705075931767,1.004711833422271,-0.6932870144401502,-0.6809190312588207,-5.61970273832798,-16.269297006718904,-21.8382307433815,-18.686851998496774,-9.091192065887677,6.92376920374879,22.173286934300958,26.222754912703184,24.41043172622617,26.268427511476293,23.19318031790401,8.856140898683734,-4.60769647150207,-13.604886785374685,-21.812257181660932,-22.2043408301078,-21.598108074337805,-30.138276218156612,-33.821262256138304,-36.72207611886184,-48.58673295813864,-44.94380569400862,-38.64170621789356,-59.21713888753141,-81.11910261149934,-90.85011167905671,25.495212412911343,429.6275944088996,730.3285650740656,317.652736602458,-379.6244523890972,-455.6759059200912,-118.86583027750498,-47.094993110351396,-107.04140470896363,-25.11567601118316,12.720821411491855,-27.50917181305052,0.3956157526159494,31.008388181550938,10.719461243621986,13.632105544788736,30.781612576042573,22.83796789653892,14.090096340896803,12.30144579315518,-4.0584926311799965,-38.8602895309041,-67.65887170337172,-65.07729478829849,-46.64066959456511,-38.06837043854971,-29.65715597327182,-11.788621320119379,7.859403349786867,30.088733706205424,55.20504725844857,77.11167945865628,95.3218862567388,107.33648949252274,107.394437157903,93.27470464965891,62.81476430131967,19.215874172004884,-23.74315607369057,-52.0683976459489,-63.234675342079896,-65.52369643758688,-61.95588936942339,-48.911494577428215,-35.499338621818914,-31.913261611786393,-29.125355042202358,-19.916125896313527,-9.516950825560937,-1.3036926859391063,0.2354050497540534,-4.863379480337517,-5.262635835632951,-1.406678429393045,-2.9799003628931757,-5.592001076773489,-4.9919863993843805,-4.911108181793704,-3.6046951575287114,-2.9383434540390834,-6.47581927127866,-5.3093983254454145,2.377574266731358,5.599686084704132,6.457165866214283,11.294512700044287,11.314305535621365,4.136281315384826,2.2786523254616915,5.127216707670081,1.4684381790204286,-3.6362120978981087,-5.350006787382913,-15.09195088316073,-27.172327030202453,-23.48965385625855,-14.593017188565593,-12.088189747252867,-4.962142382417985,0.8170771682885789,-3.6752317659180775,-1.7944653833284256,4.286491906198906,-2.1558856084220785,-7.550221482178565,-2.41880179679129,0.9483029648626919,4.76989851259765,13.560119669454771,18.277845642242216,8.66828303120544,-24.59054844255064,-60.891480502344805,-57.98049118146808,-29.48065567770469,-17.344939792484944,-8.175663642440137,14.426616254609227,25.940058361084933,25.636634724229275,27.729150912835646,15.347717838585837,-9.892282024624533,-19.0043784633203,-15.129994309439775,-14.561787238408046,-17.03120260228298,-27.218006216495855,-38.225954251821456,-37.3989509678198,-40.042032054743046,-44.539812863318346,-37.564608407145954,-44.5206102251428,-71.4073914190482,-105.58384347128008,-81.21282045953973,215.13657090197896,675.180967843238,607.5529951637998,-109.02801065641724,-535.6238192978428,-280.29227666426846,-38.088974633464645,-89.41993337299517,-70.42583981250358,15.981079264980124,-5.746456917506869,-18.311939039251584,17.16913017322495,8.040115515856563,-5.001985632821905,12.00489080861786,14.33411567595403,8.133060062400924,6.794688056981757,-3.278859609656905,-14.027499055272033,-24.028497698223205,-38.05422888993218,-39.41721204735971,-27.399763914654287,-19.565218754703608,-14.802588919478477,-2.7149920937074707,19.712153382398377,48.088175214518564,70.26352210476473,80.86272523505436,89.76518859156683,102.66547048036664,106.23025615230827,83.78535538125873,41.19160306208981,-1.4641237485626295,-38.51977995421283,-68.17268237060587,-75.82750364202253,-61.7794088032814,-48.87315816448857,-45.950721945420106,-40.87618437310984,-28.576579924099814,-18.387149114353864,-11.248053438493722,5.735380790318477,20.868751705911716,1.037369182769325,-36.63913366731712,-40.45953938730692,-17.716012451699733,-9.415424441903621,-13.287444293387004,-13.433046478674466,-13.612734949559076,-13.34484528727514,-9.054671614762785,-1.9976912394242134,4.933849093934015,2.6339757122830676,-4.820684572623669,-0.5109270782522053,6.979288488085601,2.3070305019064286,-4.541502242310846,-8.331217662941452,-12.688193875292388,-10.419898491468961,-5.01079395287972,-5.8131853506102775,-5.7750202785858935,-5.028926275582837,-10.581943041888257,-12.040919594323857,-5.389996569427089,-3.8487211055117445,-9.035729086281505,-13.018408515658548,-13.644774949482033,-10.6702355718859,-7.790718371413774,-8.527561115959669,-6.550755853726237,1.5682346705053685,10.351193314613313,17.81120734825224,22.60218168119733,22.08061670974101,19.805791673792292,14.044370490208802,-1.6583280100083027,-17.510699707805713,-22.974638772059027,-24.38900648783286,-25.382495182321186,-28.047896445525886,-35.03990556956998,-36.27035532912721,-36.85383134646546,-46.181767338968534,-42.38695658154914,-35.25077888642642,-54.65180037112657,-79.94743952473704,-99.5654122301862,-3.452430456697442,393.94214444020207,739.5733721016636,373.74788613395367,-356.1777192202683,-488.1081647943697,-136.85130317226793,-26.044135572212667,-86.24402932468308,-10.423292398716654,40.15903401483954,6.9870330493229105,18.023725294401004,9.946192223256713,-36.3584773438317,-21.28748540205529,8.024794775067367,-10.37100586807831,-20.419770094711453,-13.94714232254239,-22.91416948112917,-26.469425286253873,-20.033317391620542,-26.10848730747807,-33.746973205709104,-27.190959022825325,-16.259819981136914,-5.41549140996845,14.62546577780089,42.14109523033884,65.48274064714258,84.41382509584855,103.20227260125237,115.1834071181968,116.18992380594342,106.75683547772138,76.44510053379922,23.66167594294392,-25.110223277057784,-49.71241990547845,-60.33362287548306,-67.79246939193489,-64.79757998309444,-49.29382535820169,-36.988035092534645,-38.1274626448469,-40.7542440066157,-29.543518179763318,-11.511089534267652,-7.187344711380154,-15.907351314549409,-16.0182989009803,-6.233115718335089,-4.21259530091457,-5.802859010061578,0.04160232073474113,2.888995650926941,1.4695457456541003,7.154454897158187,9.642106786164709,2.1810348054445123,2.174974284801585,9.35872240139727,7.636826821415543,0.6034244548153378,-5.2713967950051135,-11.220720610650282,-11.066259817356173,-6.0602615143090475,-6.664071370688663,-9.028454215327162,-5.797610588884823,-1.9661586297199403,-1.1520275848130774,0.8590034870995495,6.378512757670492,9.857648597280708,7.617052783665342,8.252152915767374,15.914923886292389,22.891781036638754,25.510048022487556,13.211858141684797,-22.629915801439083,-49.94320438967374,-42.22653869094807,-29.74745711187889,-30.89395878089746,-23.879055309616664,-11.580799090473203,-11.221178605327705,-14.539123713515824,-15.880376791567109,-17.326319975093398,-9.489583859349516,9.379272522535407,26.417660472539744,32.31214751055701,29.37782089221046,26.46510129156858,20.086524256120086,3.4679809081825166,-6.721720379416803,-4.766884608624082,-11.957155202202845,-22.95092462575979,-22.205016692851995,-23.070906038034252,-24.088919842529535,-17.77398881885892,-25.12255449881473,-46.299656469539244,-61.58848460243247,-70.39653931013515,-89.42389677721883,-117.10787789410824,15.750443190786342,456.68850891673674,743.2895399725952,290.59673890775,-404.06032900718606,-457.47864224887877,-119.76542123618748,-48.65264855348771,-100.05147885862604,-17.87301862783456,18.192147392816587,-19.01496025966806,3.056962182855907,23.254756527890496,3.3621876398935777,7.890868668794079,16.582672383284784,3.9610947096589584,-0.4768212098884854,-4.150823199270072,-18.155470894838047,-23.69100615711674,-21.481030486677604,-21.323206582972894,-22.15989598345944,-23.5269522428268,-17.82061354686279,1.0094173642545279,25.129182226913912,49.43406064795395,70.45479399467263,83.85741670720097,97.73624952162493,113.31414539805928,117.60485506538303,110.31999391849504,83.57174751505701,15.017945544387139,-66.19515301499841,-98.79835363193557,-89.36628315088326,-85.00809017699463,-85.59278068570129,-72.36350262515936,-54.691758863134694,-40.36066228220398,-24.05732684655497,-10.623650678521233,-5.029312617470069,0.55013061715389,7.799781283936196,11.207856430477962,14.597092728231136,17.57676983375368,10.84335625034306,1.8604283516289524,2.4379442937949705,3.5999127182723516,0.7566967077101516,0.8365475415486525,-3.2524354112204783,-15.9412230886959,-24.2389248885871,-23.015195496804985,-17.028920373388484,-10.400289684392906,-9.732379025735405,-12.082211020053085,-8.231742799667622,-3.826573129481762,-4.602429298206628,-4.622494752366652,-4.197153118461523,-4.614722424051276,-0.8633493401070798,2.606838934133842,0.315279107675666,-1.538895175940878,-2.689460088547426,-8.420879257047176,-10.943876289374678,-2.186788339472261,8.379018793087845,8.056454139344574,-1.4956030250216816,-8.738695231029471,-6.588104906017674,0.36206549244628317,3.1859865186317697,-0.04419422753731972,-5.757850587924787,-10.995132908008616,-12.844163217282901,-11.048270376724375,-7.680732738838077,1.2457051339869016,15.671668455670195,22.04850691381959,19.634986704895542,21.69695588685642,18.955215807647868,1.0593552387954777,-10.76097561558138,-9.555810357380615,-13.64785559935562,-20.00742711450473,-24.17454553628533,-32.459097205392695,-32.654196935036104,-31.47751990939167,-44.85813848474963,-45.05535880385786,-34.76298396890624,-49.358094578099255,-75.44108826764301,-85.4925074055229,59.62679359342283,494.91105693779946,763.8854069410548,273.10702903561514,-450.09572658327227,-484.84157727255246,-119.8213646267822,-51.77325380445549,-106.57960626890626,-16.53877304330294,9.419876530968082,-46.85111860275548,-21.969414947849067,13.415822148945852,-2.1518496972231276,-0.5323532726186091,7.987281409402772,-4.067953481165324,-5.439184717473845,0.15646876265387633,-7.8931524181693575,-17.34399274748293,-20.486794248366614,-22.28654069008363,-22.649355799633575,-19.926925872476335,-12.384022541462567,-1.6715424029797115,8.581621443015905,24.3012646647364,50.00605306442557,73.86214113395819,87.52632181300976,97.72960690299495,102.0804758639386,88.18003156723836,58.141047231962,21.254117406744246,-17.934094031739015,-48.51387060421225,-62.34861011438345,-66.13952167762201,-64.99389293763461,-59.5829496294458,-52.31849398728399,-39.46065419966426,-22.876705180547475,-13.951352287173714,-7.704526875943952,3.564227092124405,7.299854034805946,1.9447799669163182,-0.24924464383882494,-5.186127410374086,-14.30468846850857,-12.680251668623395,-7.176435270758006,-11.878795365165232,-14.09387797623949,-6.390297274032031,-3.5094122756608,-7.877695314146113,-7.945348143068376,-4.999157458401374,-7.0237334359324635,-8.66546743114399,-3.1047819219673904,-0.2361547580226162,-4.608384256240365,-2.3977034492495424,3.843047693449334,-0.39516908073546375,-2.78487094340824,6.044325336179653,7.415310308685899,0.023895794818551863,-1.984378567821114,-6.51518994908097,-16.377814562688847,-14.364122833104723,-0.15164205832509836,8.616069563714039,7.866542269163143,9.98872616298379,11.972674757784272,-10.278226575180259,-45.85444122470963,-51.259089264763816,-34.664289796492184,-33.05046375644206,-33.64751463338919,-19.02444550126708,-2.2557522298658554,15.994415664997728,31.227273931075224,27.774370995803398,18.63205137464177,13.106384862896153,-0.3034029795605271,-10.188652110120415,-8.722157036355874,-12.008719490312224,-18.20791497461526,-21.590158205192175,-26.53664340087857,-29.922700004050935,-40.95742222001911,-56.71984099506234,-53.960625160150585,-52.22841529065626,-68.82387281544891,-94.65013027532086,-100.4004162137964,111.64206675034667,582.3926132641769,692.0654262075036,59.138057710652305,-514.7280913114357,-362.78224141060394,-51.96984963206518,-68.45558193527242,-88.25721780164808,8.73433653837273,8.130533986669413,-23.261037304659865,11.975754305692,15.721563929055613,-8.319399444268889,3.712021479834604,13.125009035530198,1.7931932346475516,-4.044461468114956,-9.205516307821771,-14.516306113948298,-13.285588369025001,-16.489744190829406,-20.863376868161154,-13.759568957496622,-3.084713796829364,4.64730578068459,19.007534489573978,45.632842158877594,75.85673071327508,86.63707545482116,66.02291069144037,47.46306231102734,62.91904573984408,81.63138909934248,66.92444010478579,32.047470444169726,-7.1445802168241155,-47.326746896969965,-69.92470179952677,-71.43750585386407,-72.89436700301022,-73.86863597988882,-61.340962112372694,-44.239064988164465,-31.40386731838211,-17.03832033531077,-5.2255250133618,-5.260165148570845,-8.64359823577053,-3.1604077544616356,8.433082797576944,17.39848329112247,16.438796773896172,5.9226310846004155,0.15267152434059206,4.054829594789615,1.7866344485603758,-9.363154824492185,-15.306627210793927,-16.72541549747188,-18.56721757746945,-13.104842036932503,-2.435529072729116,-0.26292687550576055,-6.080728172085479,-8.356263471516952,-4.33478651390115,0.12059124801931187,1.8931753179812576,2.5949300056954074,1.7171458215087494,-1.6854495880418918,-2.9181169134396296,-0.14029541201216134,0.5270562550830515,-2.605453851377698,-4.636290930348262,-4.85667658710854,-6.2226791110085475,-7.8800266349413,-5.1150878754201585,1.6795916967119406,2.95482387004298,-3.8455233436960334,-7.278899383087197,-4.000328967161207,-2.8590715467409176,-6.261348713545884,-11.565910490481444,-12.48908962339321,2.762657608945797,27.142670983166582,37.99758351938627,34.645834055748445,25.175914496305342,5.499592622505707,-11.569070378562222,-9.009448363779246,-3.7775550327505982,-10.855573021356872,-18.62558011104715,-22.741245596694714,-23.777183974643904,-18.043499605349776,-12.604956555335608,-16.085971823297367,-41.95292938001985,-86.81844498075296,-108.08214906709476,-118.49893440142105,-91.19463868237976,204.46905107747637,669.5194277903075,600.6918712776287,-111.91580006468725,-526.4366512562963,-267.99092146672945,-29.42772333750071,-81.19347653527416,-61.34511347428633,23.047482501394413,-6.228722528657606,-24.336362266126756,15.465660454277828,8.21649835116302,-10.659307132771147,5.256254539532566,9.506569706010605,3.473104227175316,5.152601411907144,-6.2080255033425225,-20.27276139179108,-16.901826229937917,-12.918063228343875,-17.45099862674975,-20.238482331874383,-19.282093782445695,-11.501859596249407,7.0949398189177355,26.736951096638407,42.04961778329907,60.14429778659157,78.38212053116999,89.91747566818891,99.94161187679629,104.82397417128738,85.88257455007965,42.946971552014965,-2.6219491886504933,-37.83238110860451,-59.37105408146812,-64.50235205728056,-60.84362417206891,-59.24576198908341,-55.53841114229045,-42.19297102175236,-24.178016209284078,-8.452251714841388,5.251751055576813,14.517214114660893,9.638962037653092,-6.608942868616964,-12.242672702454758,-4.527401026065313,-8.147632753717902,-20.852051225288932,-17.054107522470392,-5.562753921719532,-5.052196844374281,-3.1339800201374572,4.0012765120416836,3.173377238010982,1.9372907202939977,9.50899385194608,17.563203294075606,19.477531067270778,5.142199181562997,-26.914595113434252,-43.52850313417011,-27.102083196696245,-10.768658287520687,-13.053296038620699,-11.462731553100685,-0.7329448412468214,-1.7087471972653994,-13.32185998893067,-14.853062320250118,-7.350438497288499,-5.8083410099837085,-6.472721855797168,-2.5537495059487014,-1.2923407097049662,-2.4868032367565807,-1.7532870794806996,-4.134824118702976,-5.432755524332473,-0.5485778945959323,-1.650878823590129,-7.550099472909603,-3.0098308782291086,2.728696575871002,-3.179336259327256,-8.812569167111212,-8.319819613937348,-10.618880466325376,-14.127529788139832,-11.674168774455092,-0.9772611141804668,16.560670904600634,28.91614360907919,27.658366363107305,24.533272630258168,23.16578301707873,10.88914627138463,-5.162189855254974,-8.098184930266212,-6.574502748815965,-15.68817505639349,-28.734880366012895,-31.226619089117715,-29.244413691993863,-38.46573776350387,-45.15847076306218,-37.89735687777092,-41.889367789737406,-61.458568037550464,-95.12951838120483,-100.42319622632033,141.11782127647854,608.1802186768397,652.4021544555485,2.64238085813453,-505.8668712479249,-326.0855572001047,-49.49185059713435,-75.12797371021013,-80.12806254330536,10.858692641718342,5.977678654650475,-13.5444703352182,24.662846638929558,26.888330423080035,12.02975696910888,27.49444433327131,31.117578919037694,24.545513383010604,18.953625378517938,-15.732238727940596,-51.77352547734237,-51.07005742516748,-44.14112648019895,-45.19037671636798,-35.032814645471035,-23.907114902510433,-18.42953947943426,-4.182858187599273,13.094970386597307,27.819115206746027,50.571193615738395,74.50613314011873,89.11492738545945,100.50081910755353,102.37781177080619,80.89245778468738,44.36823046051983,6.948891972323694,-27.824423124429195,-54.14695188312719,-65.15280503784065,-63.3924149512251,-57.02926216400823,-50.5879871921876,-40.692099427587905,-24.733615682657124,-10.119035459801117,-3.6460051893451286,-2.3970678488854773,-1.1912427748649108,3.180208128217636,7.966134452235526,3.169389898043706,-10.078302976357604,-16.68307274671706,-13.746260445890538,-10.28059805456757,-6.479061408159435,-1.025286513157731,-0.07589201190231343,-3.559627697585128,-1.9176807455537208,7.179777858616826,9.157947893307488,-7.605620256223492,-25.52747141200694,-21.634991365296205,-8.206871059100925,-6.703968560938694,-9.037534177098031,-4.98004143776282,-3.8090350787156204,-6.829257489744009,-4.484740081464235,0.6784759714671882,1.1485828529619262,-1.3551935438335665,-2.7430248248817284,-2.316569251184614,-1.1307488130227306,-0.21258183841155542,0.4619191594173788,-0.11874807857503811,-1.6730379470443166,-1.368888826876896,-2.216161805640417,-6.560854556825762,-6.192811465750367,-1.7078753367510373,-4.056351638131682,-7.5283073742634805,-2.9495376179234762,3.0575852108980675,9.809929559490826,16.42511410929569,6.284436573716583,-12.57926409699822,-6.576561836946743,15.126608663863218,10.997287649403145,-13.336401265516962,-21.453904618560912,-17.581307520132455,-22.316794876249176,-27.6644064763345,-29.408751487916458,-34.426263691998116,-37.61601709211462,-40.87239949072608,-43.563666888098304,-37.91096298897624,-41.927783608231934,-63.79867230040247,-95.0745759430169,-77.53942262027684,189.87224626538125,640.8453892919832,624.7856596602232,-56.188849097725324,-523.963326246479,-303.85120514728766,-42.01892635145242,-81.61107506167878,-72.88399522955805,16.011007960498205,-3.0949916240808335,-20.325516554234227,23.966424898967404,24.25694729131736,-2.051410184389214,-7.948831606632377,-15.243438666576363,-14.18567591635479,-3.896641647839896,-9.872977978089782,-19.22968688520251,-21.14020366177336,-26.84324780364784,-29.03526992618734,-20.841754802497494,-10.304404670758752,-1.358344008429702,4.092852288927797,10.799946144980389,31.77752264304954,63.593404419490895,88.75644470991236,102.23207998727791,107.05081988168936,98.2060003430743,72.42516601913988,37.468995966503215,-0.9785125163391641,-40.69064756005663,-69.3338584620395,-77.4344102884541,-73.7223042233248,-67.22595866680788,-58.29442813320736,-47.02147676324308,-31.304527949303257,-14.607852555014532,-6.149831566633978,0.1354375089198463,9.986603534468353,12.142364834216432,9.518537618037147,12.419936082688727,12.0535808061047,9.81263101057317,8.351248430267937,-15.789495508092518,-49.81635952937263,-45.76907739097149,-19.79479543734486,-15.752796524754036,-17.762455135520284,-10.85354712477352,-13.62082951868808,-14.468330831509693,0.17982188076973316,2.3002574056506475,-13.344091152290563,-16.141083343543137,-6.294325723724619,-4.834865748773161,-7.96259534383811,-4.602917619341241,0.7851310880684323,0.4587844076151715,-3.809337002405046,-4.043971450048695,0.5143964185208221,3.4067722468208848,1.217611731806434,-11.569170942182488,-33.858202127182494,-41.33908515609061,-20.70878291258822,5.289341010527645,19.17056373346057,24.57364107065576,22.2114975257212,15.325397323112387,10.233723145070282,3.7672806410329542,-3.76415323608549,-9.062379114394602,-14.427597021678984,-16.89784033656929,-16.93837825979825,-21.553499821457393,-29.350413680500523,-38.49120393313456,-43.84349495910881,-42.96227628227705,-49.902471256931804,-63.687316521490814,-92.3652326738368,-92.77754675253104,161.8430747728321,623.6910226475112,616.6954429723196,-68.45054598475542,-531.7022950417313,-299.2056626950979,-35.72311971476407,-76.20950804389648,-59.6352972117936,32.81891925541068,6.407054592402524,-18.240695735293716,21.60613005242035,20.520207141053817,4.785741539064999,16.70071289044791,12.650854501514319,-0.27156315282345167,1.525591239320926,2.8753076336016035,-0.08171343048555402,-10.737894408986724,-30.060862951893952,-36.13639895393695,-25.852962508302788,-16.01332410072651,-8.157708939575173,2.4897941534432366,20.38561516950456,47.29045393427278,75.36151667667573,102.5135188260582,122.52064964877508,115.77112129383964,89.6429702156756,65.81688338619674,31.890796806269627,-17.817254072319702,-52.82263323353179,-63.503318579309905,-70.32828113068145,-79.22984544730438,-80.39814762415652,-68.29903191843027,-49.66175502755719,-36.493804776782184,-26.29306679771335,-12.583164835565022,-4.76299942854601,-5.449714257945514,-2.7080456460571973,2.838682779088069,4.354657420637161,5.910892840454532,9.294268224735315,12.050333836317005,14.933469763426167,13.232260910418972,3.220150674395576,-5.167923322018414,-5.648863687605085,-6.383397005786652,-10.132204008480551,-9.505433142973986,-5.213308867132156,-4.753718235677691,-6.3559485774177755,-4.807906445036559,-4.389946728750548,-8.51461754220635,-10.079595147225039,-4.757921296007467,0.6630097881526229,-1.1473782237100796,-7.618505433882515,-8.226982440759421,0.11442459121477944,5.571936194654465,1.1766270205527372,-3.6859159646295323,-3.0295210801424526,-2.0290301016682903,-1.412961758862532,1.9924366085408007,3.054875401164147,-3.316208195030371,-8.761042745052077,-2.8314871879668955,13.133520614741677,33.684309719220416,48.28234601191548,36.84761823622264,1.5230579912726974,-22.721723074088867,-20.69950518816621,-15.840061098042575,-23.778861839593677,-32.70618874106521,-31.890591235944918,-28.96725470104905,-29.850451829828806,-29.434815089342095,-32.374642560111496,-38.35726884458717,-34.7281727202733,-35.606945266881446,-52.642032871305595,-83.25096445795893,-112.62965721949746,44.18589229186665,499.1926306219183,720.1068066552752,195.1285625089301,-450.32087126949597,-418.14423683600785,-92.18915467462172,-55.19998387411025,-85.90114637918386,4.382365322518481,19.209676359048068,-17.98834911300613,10.417452033598595,19.78232813924206,-6.35920871256783,4.102416295422528,18.02558297870223,2.3871108758649626,-9.401186517339935,-11.19219948884031,-17.537017246085263,-23.8688510469262,-24.200498722002518,-22.923495956456147,-24.451748422442332,-21.85113028580732,-9.273944082204576,6.802715735136381,23.54383784562648,40.80191130254532,55.00502653610045,72.25277503354603,95.003269523489,110.30641164650176,111.67723953110048,96.90172051666283,60.69348024506836,14.611646543530421,-23.636121279564946,-51.481771842998796,-67.03612394464676,-68.28015188348562,-63.374587358631715,-55.43477344041072,-41.44362561324476,-28.1729000544227,-24.376341675817212,-25.474974676179194,-19.565169610337602,-6.980469764873847,0.5020237579599325,3.0825053081347047,7.6551590418799345,9.716778338336574,10.072488010055501,16.26637825619077,23.97531213663221,30.155504721595868,29.75114022065678,5.676329380848708,-26.71359607137929,-26.674718972323852,-6.365072518298652,-10.020070771825058,-32.35865443847577,-39.38855342878519,-28.11922244624888,-17.153281231093253,-13.177371613880062,-11.04950251421416,-10.410347879804629,-11.819778411122185,-8.668694324504663,-2.4292044355171036,-0.9217419560089901,1.457441771565449,6.591835169490598,1.7809143008390436,-9.083464881923435,-9.104026447528543,-1.5948168984924758,0.8618384094874383,-2.469282409184556,-7.461533074731015,-10.01514064293841,-8.568399950493573,-7.964297802600896,-11.65683904413778,-18.531068174724403,-23.15550408774583,-13.027847428403213,11.751500573209247,28.980958977128843,31.642835886305416,33.44010551785351,27.968114244892924,7.083774550928037,-6.106541805467142,-3.9561508611482505,-8.618405925438248,-19.23956736462513,-24.50091054229891,-30.043628495719037,-32.85174605628049,-32.63994209057347,-36.84455746693767,-37.544143539956096,-41.43466105143552,-58.717371677649545,-85.39010052369153,-106.19499515075056,47.02188925998237,485.45886667390863,709.07174811918,206.36275407022333,-435.63563156895293,-416.12535343068714,-88.67288927236315,-47.77715473025696,-89.51202483375506,-5.949364863986268,14.68607159822448,-20.171234101577504,6.905497074070677,21.28750311513422,1.5014452305678825,10.094163369828776,19.886149657518743,9.863881938645942,3.957027736572601,-6.702189618618821,-21.04012337229984,-19.45859325335024,-13.773995783605855,-18.934130595015482,-29.49901119698461,-36.51496884453541,-30.29145946880812,-9.600951387692968,15.038976568116057,38.243772509630844,61.00172576038655,81.87461451889479,98.54014232545045,112.96783160726184,122.50848634841152,104.41125912699525,46.23075110871666,-17.05528443958184,-51.5317677575621,-67.51382426892584,-75.20103662938115,-70.06616602056931,-61.64685732404358,-56.12003705001913,-46.93824433150722,-37.318175758555434,-30.439131143083102,-20.755188409678965,-10.538799971071086,-5.222592141327631,-2.113129394539051,1.2212707648483647,1.4770449448588145,-1.5804783043830284,-0.9950138910827171,1.2071726458829595,-5.540514060399401,-10.620371347812842,1.1785001628530454,11.94662193495929,7.388569886082312,3.5045635790387397,1.914494133380682,-6.766306614239575,-8.248475174082976,2.054442168407429,4.591932504165975,-1.6921353394458034,-4.6944364478685845,-9.016930254189663,-16.949981094355145,-16.16985587249985,-5.691797877829298,-1.1189052556942016,-7.405885771987375,-11.400723378103066,-6.756312847857288,-2.4146150171785585,-1.766508318016804,0.5123324795012678,2.095786994377363,-2.120440411377878,-6.680289217389074,-6.040311304229583,-7.36603872700908,-16.18269200296132,-23.316651611019466,-24.588332757064652,-27.970320085205888,-25.408187936611025,-2.4678638399099633,24.027749903013245,33.06952992536522,33.793748521279696,31.75276513188098,19.736705264459708,8.294410739308661,7.635562529728966,9.84894230858846,4.1701974304347225,-25.711561752762346,-69.14751325050332,-73.69506904596393,-48.2310978478267,-54.49724228111855,-68.82348328764559,-57.61313208106411,-63.64081271532966,-82.68841638453075,-96.01361826894687,-56.40412900006102,247.99097273353235,682.0101889961722,545.099262454569,-182.57118632377706,-526.5845530334735,-228.61281577688035,-26.73242364071323,-96.5139096752275,-60.25697172116769,22.49008660632272,-5.1982266755159685,-7.924166344898229,25.38606601603513,7.470759410385577,-1.7942664515763544,14.771691970993334,1.8819776041642813,-15.917688041709434,-15.023842936232038,-17.894714827995422,-22.136213057705532,-23.506383979779145,-27.86275005866323,-26.37806747480186,-21.79142910911964,-21.541487806897543,-12.810575136718342,8.198717162596626,30.706800164061946,52.68912690596947,72.3113982504748,87.3362915446834,104.64406006923723,120.94837355077166,116.12665359062237,80.938350317466,32.420554557451254,-8.07705880367608,-40.94476851668041,-71.92779893725834,-88.7992038256647,-84.77154182282206,-71.76102063386406,-56.46201336870614,-39.412737635992386,-22.310426902456136,-4.596687499978895,4.913085138955477,0.8089953027903611,-0.7118495162045857,5.989265020997155,12.944310048895261,20.99977531803397,10.728210451005761,-31.646529251122956,-56.66110383534438,-34.22412432126061,-12.703748611544519,-15.927407707228834,-17.22006659644795,-14.967254850840716,-15.061240455900329,-5.579586323649973,4.566863005581709,1.7191192982924495,-0.5483391003133917,6.047741827160252,9.038909419896932,6.139730045214099,8.708108285407768,13.149462338802671,6.106055397676132,-3.781323348506688,-2.3235139678677967,-0.212692896137348,-5.246726849769111,-7.121275567089118,-7.690581548483729,-15.191420455460714,-24.098430353690205,-28.997312847971074,-27.628980428050106,-15.86741405900547,1.916826856669732,16.210199133683712,23.91531434251049,27.340444477492987,25.01083725559769,9.564702034405418,-11.114070314727325,-16.799764124345856,-12.89428459756231,-14.872354712758533,-17.641156987970763,-20.968236384098688,-28.553247122850507,-33.783423194447685,-37.55320682469306,-34.7752761876712,-27.52387222674258,-40.56303549657152,-66.18057248479377,-93.50459619692234,-58.910869868185955,246.03093789521142,676.9735516352774,545.5231871927392,-183.31176471423043,-547.784912385529,-249.28994129407576,-17.690072745151912,-79.42998977415716,-62.30271266050868,11.83808454536247,-14.186949609151128,-17.385592113985354,23.770371588770093,15.002922002408704,-0.785833799231975,9.209927501018946,6.411569062062656,2.0025617249999517,8.037039476617233,2.6663202139340565,-10.110986535108353,-15.235411355486608,-14.051051392710216,-7.744497324428799,1.9984152341104533,1.6644937498892443,-17.040302938585846,-28.99625191380757,-4.481550007074905,37.25084133647785,63.678261666432476,82.2346934245458,101.68595532126668,108.35786596614844,100.34387754227181,79.55162628246717,38.711094351011624,-9.761176794538066,-45.414675307260566,-70.80839918646197,-86.1548793680083,-77.94298650905357,-54.99122043026786,-41.15405117777266,-36.09832144522713,-26.736456919502643,-13.307931478783141,-1.1336137540363307,5.488620041598336,2.590605087414641,-4.113609224957976,-6.281897208750914,-5.046984681921314,-2.732387216176285,-1.9949477552636097,-7.279421996993133,-11.328732299116961,-5.0536738612584315,3.0292045891138843,3.782393273320884,1.8889826735676913,1.479400617532686,1.1894580100825776,2.240364300366174,7.828839289724848,13.65709719358547,8.390008219436796,-4.675213124296155,-6.351960621691781,4.773343799065366,10.63439826468306,4.938282873916755,-4.52509725575566,-10.654700808992397,-12.104125114571964,-12.365486778213592,-11.515763427040635,-9.099137511056261,-10.164487987838072,-12.22002278881719,-11.24801528523074,-13.30351950952396,-12.728404167101267,-2.7611775338734486,-0.933496906704053,-8.442263587602532,-3.988612626894075,1.81976187839593,-6.775144221555969,-11.991218957351037,-9.046655706169346,-6.037365080902008,11.194231308268332,39.6417842743373,53.862045121299936,51.64412236463121,31.847183942420774,-9.668767695695175,-37.13421589457621,-27.83719236372484,-19.724965606169075,-28.565515532322728,-27.96176909392105,-26.038615224723898,-38.557740412438,-46.46496128745356,-47.91720055038448,-50.842614019386055,-47.57888588559728,-51.802599401183755,-67.05094247052111,-87.06880942524394,-89.69766401885349,114.7817191626421,570.5477979842547,691.0248911899041,90.90875550121635,-487.7815355579713,-371.5136261181925,-62.17643722026085,-58.865833717326154,-83.25743408638722,4.490829333512146,8.967815539139977,-22.182544131983036,8.853675603042895,17.376362184710253,1.6648783376477407,16.76972981203708,22.582633945148917,6.977431890570387,3.6121016011219504,-0.39706678023391007,-14.721895951839812,-20.30364620662068,-22.008910821777167,-33.006233020216484,-41.973000181179344,-35.83894167046641,-19.608200524004047,-3.577973299919284,12.030393617925036,32.925684038671946,56.61436157129123,75.72383469962016,91.84822515037018,107.04858019053881,109.7385136670145,89.12629349221498,50.834144905073174,7.841279978935315,-27.816461628401463,-48.61716356664934,-59.10548666228049,-66.3268912152561,-65.3863829149175,-51.63485173174769,-33.78449700466545,-23.287764880159262,-22.453502712097823,-23.325844115611186,-15.536103666059457,-0.494492066812386,10.304381005785906,12.783649179386057,11.98347880637149,11.384104837950936,10.689717880435865,8.135718530211712,7.356894887270542,16.020798652696705,21.76234781140285,-0.715330071013053,-38.56559211434302,-49.662976796011776,-30.502706352643756,-13.685088604593176,-10.372097091783417,-8.265102164657343,-3.266715819775392,0.18374997686851913,1.832275166793817,3.033893307719832,0.5896944058318763,-7.1435046471386645,-13.507427095373313,-11.858060795800082,-5.028864534609541,-2.604805375611148,-8.559056919531109,-11.678069129319015,-3.0637583091082714,6.062399327839598,7.235055621752527,5.977363745780684,2.630539248879696,0.8347933193952564,6.948051862395847,4.645199833479142,-14.416585605494934,-26.06561872010691,-25.865825697156023,-33.57947855018038,-40.60269763433156,-27.83520425412432,-2.5947937481784766,19.397430693886033,28.39070000894916,24.68705001566421,22.64498400931656,24.921147979936983,16.88523415308064,0.7779617701439889,-9.74458955963693,-16.675051887604386,-22.74558875586405,-24.275373321636355,-25.63923705560382,-29.789967491969918,-37.655299529950156,-48.74980174391908,-45.954043034155475,-35.156075738708154,-47.61378639034514,-71.46583580715313,-98.46964922805894,-72.72993212679992,222.18114430023988,674.2884326810394,603.3181640068995,-94.95415323861467,-509.29814184469,-272.97041851183815,-49.73330046199921,-95.49781984281026,-64.54854111835931,24.0676479753266,-2.640588844931166,-17.18523351299639,25.597153321543207,28.733407068019446,26.228292622925398,33.040061910415396,-10.303615092403753,-54.43749014380773,-40.763481837108316,-20.20556987247644,-24.53051022981028,-31.121528500018375,-38.27095640946257,-43.630540804649776,-32.18681809945035,-14.342794661838195,-4.063718105099182,5.921942062692768,19.639050097295254,36.85332496958924,64.16076722410997,95.03415814574659,109.46405075932397,105.98864006831778,101.12398821412742,91.38244784424181,52.542161304126154,-9.872593963353825,-54.754261982467305,-67.03711872231743,-70.12140504865616,-73.30257464280533,-66.62972517713793,-53.91535783418501,-44.330433556810675,-36.19774726744739,-28.639115035948823,-23.418679770994828,-16.94378474210888,-7.430020781812068,-1.1199840432438464,-3.2461877826206162,-8.046573925779887,-5.202478168729563,2.888963576446418,3.5584701185835943,-3.8674908724239927,-8.02648209759726,-6.728183089752751,-5.2753920913909145,-1.6716605982740198,4.299641683474432,4.72868954608924,1.9755790408632476,4.679899584699788,5.112493907177035,-2.25929275491513,-2.47308572331011,4.984735220640276,-1.121367633112392,-17.814710693400425,-21.703154166934578,-14.406670805562946,-12.916825809465355,-15.266644185560862,-12.23531438288041,-9.779406352459524,-15.934439060826325,-23.645398853055724,-23.622871386473626,-18.433603022877296,-12.951366497401736,-6.319956256519325,5.625834102015247,23.65405944657813,34.15455658255949,28.62540845591115,27.319717400514612,36.094920519487694,29.9969041086555,13.239666295852647,-0.4655817378098597,-30.7557867650863,-61.206112787213804,-53.78193081749813,-40.79407080390201,-47.63781154658401,-43.89180922895019,-38.24022336090449,-42.71019897019017,-34.69999110042907,-36.3016768549734,-66.60522126117375,-110.66905626270344,-102.57407061385798,173.79884542531875,640.1231296143094,599.9390013724701,-119.37433793837758,-569.0150627175361,-302.10252929847434,-31.17023388097261,-80.20350689342803,-65.37631019264617,28.679012685425135,5.169295611275103,-16.070373469903,19.825243989503278,11.917052312387389,-1.4741168134833176,15.076140379237994,5.8549550331806595,-12.47277365276119,-9.801842152094455,-14.083160097434476,-22.70591265606098,-20.62050899185884,-23.501327694422553,-27.67558047218825,-20.8419784761789,-14.742601938820318,-8.689942215343546,9.46786434957216,30.662383621144034,48.870162550730235,72.70419129798299,96.47819926793134,111.27400949358406,120.11759382373805,112.71095956258745,76.65852349010262,29.331689123656616,-11.867840266702448,-51.65398095319118,-81.84726566944155,-85.51252293214529,-75.40497368245667,-69.93722191655152,-59.92080233095448,-40.70870740681751,-27.73367332214762,-20.475018709486974,-6.994556682592128,3.3916363033065267,0.6417727404701203,-4.3408984013793095,-3.1072394758988047,2.974716082214437,11.26493883747315,16.925356779652315,23.03397130776039,26.1329333912052,1.994722500807594,-35.376896523951714,-34.06734982720028,-8.81445234089044,-12.107768346729937,-22.471430655774846,-9.644014963853838,-7.296843029868157,-20.957530806737804,-15.127339602228917,-2.4096173716591274,-6.779505004425918,-9.165982362800062,-3.788078504955049,-6.478441656276717,-12.311640224266714,-17.758904142068772,-26.219195083175578,-22.754223043023625,-4.647096706869991,8.893262920665766,16.344393156583237,23.90049487262172,25.25607954875767,19.13019011786522,7.42873424118416,-6.171655139244129,-11.140172220320808,-13.175877450970194,-22.696237164179678,-28.97645195351479,-28.16899414001091,-26.506029347262377,-24.908935277143303,-32.11142426691863,-41.87212647826677,-43.07900485184844,-53.00116190247725,-70.45728620804454,-97.96941658557674,-87.93795326006547,188.99564628530945,652.7639356010629,601.3984257408375,-111.42792970191182,-540.3653829250036,-283.2715450582457,-41.38566599699276,-90.11136262170186,-59.40884692412341,34.00071416703678,7.237500576821532,-11.521059567891058,22.161662858059373,11.987915665214844,-3.034531136463648,10.90400531751213,9.146806005647734,0.26020469871114216,-1.7113586642868075,-13.369306298699321,-21.120172361815857,-12.768095737333834,-7.111542874488533,-12.902356022653574,-15.232794469519334,-2.26159176171039,16.3255154897471,33.76523100824306,58.2463652263434,72.97066364799247,60.06508622713271,56.114260858888144,83.69834317897376,99.70644369860386,80.31929023049483,46.80018711320324,7.059500573579731,-34.983888196047914,-62.99449449116019,-75.82709690779484,-79.92535402007863,-74.1826875368596,-62.376825789428665,-49.25567904677277,-34.01455819063393,-19.196886929120645,-10.14828919249453,-8.09827197987043,-7.08494752212453,-0.17930128231843234,8.514120569393915,11.66060053277699,10.737926487155173,6.447942662871986,-2.4132978303977755,-8.575709036477031,-5.283679700401795,2.039981760207662,2.463041256390275,-6.798482325037748,-14.029746054366464,-7.960554704537715,2.455710246166294,1.7677777242930315,-6.067990578219007,-7.980449131453115,-4.612287388971199,-1.0128076766581073,6.1566328340249115,12.97677060024565,7.535875687255281,-3.8739771713785087,-4.9428427588839075,1.3114440205035947,5.241291791435334,7.958840049544179,6.763197505801772,-1.7426785925913837,-8.911910360923027,-12.512024482355905,-20.74542923950954,-29.289278594295453,-26.632008565055486,-10.897900743043788,12.723079828353441,31.018235250942464,33.406980841115505,29.918685336004696,27.23690016963069,14.608565911122785,-3.8825088538184716,-15.370484234106279,-22.408844368951826,-24.627722693469543,-24.159019317838222,-31.30783650647308,-34.42811031301765,-29.10247788185535,-35.80886203390452,-47.20124451851649,-50.76069435775734,-59.06075547480029,-82.0017211084418,-105.28447646633575,35.633336335223674,482.6469640348104,771.6992908144327,300.08775844674614,-435.0837421602395,-505.0889332992067,-144.08826383071678,-55.911978435539,-113.25466023107094,-30.247999702510022,14.608319563268047,-22.31510561242427,-0.5862984564929388,23.548047872188246,3.965782306939065,7.186513588605974,17.364713133312524,6.319355925401138,1.4741334157294963,-2.8187765532473685,-14.550110984809866,-18.717224343027,-22.822218183022,-28.798345515254937,-24.732876735132123,-18.878429550381988,-15.916666098106205,-5.607315999534558,13.521734782895503,38.363524318021156,62.637751956634375,77.7376511568761,89.9418101029268,104.79020074998598,109.15150719200693,93.79582120531579,61.37407196436834,16.490394046709984,-27.701794384736417,-55.7050957140732,-65.8780382979283,-65.26883271495768,-60.117080842507505,-52.97373519219873,-42.67838835966503,-29.951313182509725,-17.3690146214146,-7.202038683674935,-2.4483388885144635,-0.21141793899683758,4.307137373904027,6.036832354082346,2.9390409141266787,1.6255459262943184,0.7589285075301371,-1.5489725614381715,0.47977442621526967,5.030375642323291,7.0619783094755615,5.41919677176892,-3.2708270859333615,-10.467709696225604,-3.633444880219658,3.8484503227970865,-0.7893323181890137,-4.844495212948533,-1.6153832420918297,4.491129384893739,12.626317826633496,18.272728414619447,21.010200063928167,17.512732558367905,-8.434957476634462,-39.853983468006696,-37.310852363044916,-17.1790030652772,-15.907813686526255,-18.95143010237127,-10.173031518064278,-3.71645325017459,-0.5301395444578372,4.2826576246133214,0.37876320026875376,-9.988932460771759,-12.737583235362438,-11.114908614329353,-13.14092966131138,-9.425438685547489,6.778458977543197,20.1162103833774,19.666028858837347,17.7566921830973,19.251158071978843,11.988005617700521,-0.8514748406398631,-8.295890862646598,-16.16494434720876,-24.015617732906815,-24.710445377894118,-29.34544106388156,-37.78553535120248,-37.95162450120381,-42.92966162164711,-49.99693375817889,-42.35409464063123,-46.8828888737461,-73.34379697893526,-102.27674770027444,-83.2311573047784,179.47100279025028,645.24211069668,664.9221069800026,-10.74632386716101,-515.6677440682146,-317.12052725747515,-44.893181061347214,-84.6587025961432,-86.90517460690825,5.713270037029524,-9.001991675706826,-29.304467960181746,19.362514662023425,26.286054317080385,7.037775080194892,17.617092038097745,14.637779682040737,-6.446482084134031,-14.64301509361394,-19.895903572267787,-26.297413393458832,-27.066199545073438,-29.006451947776654,-29.770252823478575,-23.120368816207836,-14.908696627429897,-7.575569787817269,5.922168659987317,30.875449917882623,62.01692473339729,88.54377068647516,109.74616600668058,125.39164570112439,117.36416077258481,79.10012144937704,39.61907286440719,16.708036362003966,-11.574584596956292,-54.69166874075884,-84.02924457389199,-84.41875893712306,-75.4528527938437,-68.23310577897,-53.91112948994004,-36.314359356825534,-27.30153905218898,-21.297175161272904,-10.928876494463745,-2.251331133656283,2.464019945191705,5.5260290474559515,2.8003250605272836,-4.102547826064917,-4.051300525344997,4.278169394980633,7.844996697324845,-0.43860308730718955,-8.164730088810135,-3.8783136380616847,1.7527113674356958,-0.5610237159454279,-1.621624102372662,0.07881317787042885,-2.5792565096243347,-3.1017438283661525,3.2896779421975735,8.900932814773219,10.562350559096103,6.913250872812623,-3.8985704843816045,-12.75151501654421,-12.268047424681482,-7.601412067646719,-4.138470113678951,-4.586761037417411,-7.721792148286589,-6.5347522032487815,-1.4783275322966585,1.7245826647688167,3.473258284252975,2.109375795363,-1.636514891042717,0.6497722417824461,2.8040743174015104,-7.251092536509798,-18.029753729242668,-17.698636677670926,-16.408457123316055,-18.62214074718395,-15.116584283634934,-5.828568906042092,2.5575842329288,11.365751203226967,20.9930448544183,23.52531447217117,21.646908134730722,25.64119535691741,21.894476194899134,-1.4007947772604687,-17.106934773707536,-13.43308977088546,-16.7986928713747,-28.655028959388012,-36.3410778214553,-46.75474996707062,-51.76527176783816,-47.124893991830696,-46.50788354499473,-39.77643356637901,-33.98362421922865,-49.96315299749759,-70.6244956687482,-86.21181957929358,30.980843801880837,450.34198436056147,757.3751885545937,316.2998210643815,-419.91543012670013,-501.97057709228,-145.5238973560935,-61.474140274215515,-120.08016500144669,-38.53734111886134,0.0009201464436898732,-33.990018904023,1.4456161367419065,31.211551358633315,5.903446171168886,3.4880134637605407,12.202309236062554,3.211655623105047,4.348345759187101,4.832383439953014,-11.758472969978564,-26.952723487886725,-36.263491006157366,-40.34753258263171,-33.06210421231226,-23.726898628261,-17.80980912643051,-5.765312794012164,14.155060532774336,36.89681332085969,59.87374948922766,79.66843572320408,94.78373042316758,105.22555152978337,108.18037176695017,98.59860571279506,68.15442619376844,17.058915037213875,-33.555030843572666,-65.27770362728069,-80.06184849464913,-80.6321628217808,-68.89888522542529,-56.39156233255029,-47.339322312273346,-37.17867914956773,-27.686809847451514,-17.23050727965426,-3.690914440285381,1.3551937543649029,-2.782909417026058,0.8857157896455732,8.752821677773381,2.8415482718076053,-9.791888306710703,-11.575905556863317,-5.761756666241103,-2.8351024193680647,-1.3113372499156775,1.1649295265726334,-0.7668504843197059,-6.1816751032672475,-7.165055404477516,-6.09270679671652,-6.391129520983073,-0.8360490679177373,7.828143932361414,10.65070456474773,13.102512651615989,15.553084936832754,13.827271285717504,17.642789760045773,14.795300123263946,-18.07861780419932,-48.29043609007585,-38.94756894950336,-21.37457392624658,-21.233150530274337,-18.143709005510022,-11.442961911109684,-12.70341842155364,-9.361014804016275,-1.6191787773313422,-3.153523279415161,-5.280953856216595,-0.7606904210732415,2.3413646829906476,8.107037318113708,19.080497877167016,21.239655022105083,15.417792452118684,12.788569289915843,5.686496850297587,-8.344008215113268,-16.73418357061515,-21.668110325297093,-25.714029802153156,-22.260948034836655,-21.690177314995182,-27.741361829087836,-28.412415065042676,-31.834629175587775,-40.92758218062019,-46.23605986417061,-55.36986824606632,-69.5797414834548,-100.16849074437579,-76.9013588542206,231.1033120441653,676.8649706866642,556.9362985859099,-166.05290986035027,-532.6894646669505,-248.95648685787896,-31.44915043047707,-85.4657398614005,-45.29011273200881,36.58012151001404,-5.014094071832474,-23.04436673731505,17.231258238091705,13.082708397541928,2.0924941936549804,14.05777473100021,5.656459509579831,-7.24356950018405,-6.0431827913445915,-11.57203306533398,-18.92267617477211,-19.600743853374524,-24.379785446553328,-30.08576477389107,-28.500549538472516,-20.624108248938697,-3.293155402837682,22.331575276047896,43.8092812522952,60.50783345311074,84.71311045673794,111.98611740727941,128.4738152632592,136.95251119051005,128.40106384439727,73.65107541008302,-7.635636635586126,-54.04052800933885,-62.547289207449296,-74.18570249082268,-85.35098838031314,-78.17586385859745,-69.53079290192413,-62.65785221636362,-40.09508063584482,-15.826126668004793,-11.284005619383034,-12.330479501199303,-3.1881525505663006,7.052750790515876,9.447963647393614,5.664570732371316,-0.6319289143078812,-4.572906034966131,-3.0319497965249784,2.5064803664234883,7.612177962656948,7.451584350253771,3.5212377563653092,-0.35860598844780256,-7.975053977235294,-17.176171097839948,-15.460939938043527,-6.573442263443502,-5.2396053704634875,-6.491527373954579,-0.2664582307144032,7.119219475012632,10.391572814358998,10.328103504566583,6.001373201377253,5.004606501342835,11.651245499138154,10.327518653375169,-3.7624061085897313,-12.63212908893964,-12.828609210868098,-15.20090930802786,-16.252625505983893,-11.136453511206987,-8.08028802082279,-10.125670309358524,-10.982539076599796,-9.510941205414992,-7.978418218486659,-4.7582603776875185,-1.8654097021056728,-5.965710825906782,-13.70202117516855,-15.48262431641205,-12.054694948921684,-5.363721979295227,8.356379654701753,21.29347920854395,21.399455418846532,16.62848725223445,20.16739959376472,25.275964992879096,17.815021561395795,-1.4894060194225354,-18.40375132297833,-21.40250724396364,-15.858882012146154,-15.10260835698897,-17.435219043433104,-19.408870235077394,-30.46436183040128,-40.09724525962724,-31.75571800538935,-24.531492703383314,-40.24595044183205,-97.56725853519264,-137.37639224310857,92.17641185339915,579.1841047993667,655.9499566590935,17.81198615974415,-509.4635619256316,-344.4281522862184,-57.203125375420605,-68.5671020943449,-69.48761058042898,19.87858470131402,6.580068419198689,-18.218340953993792,25.840894523896104,23.89024770919875,-9.824052249215487,-0.9400527878025411,4.50359569359366,-12.500812379750379,-14.738465988695914,-9.749068799968118,-11.44777375660555,-14.740494212316104,-21.236313142488484,-23.91493841632727,-20.36580070734832,-22.10717267261049,-19.519349858045736,-1.1116187221186546,17.376610063781662,31.901122309080655,55.656180156044904,81.71446843425484,97.55771716765852,104.6506537885873,100.83748100992408,81.42087902474856,49.66523704994711,11.46386870233654,-23.918378783819094,-47.89490656262634,-61.341945621092975,-66.04556456212406,-61.45050211262771,-51.92147868351824,-41.448267737755664,-30.8678744186511,-22.976418165164304,-17.829757895480117,-11.058628717314987,-2.6428838616285155,2.5965208445484933,2.4818033325330893,-0.5931245030743231,-2.2400173662992042,0.7558316632831916,5.612019537988729,4.746313998391458,-3.1253222275103347,-9.677251170626455,-7.08378282199863,3.2401386234657727,9.748520433702108,6.357664570969162,5.877218120089495,13.92020705921257,15.870586992760138,13.722296663865457,18.075309113571297,9.625745631998686,-18.788320405841173,-32.95941117359591,-21.251840067652793,-9.090012544040071,-6.4010062446204135,-9.125745099285606,-16.41611907883854,-17.58951775570966,-7.7480971955699225,-4.411581140854732,-15.900514887055687,-23.628397966750452,-15.758403620481277,-7.332313031774229,-8.971100871043738,-8.865570347400418,-3.11284740835311,-1.6857040778685075,-2.279132543532402,-2.9424732555153046,-13.670060295568362,-26.638075660076897,-23.19117100698018,-8.754162767319958,3.440890958110246,14.096992670960892,22.7992148777349,27.05117279767149,29.19953880075914,24.330167340768426,7.858027417694517,-8.409052635520085,-14.91106357127795,-16.59876743497402,-18.760946212226184,-23.699407753329275,-28.359851284797617,-29.87967916565347,-38.15920828905939,-47.3145141568811,-42.54695861599556,-45.54307645089003,-65.06296530524178,-89.31592883486084,-93.4380260009363,104.45727778957519,554.3476329446505,686.9413040605091,105.18807806856233,-472.6820394120375,-365.116250664982,-60.20395390947648,-61.47670997980244,-88.51910007863546,1.516249834363606,4.598253566431083,-28.676917534403994,7.174580184259664,18.39581274647427,-1.7279527611195533,9.958151772637953,16.215418914313087,2.541752376664355,0.6685032899018676,0.9105884511042877,-0.8368789387429703,2.05496704372485,-2.252789941811417,-2.1637600218629753,3.6478172583957207,-20.678599399587068,-53.62734518418889,-37.244048404859136,5.976100566213017,29.805918606877228,47.31591101070667,67.34287716151523,76.91871314936552,88.1401228395623,103.90477566841952,96.54194798348277,58.16677327063633,10.108500445583063,-29.637914647522237,-56.93417920173095,-73.59895530770484,-77.90466603651718,-69.37417108607309,-56.83630274639461,-46.628061892022416,-36.69896718234155,-26.297747191715807,-17.358362909382354,-12.051045440391428,-9.791051990623469,-5.593941766397457,-0.3147243988997328,0.9960844363920209,2.8138558395785545,7.943595771308011,8.626486082074841,6.718581208960686,11.02871026401643,13.150448046695491,2.9232184726481503,-8.279272142352104,-9.732565616744038,-8.06509790120208,-8.271825783328246,-9.635803482716803,-13.438249572836863,-14.096172406377875,-6.120859870526264,1.7929341447202214,3.719879605500658,2.886089131665244,-3.8550769214430183,-13.6432280576573,-12.078798321356693,-2.7346750899292314,-1.9203779173861086,-7.185734413684946,-9.318334112870371,-9.983864285963405,-8.698601776315918,-4.218981023479455,-3.2608299428437775,-6.672801618459493,-8.334215342744713,-9.447830309584575,-11.52353698543867,-11.411619936490485,-12.940596133478795,-17.73133910725816,-14.235141783258971,1.40032580224063,18.466861122981246,32.01572796216196,42.38598236385002,45.73885022456089,39.77359757753208,24.740033105899393,6.0154476476429135,-1.8607533008255048,3.911435086980492,-2.596521093855049,-41.34420257653819,-80.32638966822925,-78.20466667962086,-61.820005740010565,-67.24635882986205,-68.43107719886572,-61.27100542441442,-70.53854045557352,-85.68671650541064,-102.20104380893974,4.337273512206224,409.87663894286544,725.8588399391538,324.438396744698,-383.42769540300867,-472.5665281877541,-126.54671678823651,-41.44420801891643,-101.7353690833501,-18.770109836173447,23.599710514606613,-20.691147815841916,-0.19826437001602848,23.795685542199614,-3.155586024024018,-1.729695832449237,14.132922509810275,3.5404045169833074,-0.6721023787342704,-0.4139442317320823,-14.852012691269035,-22.140860666305034,-17.688805987975897,-17.27982295993402,-22.387631543018284,-31.325926145399308,-33.36333408181747,-15.26207107832293,12.235854288123951,36.96514186882025,60.633430301820006,78.47606506867794,89.43658710113402,102.01081019002112,110.61200929151019,102.0607792883928,73.09054126885557,27.999290094145167,-19.158520808904605,-53.38455501477491,-72.67128572862765,-77.73406707676835,-71.46450250239516,-64.27169169820567,-55.41170489593,-37.32255680864962,-18.622794357248566,-9.46522193725962,-6.926386268340421,-6.385358105584917,-3.1174699837728,1.8510147494949134,-2.635028418861065,-11.90922908992858,-8.255477665801555,-0.09089613289581067,-5.362807577651722,-10.628052619155115,0.6685754747486508,13.967614800239653,15.456011048400796,13.737596548303797,12.737840871254893,10.16809493774373,14.347985325098232,17.518989059125186,-6.360556249461691,-43.19685528350546,-49.63208823027287,-29.78648566548536,-18.64835064595917,-18.112393198374548,-16.195160246462528,-16.12769323316384,-16.048762062303936,-10.54018272273141,-6.194666199510314,-7.771275118088646,-11.104671823305416,-14.488627090316573,-18.417755161598613,-18.210416919580126,-8.060590056863639,8.557422817048511,20.88968952093701,24.71600764589908,26.615972578229258,31.782254782388776,30.77154519601149,12.01324269969299,-12.499146209656729,-23.397673543493035,-23.469569402628096,-22.777938666331345,-25.378602357211168,-31.27568336790314,-33.51610918952623,-37.08917903275395,-46.30335640057868,-42.823600064046914,-36.21757940564281,-49.71921827787382,-78.55171385512843,-109.66633546471337,15.644137208917499,448.6505944739531,727.6294273550789,265.2968506432326,-421.25886184310656,-451.38704034072146,-108.474976277944,-42.13489468473084,-81.20267717553872,9.813715859202969,34.1288515181173,-10.876911159899548,12.868033646685111,24.733289328729875,-7.344551380158096,-3.7888948959944466,4.320153040828373,-16.511417162613853,-19.79351361431204,-8.757668776885055,-15.788617318292898,-25.282910514950494,-23.917215898310847,-25.028234542856527,-27.334858447681412,-18.81404639465861,-4.730829676774995,8.334648174398989,26.43425031614882,48.75297385705976,72.7212193198597,99.75509284049554,111.94201300679032,99.94217388446705,91.04579826695857,89.78653184585767,66.30155993030534,20.65485633914816,-27.301306939658897,-69.87656044408641,-90.69346676656025,-82.33332839563919,-68.11575465453701,-61.45631385956332,-53.777435492967896,-41.27782370723199,-24.59411611371499,-8.767720852914643,-5.355926400251683,-12.081166018509837,-14.40170684644446,-10.401164162627198,-7.450088407640742,-5.226569324213457,-1.710439696676806,-1.4348084752515895,-3.6049362464600456,-0.2157613528900919,5.213118305411945,3.538301202376406,0.8529685892103274,3.9511398231964425,7.120773856904543,9.544469222293765,12.329835833837006,8.127437281334737,-0.7649670353925524,-4.851123713854718,-7.618553506305277,-11.046387782423466,-7.452578178895681,-0.6395234527726466,-0.6053365662935093,-4.241711155873727,-4.272387903655869,-0.31224262010429626,4.531090147436232,7.059713287660474,6.021645457270704,-0.04468616997323238,-12.030189816736112,-21.89802008142673,-21.603056410083237,-18.229763657881975,-20.088675925309065,-22.964520526655356,-23.15688970194691,-21.132109927688646,-11.273888184402514,8.511018082258767,24.531330985363113,26.849388725748394,27.197921288987757,32.49871240913033,27.601455251288378,11.033830276103915,1.3283524794710664,-2.342664747781294,-9.557541426007939,-13.345375849984284,-9.3255214828867,-2.1376649065450204,-10.512727925980279,-53.01847491638514,-88.09707034151805,-74.79400018278155,-60.65268337754804,-79.42257222460943,-112.79019465253255,-87.4277827213464,204.78676545664038,666.5715907420713,614.5312825526099,-97.55711954347902,-540.702967629959,-292.34792876111777,-37.98678442165124,-83.06102975195756,-67.4774254972569,19.058573929082257,-3.6918512441227094,-20.89142943376881,16.259614040236702,13.534035569970332,3.9697091999277223,18.71044745833887,9.918013675820472,-7.50417939784766,-5.5892332953683725,-6.166336017168867,-13.85530744982006,-19.429194764416664,-26.244667624030242,-29.606101030907432,-25.071105629538824,-17.43374007594075,-6.499933198833247,9.350247590261315,27.297401878885005,46.62111012054001,69.0299403671575,92.72990803672043,111.25483485502832,118.37197441350838,107.34452455638865,72.23513414234998,24.92174459940866,-11.838152885683757,-37.53805736247294,-62.173714721416985,-76.532121553743,-73.47992086170302,-61.57973209576707,-43.68000642045257,-25.374752090113326,-21.098539676260227,-23.92299229279002,-16.249599625531722,-5.333563072449271,-2.194306815711574,-0.5488881349340868,0.09864274028040043,-4.337643969896671,-5.896995092091436,-1.1639604729917146,2.1649419157755743,0.8914354332864685,-4.4299306302998644,-10.08541880354437,-6.649880312236151,5.727948903057152,14.942845756305374,14.80562468849192,10.11252721102776,10.400062534191132,19.568978994887754,30.525269847994405,35.28646814468251,24.257324107837185,-10.630235451331508,-46.590718023513666,-49.58643292735547,-31.156877400203815,-23.01200729087848,-24.137358532704855,-23.442804815006873,-21.962531042926525,-16.87968915759828,-7.55467902667133,-1.7094417901255792,-1.3569600623447915,-4.056626305482363,-7.394568327354461,-7.009252744316081,-4.577837772964031,-5.22205266121286,-6.735054729654786,-8.490493629618793,-14.667169096487127,-19.994780052362195,-15.9381745027018,-4.920309761991407,9.78136839866209,25.952740086111877,32.99230968161055,31.402847160827662,34.92539649732994,34.36379453353979,15.470787477811431,-4.218158861205161,-14.773485662053588,-28.60541386481291,-38.681101434596854,-37.61322271516276,-39.42245283629241,-47.61734575370964,-54.265210830179456,-50.71666606146765,-39.51797171759096,-44.051669463536925,-64.65414506046812,-95.65743457958581,-90.85590557335846,161.80274026105815,627.4917103738455,652.3840563187962,-14.255900862116235,-513.8167230644724,-317.62483618392804,-41.917680367509945,-70.58604863923972,-73.08423733407393,10.243864852035841,-4.371446369055235,-22.57126668022408,17.92378295883671,18.266235326298126,1.8715077588055773,16.872350172681926,17.601682892706595,1.8007705605865616,-2.1324032764281915,-8.297426010462624,-19.180537067348162,-19.117266880354556,-16.55700613142718,-20.330224086157756,-15.125841319399026,0.5964771281408154,0.6076997673684819,-11.388072997784516,1.1225128841509893,36.216173027847205,64.28505671025957,81.78825468428346,90.8903842549692,88.09085786842033,80.85525344708671,66.16277352720955,33.88872655818809,-4.992961342867739,-36.70020964005751,-58.80285512054473,-68.47004466975447,-66.65111288827069,-57.73663844618761,-45.07998133205699,-33.1749078203401,-20.282891983873895,-7.572029624466069,-4.94094889237676,-5.1238788212256186,2.5810238487743113,4.86179346533895,-0.23761282630350067,1.4971301558438466,-0.37295083380462835,-14.374746650672314,-20.880285350091,-15.669308118496158,-14.835190237719827,-16.748606228769827,-10.888559274160801,-2.102206427714833,-0.6378258639556513,-4.144566392106732,-2.305461930290953,4.236830244738593,6.401447446626178,5.241793082055052,7.090878199731023,9.508125293067984,7.282101909363461,2.3698881277985375,-0.9398921873223562,-5.239919885213229,-11.859964458580308,-12.080328557432203,-5.554750121468777,-3.9950678175621466,-6.251121632609317,-5.547104915789488,-5.8617892086301815,-5.721110009758252,-2.8254845143245735,-6.843019708915117,-15.372372522372995,-15.454487625164475,-11.07047774298475,-9.452123772702798,-8.197379091521277,-8.589740115467158,-9.395420536141751,-6.755782757870897,-8.617732601575023,-17.23492602015816,-19.04800882535652,-10.634657453838027,1.4187730683840942,18.45992232510111,36.61406736737781,43.69759118141263,43.20718195552027,46.68515963552656,43.138159911444106,10.677877235566035,-40.30576123493587,-67.1943292494549,-56.22024409057218,-44.63530291672681,-49.415542859611996,-47.3707396276698,-45.2946689766041,-54.615720891340914,-47.27718963561411,-35.839311102657405,-51.30746149650592,-75.04500706688448,-100.23161621491997,2.751915341482146,423.57079971739876,760.0327827340659,347.93292951162243,-395.44797106419446,-499.8872524470535,-141.92850996234012,-48.53314891688429,-111.83934731197606,-30.046602812501003,14.815186347568854,-26.018971647516764,0.03654282256183272,28.9702237264604,1.0466843165614428,-4.599026936959321,4.2267151811390855,-7.259566331093574,-4.972049846330451,4.2203055273442835,-9.152781237574732,-25.466415609945194,-29.139557410492692,-28.467060026380896,-22.618166723144384,-13.746513617041547,-11.479738374895849,-6.3785973221555095,16.55770988501102,44.24364511709221,59.16339373215843,70.51559920098389,84.53619281332774,91.92222369278917,96.25187113350952,96.77039311403924,71.55023565521168,20.753386311656605,-26.83081814216824,-55.35964331769596,-64.78539453670908,-60.79522419231834,-56.417391604160414,-56.41809842551385,-56.064161922518544,-53.82517452016257,-44.15179966705621,-23.877053189902863,-5.700911765357127,-0.2208932265675898,-2.8345943839979952,-2.6548653147068713,5.340953621708753,13.114254186478622,19.434382284452855,30.64977962045066,22.056393692375355,-22.702120812011703,-53.09732614410696,-34.952876363926364,-8.604884551310436,-1.527555888975975,-3.5363910227544793,-12.193644888663489,-15.298312652165535,-2.581908498265493,4.940928838006554,2.1926007021144454,1.9301329204734508,-7.354495538777215,-23.376477380868742,-22.06773574971163,-13.687245212078546,-17.69308910254757,-21.304808429453004,-15.572653730671554,-10.169357980020141,-10.90436197016135,-18.900236262207187,-26.466851794677698,-17.98245358049167,2.99388291377089,15.768597100561479,19.540938611441796,29.65718179741181,35.16733695478185,14.074645188714035,-12.164179483994,-13.060862164275377,-7.048993693792217,-10.702082019183308,-11.160247240512323,-17.372460507757957,-31.550333381433873,-31.320096510968376,-33.31337944350486,-45.544037773891525,-38.897298917834135,-41.6894195566375,-71.4983868382506,-88.12702996807002,-87.04211365631157,66.05982452028948,484.6476316481259,664.8096217122759,122.55118093491852,-487.729370403444,-401.89433096971015,-66.25948712000076,-45.42133552756989,-77.28322813206867,10.534454740414631,12.325300780033885,-27.338763111146505,13.51204442407484,40.423970049507986,17.61419343942586,0.8753674508117815,-9.831997319701681,-9.121446642182207,1.3115254083266015,-11.961421323839659,-29.131661030556387,-18.104524599201273,-6.358994438385866,-15.106004481504385,-23.544128319809154,-15.33030306594075,2.6355411458430993,18.37170347275957,37.49585756706573,74.81343786470941,115.49674585930808,120.66907643791251,86.3261533190129,61.65203177757012,76.94205602799103,82.72648475165283,30.449233744663402,-33.96384471106525,-61.36228871849614,-82.38538674691873,-102.89666962668817,-83.43525934840005,-52.066955997866806,-51.11319170655885,-50.29277993262936,-38.01920633021686,-36.5585661959722,-26.19629772572614,-6.804529458522264,-10.340365371229527,-9.978992882665967,11.636078130829446,6.49601532546356,-16.94132318669573,-8.17418123931073,7.329578544142697,-0.4585537998822531,-4.751659107591173,-6.946789970840491,-23.764316756635566,-24.068420278117564,7.231214491870798,28.293963663403755,11.025553767110253,-12.870281380476275,-1.041749589303116,19.145219255177008,-7.880110595845107,-39.47280616411336,-9.039452178415907,18.070119417896834,-21.102669737201474,-42.406463027514114,2.86128725973055,32.669243913584474,15.640391467120548,4.6121352549134995,10.16213065751088,9.891445261300188,-0.5929577086270701,-20.280074408316985,-32.530325938289025,-21.27829370976207,-10.63977400063321,-16.49136295363706,-20.86548449957334,-32.4649402206741,-51.52312156764101,-33.47012861108682,-4.614341563219931,-27.97777760500653,-63.29617045929015,-78.78709969082567,-24.349326172709667,276.3731673640987,613.6995866034102,367.3234656197558,-302.65613714193,-491.2043209630524,-149.42514088510674,9.706227539445727,-72.4013477468672,-48.64566256801345,-0.16906868502810113,-35.9496227061445,-26.494024867972826,17.11451329295804,8.117190260053114,-6.582298165758729,-0.027014328611845162,-4.214906388069638,-8.3954527356187,-6.678580141980836,-20.64774584698379,-32.38772773339868,-13.628581717087442,4.0998564447486086,-15.953711980534472,-37.62290405947127,-17.601624446153455,19.376835913230064,41.636508418798655,53.67002670731561,61.458421013069,81.01470163263181,125.71527324295086,151.03737287862592,117.93720902913978,72.43686805042807,55.82226280395678,29.264221348726547,-36.59678004328568,-96.6093096303407,-104.7682136478606,-84.19812984205436,-76.56033234089377,-70.12615108533166,-44.1862787167895,-25.77857209479119,-30.641810830606406,-30.226445024695686,-15.722668127919007,-5.771032390997913,-1.6929142592993411,3.0959296710679656,5.85715769035715,3.8246167642812523,-1.973931650650182,-2.506617460256771,8.46506979899107,17.001718159768892,12.979430047711539,7.924594596829402,6.8095768658936,1.3140577765677683,-7.130511340457729,-8.849010095362939,-2.5464412569579937,2.2671213876543552,-0.23170488379258514,-0.602498164230787,8.250099353089885,14.460638747517066,5.86799120525154,-13.901471121292317,-30.829726725292737,-27.68630257913614,-1.6854490667383315,26.635186826514175,43.14036146769348,52.01091140629445,42.63742277306358,1.8323622468179241,-34.186943709771015,-26.06506957682263,-10.06027069625793,-24.68475160699422,-35.48697276263759,-27.191960093580775,-30.26323571979646,-34.086047522329764,-25.71239669522373,-28.095855011847096,-34.35761747893778,-36.755004967469525,-50.813121642284,-78.40994283241587,-114.45562750127075,-14.509934241506471,375.9340773571974,643.924842922163,236.22535907946587,-383.1289726922032,-402.8639689697281,-89.75500944390055,-41.88190092292125,-83.90105773231997,5.4956624716389335,31.45555215532479,-9.924214189101082,13.12395980533891,23.60842310073744,-4.783299354295568,3.3087921745973183,14.323496275051777,0.6451226604362872,-0.04604452000237469,-4.29450342687493,-23.907521305434656,-23.9451867484296,-12.720034385141394,-15.63854894109334,-17.676280527606856,-10.376620324051217,-3.5831560420652213,8.991930136480953,33.1956358427572,55.12257883205359,64.77196665827486,72.95476033326676,91.13995226060078,109.16022162334468,108.79082516189216,85.01019047251367,42.036897456607605,-7.92213540005671,-42.95125303691333,-54.32892515932065,-58.42678387786385,-70.27314850672548,-81.19552842018182,-72.57079939237258,-45.73931014029066,-23.354766000303382,-17.48903931882587,-18.930269462042254,-17.054200991916495,-8.489281530823732,2.8673873672170007,8.72932679231094,10.062990678165743,13.439079499855026,17.081860834585463,17.944279187498644,16.946709788662776,18.980508119037175,31.046144490128917,35.69049219377274,4.102283806131512,-39.28041430084452,-45.01084772377625,-23.654887468356993,-14.017141543287899,-17.42213380426981,-19.755898666614865,-14.579243883437382,-0.7895191742847363,7.5153265699503295,1.3833583095023743,-3.9612279023462698,-1.1883701031536713,-1.9272506389108317,-8.965434725753738,-13.664957182440208,-11.579916953618289,-5.404315585075293,1.4187881746392836,10.581197807080024,22.045840656954795,28.724631025949474,27.024629493341216,18.80795886605657,6.718141298167373,-2.6919201676002436,-7.417095234719549,-12.906170818333223,-16.38817571704668,-17.195301685285642,-23.99261782143106,-27.59514237727274,-22.70871433998145,-32.605683057483645,-50.12180910103224,-48.87904278813631,-48.96129032471504,-64.81073129093463,-93.54598044894337,-88.42224299770265,158.66995245789244,623.5711791173451,671.2633328632398,25.689224224418183,-496.4131193676785,-333.0795508961327,-50.251993654189675,-66.98199567545541,-86.70358206202012,-12.249753959248586,-13.68948391605624,-26.988695415065788,8.580826312922145,7.294747614148424,-10.420073190236598,5.344934192679563,12.200173630265887,1.1681378045556015,-2.089743272797488,-7.767112599594004,-18.557803052705097,-22.243160615981015,-21.606157263874234,-18.16515612563499,-11.048617384373792,-8.705783154430582,-10.281370643416407,0.8114714211047485,29.51696392090613,58.483232486759746,76.68808594626188,92.59063873872286,108.11164668015115,115.11490258438036,113.18922521791139,91.10866155984144,29.34315339538457,-46.10875445019608,-83.4603008355454,-84.8287848631829,-84.25497511025706,-80.79921613762467,-63.81044041173676,-46.674979313491114,-37.483401757285044,-27.754696680193142,-15.10060580026997,-6.83221218268204,-4.959291952439418,-1.3346667672613624,6.258953529336372,8.720633361188305,6.577468227003396,8.026689634644802,9.578617429460525,8.160097011597669,7.3897385784640806,2.409120439565786,-7.588697294983429,-10.38120255981208,-5.7255623484911835,-4.92917167411804,-6.60928870027729,-4.557291021644976,-2.555354250752342,-2.283489659048973,1.512813810167722,7.51512127071403,10.16043091771004,10.689872787691428,10.95286138621116,9.928889052260999,7.71457850704771,0.05418394231704937,-12.716191365532799,-16.181568322373977,-9.33818367995181,-9.119159763002063,-15.554436430996883,-19.464105411419514,-22.860463206008447,-20.965709283973887,-7.459122175446008,9.387891750903917,24.350917568989402,35.071461720260004,35.52014759637796,31.364101298433734,24.50729352538003,7.2514635983828555,-5.9376810634425805,-4.432505297995165,-8.283259426052522,-17.756686165881362,-19.29093530903629,-27.02455096365241,-39.08786369035718,-39.828988148808946,-43.74733729056981,-47.979981755880154,-41.78909291531973,-49.30262264048122,-71.98239983684286,-103.25610214604325,-59.344098815813695,291.2074535672272,762.8074396552754,605.5980556214336,-182.44719026685289,-569.0971133505134,-268.7553451820212,-47.99138055011231,-111.94411951792891,-74.84841745909735,12.897216650425676,-12.336519943479487,-11.810618700179086,30.079082981358358,16.658874408431434,4.911018298630737,17.475207346888567,-0.7437785967597899,-20.191395127582553,-13.934731901166252,-17.500676776074023,-29.462891893271046,-28.250262936541183,-25.908052759135337,-30.19517165236162,-31.082927024896474,-24.75692559415606,-11.773326919039555,7.988295674488857,32.08767491170005,56.196158407647815,74.74374271292194,88.35276755518947,104.89509567095303,116.8863332089447,101.66280079632307,58.63044272382458,10.833721214930245,-28.33470049160708,-55.662813155219474,-67.52011287900596,-68.86463536666892,-67.72260563830852,-63.39482895759497,-53.625656435217685,-38.95514148336832,-21.662325789863985,-8.09801505030439,-2.732259129152599,-3.401667372095986,-5.283458373954186,-2.515933200516745,5.978663883361248,10.976434066987697,5.5357064214904455,-3.4128028345756256,-6.414730439524385,-4.495244153465509,-1.9411656140571818,1.42666725678371,1.9481769481534004,-4.679570570634954,-9.294948805391762,-3.7386245192074656,3.7298847822507613,6.297520027722413,5.423665464174545,2.6075177453729355,3.9103054069879772,12.313907001834224,22.676358324781816,31.315728994562583,22.38355164439831,-15.85705539094845,-45.309220271927316,-31.095489093098863,-7.739257243215185,-9.06149924962164,-14.61310255120288,-9.029053475464746,-4.042992405564597,-4.531973189945742,-6.743310512700544,-8.998705397687404,-10.934267249625126,-11.748362322674643,-10.400419609326878,-10.210583258063782,-12.57112123697003,-11.078979812371797,-2.9470723718552305,11.81158592595824,31.07527667757264,40.30539294510225,34.80718042926655,29.09846018982217,20.878152017626483,2.6584363865497593,-7.504844111690286,-3.8791171157551174,-6.663653998170592,-21.56516886987025,-40.75797134383261,-52.93693757782728,-47.92507992060988,-44.761307633067794,-54.99720193680692,-54.30708362687717,-52.92313900743208,-71.87407927880734,-98.29668138688805,-119.12784037781846,30.715926932763637,511.40495377322,831.9341552954143,354.57198522218863,-394.89441029667825,-466.2558944141193,-121.41697250066932,-62.228756629446615,-130.28499833455518,-45.071444443215725,-1.9751049592165515,-36.88006600788164,-7.855257252158684,15.342181709884596,-10.882745582324187,-5.2510623521550945,13.056825564775567,2.7914298234705086,-4.017340562004648,-5.379546526219519,-16.35108087632714,-21.942226656422708,-21.79937170500795,-24.35093066614946,-23.908845168212643,-21.43657233906572,-18.501372064773562,-6.966965423881444,15.152459945507253,42.68319108173687,68.99948730142845,89.16604657572603,106.4739988373883,120.43815549734424,122.69141352159234,112.01998760616152,78.8989513878248,8.57729657743602,-66.77165854455872,-95.3129931423223,-87.72829086246757,-83.57932029600633,-80.88445732807902,-68.01494555176527,-54.71408335880811,-43.12590689998751,-27.089028402840995,-11.320014049960811,-2.4581763271672514,0.2957200303675851,2.340431624635219,7.804988595668132,14.093196880197622,18.284821238654573,18.74445881671465,7.8573775291520045,-11.125808888293674,-16.736651602113746,-6.724262693634441,-2.942691715844452,-7.597334663844082,-7.710022608239161,-7.108690106818713,-8.540955988207282,-4.209133670978247,-1.1353369518105225,-7.170383089821765,-9.504154200319991,-2.371204997931155,3.580064152896457,6.197413695900718,8.2472968376093,6.986231972745278,3.5018205973958403,-0.0443249348298016,-4.425307218339555,-6.322268412620004,-4.342687568486903,-3.44862808443731,-5.213701233005195,-6.5936679578279875,-4.933860522065537,-1.2042362426974202,-1.423717831548304,-6.604883356164396,-8.957007769731874,-5.78271738759544,-2.103094291032085,-1.6298230080868872,-4.254085966805855,-6.478227189709886,-7.445526202857352,-9.529635203933113,-7.445652047459745,4.379200778131585,21.051135269037225,36.12609945646337,40.55948307497077,30.010378450192636,20.200436211674678,14.522780930474728,-1.7130523822213295,-13.156309755755386,-6.849359358212351,-6.374600809342433,-8.945425573037937,-5.933754726535426,-31.224080929485428,-74.02163911531227,-83.06902936868849,-70.3229174474336,-64.96484277240927,-65.16928200735484,-74.4987160949556,-100.69908418609158,-129.73529612871053,0.6189260271347052,455.5913179953935,803.5900941328221,393.52741672256326,-357.9408348854297,-489.5937311651624,-150.55812892424444,-52.52357933362529,-114.32634319078849,-40.32429396192582,7.102912938333574,-28.03438868139103,-5.272124557611748,23.146488745509018,-1.7226889951504916,-8.004545523543737,6.669826733367705,2.880136354495386,-4.740529459307675,-8.856927114639475,-16.08303139590585,-20.978728941595225,-24.211042708278175,-26.873412291605412,-26.005724180641806,-24.3375524287075,-20.58321065280085,-8.192664428937576,12.066202141927992,34.070324757973374,54.98166408996667,74.20146130053752,89.97445703295185,102.6224278089393,111.11916305976798,103.68345743476273,70.3425808555044,21.83682279569037,-21.88194189965978,-50.49795040559357,-62.699735525758236,-63.23111514411383,-60.22231642454476,-54.65362863273382,-42.45888443855987,-30.40178056757916,-27.737582144450247,-24.70854217015994,-11.210916902947906,-0.7437470265421382,-1.1201509028517922,2.2816356997104688,11.175996141722647,12.079463404070191,6.655098276220017,2.8477065905404952,1.5127938489714792,4.499070625209368,10.295204333778512,16.11344178301968,19.759067690918823,4.623136462752633,-31.291319203743654,-47.81818983945642,-27.88631894206131,-9.935406390188597,-11.995979591883307,-10.66884488064542,-0.09600848403588103,4.71109455350209,0.18662143257067498,-7.513180934009647,-10.231818963801546,-3.9825083839648823,2.380960807548668,1.7566000385604124,0.7547681481805171,0.1468045575324215,-8.727737885277254,-19.387970343701788,-18.446838255296413,-12.066000057103558,-9.417485879836498,-6.400285234608056,-5.310490006261633,-10.390494269920898,-11.419182306855383,-4.869452486592942,-0.7605416890686403,-2.0344228815201255,-6.7498943984503335,-12.335126789684802,-13.536095203874721,-13.895905649931924,-17.27752315962502,-15.16863786808279,-4.136592394121555,11.207477981064379,26.710766533350863,33.71067487756457,32.136616083711715,28.892296623690154,15.785691880167697,-5.5777896970220535,-14.732991474865234,-12.848745778380108,-12.415190593861738,-14.557518869370739,-23.199933686751333,-34.71150252578411,-44.40634649802111,-55.879189440784465,-53.664035326847696,-44.27462978227731,-61.55041981156188,-94.35016879896699,-126.45390113326178,-53.71317476020283,334.5269124207173,758.6989681035715,503.81180828400375,-251.09168503276487,-505.8092262364126,-185.0198837178094,-31.264959349297612,-101.50578686849028,-51.21792310670232,9.904572092920489,-25.186943133046064,-13.334036756029448,25.576802684734954,11.103933021291581,3.0667468367338353,15.456865058509873,11.229663141983867,10.85597027514119,14.19839608129086,-5.525526219500737,-26.148298235519345,-21.954232911714318,-11.411889465475085,-7.623123997868712,-2.04959812033525,-8.652083920886728,-37.31505015142382,-44.849363754247705,-6.440730818572309,34.83731280912517,55.82804334227376,76.21512004887046,93.53710238661533,99.92988690289762,99.67775940483301,76.85731498352406,29.345988197267573,-12.676347269103063,-43.519130479049565,-70.89978029978975,-78.40985805631284,-67.30602393281902,-61.15196009360652,-56.940934057385974,-44.016685630911326,-32.38209871326672,-24.05127411292024,-11.546739429051394,-2.246633888372706,-2.457610282206435,-3.1724837157103423,1.3433993225052046,7.751969290136164,13.596216715954409,16.82704900683995,14.015135342898972,4.4576847103804855,-6.317241994617714,-9.792292551906396,-7.268398177626754,-9.295644132375617,-15.770155769647285,-17.841820094420335,-15.925240569773697,-12.784397132469248,-7.295665377146754,-4.711547135630674,-7.255557090897629,-6.054686013392715,-0.5189589560737105,0.7018917276605219,-1.4098139578630597,-2.5189932265760646,-5.1069146977119395,-8.1221094951105,-6.495639831355556,-2.7017168626656325,-2.7296413134805046,-4.705696375420761,-3.066579800488878,0.006395277708030278,-0.15711865290384974,-0.1616490545313809,-0.9306056992395,-12.531869191284525,-27.145129892119538,-22.670073233073623,-1.7280526380581893,15.496349822736143,23.406977410341852,27.449590149860576,33.22372265891645,38.73861392388342,34.146584618407786,23.831905568069608,10.667801385904845,-23.201437364707765,-61.67135784575037,-64.86597775735581,-50.223362277990034,-48.395593703147284,-49.57335526624608,-51.7412436002664,-51.529465784559406,-42.00002235085744,-46.54783196702434,-68.16630999172011,-104.56864738866864,-93.12849573002337,201.38174070155762,673.5125973307223,606.8609309624411,-113.30873030901495,-527.6963646680263,-263.20206673154956,-28.466230178630084,-83.75700504795526,-60.69051068137635,25.041537803254407,-0.22992209156104337,-14.935179605405004,17.308756373258596,6.920891043109695,-3.285295031189409,11.5929371862714,2.9741884794308584,-8.282137760980547,-2.246173107931682,-8.52816394567923,-20.049117285152107,-20.097803790384926,-24.12094994019124,-30.296912879272785,-23.749190147084917,-13.577079989145432,-6.819302257097865,7.723079566636521,32.698597849906946,59.49553937813771,81.23539158861138,92.74352997247136,98.84983596495438,108.08830958034193,107.80051561925474,82.45774688712389,42.087957355314565,0.7849995142182333,-35.26828085077298,-57.45980841160295,-69.25120317684548,-79.81539748440281,-79.45589246110481,-64.65217126112867,-52.635660581067896,-45.586869880188665,-31.845307736016778,-15.435536815840768,-4.217841658518125,4.020952040134963,10.424563201917197,15.393333416022603,20.891838793754495,22.92292450071818,20.480190515959908,21.422586948444135,17.938125320781136,-10.330926441393164,-47.04335290244943,-51.07397262270205,-28.963085793132745,-20.050381499920153,-24.89305447561852,-22.1041850236562,-12.968349377198045,-4.647314390527278,0.9528441303670778,-0.2093406029721141,-3.9065937049520585,-3.9962670602099024,-3.363620660808717,-1.5426453617550901,1.6033181182332399,0.07739507154543901,-2.9124581516271064,-3.5465286983732494,-7.515047869990433,-9.388891060524138,-2.5100285814522465,-0.8311826898783963,-8.874727415137317,-10.598428022568566,-5.591500423913468,-4.429031614367385,-3.715892686264846,-2.9425415064118265,-10.154788582045358,-20.813985937703343,-23.433751912024427,-14.493534358118424,3.728728440071718,21.493403342718647,27.952363819572565,28.14097290372344,30.200340106180168,26.355269955528456,12.076045128251579,-3.194890335925395,-14.174133391464306,-19.095655641121457,-18.075635696772565,-18.80885804156683,-20.210285092328583,-22.246123148185063,-33.69396420477294,-36.51588892632489,-27.77499825415573,-46.97663063195428,-86.50313580085466,-125.76232595855878,-109.98025166032818,180.4135354234325,653.1554038528327,609.4011564979771,-92.21637893800202,-520.9622005110925,-274.90347962380986,-34.04862871788349,-80.44944287266087,-57.96176465359756,31.418304647984655,6.37733582236735,-14.514328451104445,26.19297369186618,30.842244139830687,22.87228193366592,40.126732197917676,24.824445409355537,-26.493596668207665,-52.10315758044358,-41.615248802121656,-31.73255499093744,-35.39813929712293,-38.447189658169904,-36.860893556447834,-32.888839651224764,-20.97536839288061,-2.3457966439957865,16.121924500821898,33.226413739245174,49.76094864628052,68.50272177752727,87.9354448164981,98.88572584068308,100.70453906376085,95.52873547013672,74.33241296852364,36.386331585183214,-3.6932092249957695,-36.78874909159775,-61.73360750398598,-75.99241650201972,-77.31472715780687,-67.77407891000693,-53.44351748688793,-39.23405483422938,-27.378177435912527,-20.2258269942758,-15.363201719891498,-6.803702331937394,3.2992791974236972,8.967713584509752,10.748653201406995,10.039820531463029,6.714435364993589,4.777963024001716,7.4075661661454335,9.827130806143918,5.804538395453832,-0.5440052386894916,-0.2625344684201405,0.5457633349734756,-11.101048310804801,-25.932891233705703,-26.52701541493916,-19.429089569261084,-16.567651288669104,-12.449889787682821,-4.7525015633275505,-2.5852438587448603,-7.213107420078607,-10.720338611058054,-8.172674003142795,-1.2603579010698844,3.4510101249802903,1.3590846564729908,-4.25647029890891,-7.011554682677028,-5.388583805719735,-2.9571700512331613,-2.441054549784363,-3.806693572254467,-6.551081908401173,-8.91660880994534,-9.91132740939353,-12.025913992579458,-16.018507303882185,-19.42763224060767,-16.738401551033224,0.28763970411809203,25.106163223525144,38.605057559574725,41.400560385045246,41.54927189878768,30.055765079800793,10.480905978765406,1.4150155793519446,3.9745458970821526,6.66981043860695,-9.77143527262639,-51.557736190646054,-80.20413961333745,-73.43887139556172,-59.512319350989806,-52.072464283554055,-53.047965188118816,-67.21766466656112,-92.65826328280585,-120.39269929935429,15.780157946814171,459.622674025757,733.0238238787279,262.3096758380546,-415.6533748984463,-434.3216269472502,-92.96096059732534,-36.279173359055264,-89.67834437408132,-11.328535423446453,13.364498905725746,-22.13143766795842,11.222343372514821,32.32339290601237,7.098969817772806,13.294976125897856,23.481455809289532,4.477055401771821,-4.96383343138174,-11.729521084285917,-33.41751842382898,-40.69019417361063,-32.13508151740197,-32.6904070162094,-35.139495877488756,-27.2156975199832,-15.644779075382333,-1.8433026977660187,17.417124345931537,39.62661244250913,62.551708245332776,82.45650783371165,96.29113552763657,107.22906453887872,112.40633251905354,100.17689067501175,66.43618475834938,20.578018135973483,-21.889522000730505,-52.762917321977056,-73.4087256759445,-79.57112588026489,-69.39545654807044,-57.25548259571082,-48.45010728998558,-34.56411458842699,-20.43883421739765,-11.8565128921606,-4.32465513750507,-0.009746274536929889,2.7444270898565506,10.164773515133156,16.413127110713912,21.569067437190945,22.02951845494321,-4.246691042997583,-38.711764764407505,-34.9200990355127,-12.08590318494208,-10.419301950346538,-11.889578903694265,-2.9866980005000947,-2.7543027216354066,-6.8075658718801755,-4.9638619455107165,-7.137302952618626,-11.154731189390304,-8.859583296133035,-6.286930910903779,-6.06364030450171,-6.33156149265853,-8.654562231301092,-9.520063271938097,-6.5207804731142325,-3.6361087729024035,-0.659829980988544,3.2487442496602537,3.343702117687723,-0.5345826592264329,-1.493652129525894,1.0049470651492616,-2.4024239448089215,-12.894783672179475,-17.797801126371652,-16.789515803001187,-22.396878823937193,-24.132459843237857,-3.464498094400361,21.76446815650619,26.619465017188812,20.873495449355765,17.076209216372987,9.040735608588445,-2.624492230068247,-11.136500763547785,-17.546881430353512,-24.593772616434048,-30.43349988890313,-28.472330471752514,-25.336243776297508,-36.378904422875166,-45.39281481118407,-40.688198651863196,-46.730049855249256,-64.95077099250031,-97.79271670128631,-81.65767823445725,212.45034067239797,659.9774647029202,565.2589419015408,-141.3552573368915,-518.368331338788,-245.27359835254333,-26.12089727922588,-86.84601199594282,-60.45085152563863,23.96966042801909,-2.73079208933774,-16.175651575933095,16.60574186224101,7.5073714632635635,-0.5840293634454632,17.415617357897762,15.336115894405287,5.339325338459839,2.66469066429029,-5.747443439250053,-9.672886068541395,-6.723995554441346,-4.54738906570383,-2.2530491395649004,-17.61792117251514,-48.46681543076185,-48.60400253942608,-11.629715196305721,20.379133034724163,38.44760597278647,59.318865351485016,79.95791074838267,96.97286751080304,113.73747704527139,114.48818065875004,83.0157459822992,35.34551011363597,-6.163158825579335,-42.402193702964105,-71.09868057905706,-77.15024905553943,-65.97640118744482,-55.36006530180671,-46.583122259987135,-39.28509295992133,-35.56668465283771,-27.614074822440998,-17.112165520798367,-13.820757001299256,-11.617272963509583,-6.0485894349138825,-4.846853780730225,-6.496553738914503,-6.038994048107245,-6.160802143629056,-6.781881164023654,-5.762149899170014,-2.7830014438223305,0.44992943938361485,-2.0485350695793603,-7.90990797088061,-6.478583371855204,0.19917274381477412,4.9221184380098775,8.49344515641451,7.992939910148545,1.982521085129422,0.23784675855792958,6.752758591324278,12.592943413846058,8.422343163302973,-4.495903292370599,-12.37923490166444,-8.613781151193935,-5.673947604842716,-11.129283131963644,-17.596022961885076,-20.854543786839294,-21.7833237481757,-19.311834019845257,-13.78843432837046,-10.713330611646422,-17.932599852437434,-29.62503136813177,-24.370440892049835,0.5554488428155722,22.34292765204319,30.90272158298022,31.801577004207214,22.514480562900843,5.321430217778034,-5.028302717392507,-6.0387413066692375,-6.115130616848548,-7.876101602101851,-14.012339694250477,-20.558057629081567,-17.00424660816623,-10.713159016076325,-10.032012038164424,-20.363223969101448,-60.486462478239645,-100.61727954098035,-108.91459134619646,-117.65746803086063,20.41246252395092,460.36376083918145,696.8394438535997,179.97152634116736,-474.84993049182043,-437.6729701130909,-95.90023695267439,-58.26834662185364,-97.02491114957225,-5.842833891071173,16.291715944248857,-15.439316251030014,14.934657437629692,24.30002002712267,-3.0857099104883225,1.7875552892812152,9.476618228634226,-0.3782283545661267,-0.3306778223139908,-4.150856077712996,-19.792021777083477,-25.55940049992319,-23.409887615798286,-23.14073302156888,-20.23586798939948,-16.53489688376634,-14.324734435599677,-2.063835143379693,25.11325014966274,51.594908339749836,66.91723820444773,81.08943179274057,99.7273481718856,113.02404682625692,112.58933344070641,93.1312476991724,51.97494781153953,0.893417657159377,-41.278254428658116,-65.24679269744772,-73.01255857562661,-74.83985753757605,-76.65014321468104,-69.2482112717858,-48.90410744681479,-30.75194318858131,-22.480495540282142,-14.411719405535178,-4.866357655788958,-2.9792891562239987,-6.023425353708493,-2.6042867304914665,4.874031199622138,5.5850478235626095,1.074410240701944,-1.6887091364979803,-2.3300183211189083,1.6714263496127062,9.57137326273396,11.462543429426983,10.969333855637306,15.915419082602316,13.431492274147388,6.5920549141608715,16.28755674528253,18.32902682151523,-15.552626097404415,-43.470951926543535,-29.84888619982192,-9.62473130690228,-12.168598732183202,-23.525961551168542,-27.675277992593237,-20.124662644143303,-8.434024194129867,-6.087373728217353,-10.99834718089749,-15.546439692162167,-20.99219383852282,-24.676258911574422,-19.60467753668207,-2.746134987406748,19.305372653350705,29.665971908881634,26.250349187862405,21.55747491640856,11.360922762282554,-6.097300732185978,-15.846710403331054,-19.407178841782965,-22.854307530516202,-20.83119632506505,-19.86437854437854,-24.398139227527132,-32.91583555733186,-46.79862728910213,-46.72368475690051,-35.73331431383535,-45.169036019585526,-65.97346464217277,-100.86257853366806,-64.76529056943916,277.1685252829352,686.3612818344996,442.41457593687454,-297.4599921840298,-527.8297088045763,-179.38609321155184,-15.130863826705657,-83.05104948029938,-24.68305310024968,37.8772705121743,-7.619832098418485,-4.262598513715332,32.25447420000663,14.824123118962332,1.6216015718259116,8.559346727348137,-2.877955323530642,-11.358630772128343,-4.970545991286097,-5.642705363136089,-14.52449486586828,-21.933430673742123,-25.417710795804783,-27.24717134576273,-29.162877937825442,-22.613682793208085,-2.179872649454648,21.97839725458046,43.40607141390202,66.28411285212765,89.65518900173464,109.88583647552728,129.00696392643755,137.93848997561082,115.37945618392821,64.97436360610348,16.698030316768822,-16.118788933054727,-41.14272719874045,-66.7224479510374,-96.96869322932228,-115.85701626718674,-100.25115361984395,-67.30601510253219,-50.39430145036202,-44.02697941507801,-30.688933609812622,-15.210403178446978,-3.6751998752241946,3.395363813347803,2.381419404035551,-2.6514973952211083,-1.5847212637256671,5.588769318091955,9.93221748487489,5.9414124454648745,-2.8522340800819865,-8.466159917245587,-6.928868060092757,-0.35985350230290614,6.632894266251634,9.611565901395968,6.20978582307091,-1.1444523855604096,-5.5543624735227635,-2.936197227082199,1.9729179122248075,1.6917104442455324,-3.722838029563703,-7.77934698749616,-7.688317666923195,-6.34214444702999,-5.099272674898375,-4.128340718312794,-5.557127141426332,-7.746217847680409,-6.551687825559295,-3.868418168617117,-3.9032343332006043,-7.834636001560845,-15.145049358673171,-18.78136122358309,-6.489355900677969,20.0827695495074,39.99891387113323,41.049277183954295,34.12809959695174,24.086968196892926,3.6179602340198143,-15.256871674799918,-17.473222008789424,-16.60728411565441,-25.699704016764507,-36.29314386261667,-37.7138817888698,-31.25867120339234,-30.892113750740457,-33.911916724414276,-28.497923448813648,-40.90749431150701,-76.28505871126909,-107.26147104509927,-123.06039766788766,43.736056939740934,514.8547992199426,752.1037211676686,212.12205109633337,-457.11855972464525,-406.84358238820187,-54.82796187717366,-48.45910869219832,-129.99374259849316,-41.5247357866869,-2.6095372723533856,-35.53024688498702,-6.532350437964568,14.57758401473233,-4.866877352938996,4.322824281289076,14.581211572522509,-3.6197593110510464,-10.556880379226238,-9.672620998173697,-22.7917749399922,-29.3485220602312,-23.36262184541665,-24.373059214989617,-29.943596205849833,-26.494929660206303,-15.00171415176872,1.5915163818424567,24.798982341333158,50.4207041343265,72.05425194125624,89.11154714473429,103.310532650562,114.30396757718614,116.15127850026346,96.01739192985264,49.62733050429078,-4.7904371585351955,-44.66192801916854,-65.5768979529466,-73.02819274054976,-70.8886850884573,-65.15783358100688,-58.4315821508459,-45.92674002065621,-29.70567090350885,-16.509403089796304,-4.090874793329437,5.281987853733899,1.268884483051231,-8.531030495792667,-6.565518168940021,3.059347900425605,6.229281113344122,2.833606871009626,-1.1891560381160904,-2.5822686699660133,1.2277800886127246,7.1751050179150795,8.220961030478012,5.778740575878688,6.173317058655674,5.490280063327525,-2.6902458900574455,-10.375149681562936,-8.106308429171026,-1.808111290305952,-0.14613588745409078,-2.5074245096010523,-3.555138614815577,0.4596808329588402,5.9657344335134175,7.946763336390125,8.342205392095886,9.039630930786696,14.232034493092677,25.181171708328648,17.040352670098745,-21.6562135506491,-45.86595397385792,-31.88296727470368,-20.984989825312667,-27.61598769387249,-25.48371005087211,-21.73239935483916,-29.40921968912685,-27.86659931866161,-9.324270611057642,13.059246838892127,32.817752836890506,41.7381403933368,37.9326004851346,30.930165274588393,16.978349445373055,-4.466273712687849,-16.784926800156565,-20.26981891332452,-26.381244129750176,-32.84296686755274,-36.65874622196745,-37.714420396051,-41.500261254219154,-52.40859816586812,-52.840541120701204,-45.51963946733068,-57.10935390675545,-84.88666655327607,-119.29158973420303,-36.1462345127096,368.4915813387819,771.520502133376,472.91545801291284,-285.6729537843315,-510.96083302509476,-181.8632623037468,-39.67138367875391,-108.43703583523933,-47.33031846188681,13.507329824753853,-29.736780866323407,-19.445391550069118,24.120288427420544,12.876029358697622,7.336276229721395,20.968813534324518,11.311519572554332,3.0359614934362043,5.466308191746942,-10.400199755241841,-33.708560655634976,-40.32172352479777,-37.11152925369603,-36.247505932232826,-33.4956268466111,-21.692006137492427,-6.0457811629911475,9.196943506244192,31.991793678188202,60.67833371501881,83.47312289184727,102.16185810767504,118.13489286455427,120.49551774589963,106.55634379560964,75.71570596680063,24.12043484244643,-29.14138596360677,-58.366873793653724,-65.75198489649405,-62.763373692017865,-53.880893538068946,-41.92647382887904,-26.55341663860237,-21.723764461059652,-43.04926779186416,-60.04726707490156,-41.32539625367882,-17.591139029422532,-15.620861129258255,-13.34931113144246,-3.1447258382307908,-0.18087620854934627,-0.3201901537439529,2.569443297415532,1.4236010934053258,-2.601623581261789,-2.9085909426724736,-0.6135978388126704,1.0269513872430371,0.9993011388624709,-0.11100422047722525,-0.058271859703354245,3.0624303233041044,7.791250757021128,8.68557604959896,3.8368748330036015,-1.0945908464939675,-4.150334311573758,-8.681912440573589,-11.398781178389724,-8.21098562284833,-4.175699445026335,-3.944661371293255,-6.116044041261496,-7.5732521636677435,-4.470868963647224,1.4048991295021933,2.471842660603318,0.36173145678413743,1.708441728754707,3.542249203015669,5.7966340951094715,12.708225127518176,11.103113778087234,-8.537890916863674,-24.022200215777893,-21.535588337113126,-18.571487714171717,-17.28198831202843,-2.811776632022136,12.802073533731514,14.433290325238364,17.586436437469303,27.328834976520692,21.951437887453796,2.192317316038409,-9.416715013489027,-12.943038974496169,-18.589177078542775,-24.464358859426795,-32.61300157665774,-41.65566175283449,-44.535398806699824,-48.64052159353032,-50.30245980588492,-40.86819306713069,-42.909300395953515,-64.30312153836442,-101.35027936681041,-102.2130427612426,158.87424780427202,660.2785061661039,726.2685452286394,46.53600675536161,-525.6723147824894,-376.47733266728176,-82.55541770054799,-90.28556093223708,-97.70357181700973,-10.368714264386114,-14.696045908412472,-36.23762914392329,4.630953785992639,16.413549677131197,3.3762585846210236,9.843251511438712,4.359483311502499,-6.588469662715916,-0.47409006676830234,-0.8108029576742597,-12.618725471422652,-22.89473391208977,-32.865068582477356,-35.63625633259504,-28.258651438013878,-21.632784498152592,-13.35006969232543,3.2935998777324382,23.89468374896397,47.16733906142511,73.30722844262262,97.32973337465823,115.4152203080405,122.36960777955446,112.75450389287869,86.2888207407764,45.555049782533054,1.7984503993233059,-32.84070757568585,-63.50517653100182,-88.57475221458594,-88.27153591836287,-68.31283257755354,-54.57646454956443,-46.10475035805083,-33.31537772834017,-22.740207510863428,-13.600868005767023,-0.8534869157591487,7.949027767860542,9.857109781591632,9.942785123167459,6.814884385497333,0.3713863374588353,-2.3470266792067154,0.15772687786377837,0.09657183276270764,-6.0675137767864875,-8.864951785086536,-2.187700666947528,2.0330204510187926,-4.545085096367423,-10.769181128313546,-9.56053560905148,-8.2724326208564,-8.432662193673492,-4.227238709841903,1.2716992000907537,0.3931943510139879,-4.427338906991674,-4.95825132986335,0.09051006726765465,5.77787333781614,7.402099099675933,5.56900367120165,7.796187637940493,14.739116260359818,18.086905144176697,22.347692888425804,28.962278845832845,13.263897356788064,-24.351437402376636,-39.28548572557324,-21.68530240523421,-10.394857213852985,-19.293801049947298,-29.598090847375282,-31.66162743078487,-29.28650269339193,-28.266947548102017,-28.90004873510894,-24.643209142499988,-12.11387190853936,6.634514515959769,25.271322673140375,34.482006535442,33.30489081095036,24.915065585965976,9.139171086007835,-4.129246438498326,-6.5638986380632165,-8.10432923584667,-12.131146981125866,-15.186833904408957,-24.50835463574126,-38.033507123009166,-49.858497092632675,-59.088518475301456,-53.098549254540686,-45.626191162836534,-63.04394718803751,-89.3574473304682,-119.58485502212557,-49.6070637796048,336.96352390365894,751.8043221204256,483.06382890329894,-272.0747064930151,-515.327782227151,-186.6844297239876,-31.536750860676094,-101.14610698703721,-48.10917473782263,14.117241263637837,-24.574835322474993,-15.488088436725542,23.509717153423964,6.710849935305001,-4.693542725400674,6.7819178192145095,0.45990837454070643,-5.873025073016283,-5.7440549260036775,-15.406020696252614,-21.696302746890943,-23.179578362175246,-30.77966191739957,-31.938967427593596,-22.925398849288808,-16.74937462172405,-9.399122120288304,9.332551735566089,38.11770242749791,70.39656625931786,95.48368061671873,111.89002932998538,128.92959930109313,138.24425908545544,126.23316892871293,94.37345567200694,32.96520398873069,-52.63225486858554,-106.5932272820137,-105.01358063663612,-92.86380893941862,-89.46677176761244,-75.62393249153786,-57.32672328415669,-44.8682119670969,-28.750231899912578,-11.935211619546536,-6.269434498233377,-7.647815923047148,-5.50590458516119,-0.5554438625208569,-0.9283924743652214,-2.1953926949580946,5.222658088314375,9.839779805023628,3.091520308335072,0.4015164593900238,0.787449531478499,-11.794739477767111,-24.270467591625984,-19.568199215704226,-9.198709710260179,-3.4667570006517465,0.8489310143572659,4.7645005866774985,8.501689759591097,10.32042436695648,6.99314463319762,2.337506234463943,-1.2303829918576952,-5.346705454478926,-7.132406228977818,-8.556185375914971,-13.932765813616822,-15.237439824727005,-10.281829611501959,-10.839463954659221,-14.822718420577615,-11.314194013817735,-6.024726094316772,-5.953939589428122,-6.094227536011246,-6.426866632321602,-10.262129755629397,-13.106938232186534,-14.659917656552123,-19.842300027971945,-22.339751277638968,-12.228891124840294,6.370495848504737,21.91303997736801,28.66289648205835,28.22982491013209,23.56524037334644,13.749967264589037,2.223836538611323,-2.1682176921133958,-2.6020933192688704,-6.289820477409215,-11.837569295789288,-23.32336194934188,-34.349974292538235,-28.752480740551285,-24.011533945510628,-27.791107422786354,-17.443845915530268,-24.213814575695835,-76.75135435667502,-136.58097545400452,-147.4577601306592,64.86817803631331,543.2116601625647,697.6100506806607,96.9593647486682,-507.05857893875145,-381.7420031501164,-49.95494241707521,-53.42117976824795,-84.05156028567244,13.1131510028437,18.928862979996843,-10.719169290776403,26.0017666073621,20.208501787434408,-19.628814553515888,-9.507128001374987,4.827505094559703,-4.625104377005152,-5.120581588996557,-6.358593051305478,-16.564980015411734,-22.766171304811955,-31.602439971371403,-38.3474629740328,-29.295401103673708,-19.7662194494325,-17.95792811157543,-4.528191059078662,23.04371914752226,49.46536893998699,72.41757286297829,92.33707529663552,105.23970946868147,115.14447310749513,120.06483933244408,103.00473696962395,58.24730493930761,3.2229948849300065,-40.25231077491769,-62.65228884538677,-68.75553550636391,-67.93606545671065,-65.91882597407465,-63.68598794760964,-55.60710876412794,-38.71696782222429,-22.273563878961102,-11.25164131572972,-1.9959216679370915,0.6724455933521174,-3.5337611669110736,-1.4884202237179043,5.60402388532246,4.9662012143980085,-2.3489113085212576,-9.91368710762392,-13.810186268454505,-9.362929705421251,-0.7102449615304858,4.0874833669979935,5.000945686380712,4.477503914061062,5.115790811888404,7.536918176412547,9.0451948290886,11.435203967807979,11.067085246986341,0.9460028582130224,-4.567746964347668,4.120789558733325,11.220279877500328,17.619620763155883,23.87019279776421,-1.0295167838770354,-44.14379688976459,-45.95776453279636,-14.266578771066774,-4.3759552452074075,-18.485171584621142,-28.59047091502854,-26.585311470270874,-16.263066300484873,-7.59601845179947,-4.058258356154775,0.5180219688456873,-1.4954772190533543,-13.258580479330476,-15.291715211700339,-6.820441391710487,-9.02381731572228,-20.688180209548563,-25.85521843141492,-19.799757414876208,-2.2320985068886015,20.465382892795304,33.05253672504982,32.90477667982931,28.889865757843037,20.163280999303034,6.29524306523073,-2.723103606852154,-7.4156232688249695,-14.990223576281238,-20.91626413042759,-24.94214064493712,-30.5995549654522,-33.104210363363194,-37.00628939880022,-43.00945497980689,-43.810969206053045,-52.25133602317236,-68.35365074638895,-93.85136191454092,-103.46675498959893,119.45443364643162,607.1401509668531,716.2311319146643,75.04675948791811,-500.6182766724361,-354.2521332805245,-54.62710847927078,-74.91006593324076,-92.66960173163389,3.125787921150625,1.847653903318502,-26.739755369831602,9.451040532219778,15.06839045835321,-2.9203032175824806,9.321883404804492,11.824733523434968,0.08654250930610985,-0.5184957778969466,-7.777379764639917,-20.241816164615134,-19.603376568992886,-18.0983057414245,-24.117614956692833,-26.061849757234352,-20.673003049271188,-11.863925540583608,4.694626954387317,31.53008365056054,55.58773654538486,67.80566119460156,79.8497476633161,98.86483945101367,116.02795349999508,123.34441242063059,109.70408839061504,65.24150180817864,6.55846399195368,-33.93844380913902,-44.859360165105244,-50.239493478080284,-78.18217920942897,-109.17418102299814,-101.71776162970548,-68.26226775872853,-48.00018138154189,-37.883604487927904,-23.51299175211467,-13.939442124689087,-9.744318678539145,-1.9584406961211496,3.853641406470464,3.5391534131458826,4.628135241284701,7.152804487869952,6.191949331679387,7.392985601009631,12.086408096039623,8.385091688105415,-2.3765638992317104,-6.927848180641583,-8.910728554828776,-12.85670193468447,-8.676275548403337,-1.2720425717806911,-3.489780180459773,-5.763065729669169,-1.5103422616607958,-2.5433290317451593,-8.73317798269709,-10.360894289948414,-8.927692980062005,-7.6181233039231655,-5.795771327476718,-4.649859495043788,-4.3388670530771805,-4.749295903965561,-5.523507308960552,-4.0795709563562195,-2.2609843672145855,-3.5257076761722104,-4.4731071893490295,-2.7163239882438477,-1.525695529109794,-2.54904458050612,-4.662544436983473,-5.319937829742686,-3.737249056233898,-4.886157308883115,-10.00376682984464,-13.154082839623502,-13.902130005459348,-11.752084900226755,2.1247969928437445,22.73509757192194,29.56483669658609,23.99836398457541,25.439658293924687,28.86645961785854,18.13464211680177,3.8116268309348573,-0.8467946494276957,-2.7284134649421414,-2.871251143517787,-1.3816737763029359,-17.12852394992133,-55.99597215112583,-87.9910959931419,-81.742433514025,-56.68998478833393,-61.016193749501895,-84.48449798569057,-107.11157285406966,-119.78845120310143,73.0788399596695,553.2807219430254,728.2568450988356,143.10896154270236,-474.10853144647257,-380.0846343297166,-59.09884488505249,-55.74503722714023,-90.95141966224185,-1.9458340785603596,4.178960401379236,-27.512133627311815,11.429945494016543,24.494816855505356,2.0014765541644817,11.090870578864076,16.760385088077125,1.4139844161211483,-4.412637772880892,-11.460535266126003,-25.721335849188364,-29.584560183949744,-28.23636762081177,-29.10904014001732,-26.092210814746743,-21.472436638440747,-17.35007528442042,-4.609358609942589,19.69458635660898,46.754467193226446,70.90247522663452,91.93905142545835,106.0826892114631,110.05170417662453,106.04568967035983,91.81203096650515,59.14611949931408,10.180190900052562,-36.69121226752718,-64.76353614120171,-74.18244190391405,-71.08214195402556,-58.439801795021275,-45.33062689728546,-37.92189940697395,-28.620563074850207,-19.194924805186105,-18.897708589013252,-17.094978018361786,-8.092668579181591,-7.314271319407695,-10.929299105515845,-2.5451050557576114,9.622669143480753,14.102698394414473,13.021511031195438,8.15231216042805,4.441169804066895,4.998661171174341,8.491093519181979,18.161960053108835,15.668207553900563,-22.106476185896888,-56.220901252401326,-41.16768318575407,-13.411407716177289,-15.187132025684136,-23.139634568989067,-17.33918924381568,-11.859259432497517,-8.925159906743907,-1.6567912108128091,2.2301025395560092,-3.486030291084994,-9.720687544558121,-8.244491538279899,-3.373875839112392,1.3030318416778908,6.804681734527123,7.3926449813496475,1.9310005181761412,-0.3648543626904779,-1.3290866330834623,-6.774456763878421,-9.945119346880656,-10.212159130958087,-13.792709377869468,-16.283481476896977,-15.410144568822233,-16.205712488124576,-17.066713464071988,-11.987133280042473,3.073876064041227,22.362257768867607,32.11455547335697,34.27717339922583,34.15587859744721,18.83515823128274,-5.205356714323927,-12.295415909268677,-9.330156437851766,-14.507436187280716,-23.286315347493975,-29.849127668981453,-33.12105295737126,-36.62752511277571,-41.30981515904496,-35.70309008140339,-33.94628205769343,-52.917164681019365,-79.1183811241451,-104.40750450088208,12.292232063822382,432.0739526052148,729.3877086965514,299.79962299629386,-397.12082601268924,-462.8882696326542,-120.93539935286744,-42.11638255298318,-99.89407337869643,-28.204626717394092,6.189862692698988,-27.23560348357899,-1.5000602997806514,22.436347894055146,3.515351278377482,3.9200695498533777,9.426585653316092,0.32397066008835074,4.611306401992758,8.048697842409638,-6.008316677208022,-13.872786782992213,-12.206393347521288,-13.939429019488706,-8.565768818395073,2.433680661290909,-9.560172449911777,-36.3935997913796,-29.256559357475204,15.885663028185075,55.1277989093893,75.3599710793734,93.99106447963098,111.0382639693598,113.51562052063576,93.46796827771922,52.92736608896341,7.118225867169149,-31.605757441668025,-63.443999745629974,-83.64965757077856,-83.08790752576174,-68.92379151039911,-57.816047955898924,-51.77060935891127,-40.873788568753255,-24.963407051012236,-13.994107088680025,-10.358226742678148,-7.951952574606887,-4.182181314211357,-0.5709698035057862,1.8230229592288865,2.925175390982492,4.533995103718031,6.972624743235557,5.764744559022497,0.3743547721457148,-2.4727629717559623,-2.388361879891738,-5.440680118984059,-8.227078069573885,-4.769110504401743,-1.4523258231706997,-1.5404546814062492,2.396392852482716,4.149654007348381,-9.320479389371116,-23.99551569298679,-18.81349557883957,-5.6032530934231595,-5.102439895143974,-10.419276069651445,-8.390893247473588,-5.545702092438773,-8.397049230227466,-8.386662891563455,-3.8945777686825576,-5.422555821490871,-10.363606936851472,-9.793015323512535,-11.371675103792517,-18.72135000911009,-20.185591804306355,-15.98196848223609,-10.097823058350864,6.3356838691496,27.249348991184856,36.40759355371356,37.66950110661843,33.009864183614184,18.420129483679396,9.257608736840389,10.338793855835968,8.180007975657809,4.203941364505196,-11.497764610633638,-48.946120257272874,-70.79099286816461,-64.89270529869187,-64.03336431662959,-59.16373204068682,-49.36125347261463,-62.044058976857016,-82.65291463756753,-110.81891659696623,-38.54809152361767,350.9521998923227,724.9362433813446,387.535332633382,-346.8273837951756,-493.9562894017266,-143.5484648684715,-31.512809570569296,-97.04785795393414,-19.597462112342665,32.63147327573962,-14.078172995231544,-1.691283385679089,27.831546710796907,5.895502776862949,2.546020704701246,15.809634183120199,4.698844121298072,-3.917566424804592,-4.276096726060567,-12.499400238791427,-15.668014069873852,-12.552166022633482,-14.301695228379533,-16.45760824585895,-17.30751793885272,-18.50149061156501,-13.445940224458145,1.117259085593215,24.668069189284278,54.50171100362931,79.53034883142661,95.7447584230271,111.7593362689557,122.66124730379619,109.97390607292473,71.38026284235927,22.493866028390386,-22.86726180180227,-57.197570385046475,-76.18478953676973,-80.7928684579198,-76.55858131619013,-67.89082816008377,-55.971649977929644,-41.973240555733554,-28.052527253390974,-16.263023983420958,-9.223646394040909,-6.634669138184346,-2.9449272298923166,3.7153550116064737,8.7032216256369,10.27350082404433,10.59266624355861,12.432361390420674,16.75718736169061,18.061858272394723,17.554158829969694,24.408844432538487,21.125823219685902,-13.318655647022318,-43.56019639672624,-33.88653245923872,-17.645377773652,-22.95890753267514,-25.02714479325051,-15.678451017274945,-12.057914880577657,-9.813842887224565,-3.384241570640423,-3.695338288688127,-9.818474320052626,-10.856668554347337,-6.528691168323089,-1.4882229174017354,1.289136859000477,-1.2934401873731982,-7.0004875946798,-8.49465989965168,-4.807966943887097,-2.3349129913038738,-4.817329145648674,-12.092283785775795,-21.10984994663692,-20.916528550989334,-1.3659164348994897,27.96535601390847,43.60574916521547,37.75448097152237,26.050974842218913,19.867683699456627,12.694945822955619,-1.5679741816671253,-20.24178517130859,-35.250655170842506,-39.071131124793844,-38.42694361756878,-38.51059708426197,-32.6833900631956,-33.961441936315836,-48.42145194469063,-49.944535935547876,-44.39892634238923,-56.5189502847155,-90.11749256129818,-110.21975865244929,81.97151270809167,551.4485477199509,715.3334537586102,132.10346319910525,-477.2056713979328,-380.18397461405493,-62.42463363122953,-60.533292547393124,-90.52457013333347,5.355645777713804,16.053562128631476,-15.908121871775975,15.017435948425552,19.544948592926083,-5.1320962245631705,3.3329603236052883,9.298921507025884,-2.8999925968153066,-7.793712267727139,-13.310971153099738,-21.27128043973362,-23.18655630506269,-25.260849263279475,-27.432427702452394,-27.621760503865048,-26.248401300873155,-16.125529344854517,4.573806968517577,31.279415313026085,58.18830732322666,77.49994313861637,94.59128785142454,117.07538415336965,135.07925700889686,138.9631362977166,113.57229010007354,41.796514973292304,-38.48015406573758,-70.87614666640465,-73.13520612789497,-82.50871009688227,-83.4462770053041,-68.28010728239528,-55.98509575507964,-41.11693255767819,-20.8722384290137,-16.550953066124194,-22.230237742137042,-14.349787160554866,-1.8430178389764258,1.5904801566819167,4.400344638646764,3.0048976711099513,-12.373049172633834,-23.16023478405215,-14.687043886277536,-5.543396539247844,-6.398196023006326,-5.420790671694364,-3.2641492772694587,-7.009424215806504,-7.527387833426628,-0.593394148121515,3.5392076935323384,3.71895168847782,5.840320326077296,6.847836453073205,4.677048006803002,4.323474160220691,5.69756765704117,3.0967439257979743,-4.668512122203756,-11.563969227872297,-11.226476607716073,-5.936393824539733,-1.4191156793208988,2.054934786747749,0.6367207432643234,-10.52987896698744,-18.776002242725937,-12.03506797883013,-4.279940543430868,-8.1040687735899,-12.64652512117921,-10.736666758398297,-10.430313499107893,-14.508383853096374,-17.586429162095804,-18.277963834521046,-16.971251436389633,-7.942656149553795,11.126502595159845,27.488924416626027,31.85675784744716,32.07396930712981,27.55297081789937,10.14438519563613,-5.13340809226303,-4.900225395718394,-3.779567544731707,-8.673778816302947,-12.904620773691898,-17.782288897598065,-18.65640296862041,-14.455954002897766,-20.432112679311082,-43.631345569752426,-78.1481282755033,-99.89836206492728,-107.57025741213624,-130.86318650380554,-7.630607585662716,445.5871518410556,755.780697224828,299.59256831778794,-404.3776596462443,-443.39267519825114,-97.75840091367616,-45.30856550056646,-111.8204395109264,-28.724959344177684,6.951673442892542,-31.57625177434064,-4.924800693024648,16.509505043286584,-7.555301103590306,-2.3954189912124626,12.051263764820112,2.4369789648254416,-2.3055979441436945,-3.8747548413937727,-12.84181232650219,-17.379723536697288,-21.240916482101753,-27.24248706434998,-27.461137575063784,-24.184392406796178,-17.37545229577164,-2.584878791093333,17.182810855836337,41.161633844322125,67.5324875552138,86.3758217785578,97.12112920257485,108.46020564319659,114.53108419691206,98.01567848852011,57.88636598569964,12.435583010482734,-26.377072739445303,-57.853379237123576,-74.87588409401144,-73.32616263341743,-65.66525770771895,-57.6343525777726,-42.75614661703521,-27.26904235782733,-19.165935163223498,-11.392738615677288,-4.4105527011697525,-5.832325846012768,-6.710407514692166,0.6682281787230799,5.069024383164886,0.5130663248476193,-4.255710305841781,-4.652417751736544,-3.5144748334923133,-1.8640683023737683,-0.5801420526058649,-2.863595238243251,-5.479165522255265,-0.18436563995982258,7.350955990790045,3.4511027262288776,-5.76804519968147,-3.9340904777293497,7.211861218806138,16.263393622440468,22.844759700357265,32.251305979430676,36.48117803293469,17.695836427586404,-18.486537275479062,-41.47384281959272,-41.274308042637706,-35.11463874167441,-32.56167155191828,-30.963244258728686,-26.043409272598236,-15.802261619452132,-8.177394741569348,-8.937067345034093,-9.774985098388264,-7.393436024437538,-7.225276392787592,-7.361285747930264,-4.954315126447938,-3.8850940697310516,-7.698645090119323,-16.237130691763127,-22.915250389168115,-19.06465886816185,-5.010763546451219,13.358271599580656,28.366651660546353,31.36919271874544,26.396904126836482,22.687047391165645,14.27429505202697,-1.0697498219827537,-11.639291082096445,-17.289020552827967,-22.723817506549143,-24.14972917341383,-25.00767724163711,-29.669496437613166,-38.2853516990597,-49.17554959501052,-46.06685900069355,-35.46235980186879,-47.93838729031439,-75.92189342357887,-113.92391162022449,-78.7805310755072,258.0859622306,709.1212130870992,557.9699280207553,-177.10131251221304,-520.9423546815332,-229.78644324372328,-25.330167150477187,-83.8774053244492,-49.488172823637456,20.584157163971128,-17.1555584985301,-20.710846304108017,22.777497614623023,11.613647525821627,-4.572618921968824,8.020957359277208,3.750645755723842,-4.951892198744706,0.5527709922724755,2.8516422332269644,3.345481506889938,-3.0222995722839565,-24.60853507410697,-32.668888359123095,-17.381608145739797,-8.840004288525726,-10.328169533638652,-7.046257467660512,-2.555856818329593,11.986824700101248,47.9930233456557,82.58820442135803,98.11638906713993,105.75391865863345,103.93083469557972,77.6773737352261,32.57134172581404,-11.112895711818993,-42.99537769739962,-65.20638563221259,-76.56877418637988,-71.15353517802116,-55.25043650093076,-40.82817291472079,-29.562398964106226,-22.295314720032373,-20.19426466587936,-17.455037085807678,-12.738926645012295,-8.905398968051353,-5.194092848931463,-4.584405361385221,-7.0795177367683415,-4.793393991897759,0.06153505695915129,-0.352891257405032,-3.542934473665687,-6.336602650381071,-7.985744873156682,-4.841414336458245,0.6839753221091804,2.108210048712083,-0.4778739325938801,-4.0136023990843555,-5.370323222150365,-1.357837782071273,6.399771399586468,12.289859246173757,11.649120768682545,5.310035116638787,-0.18384280785902973,-2.3426338926719135,-3.391692216136825,-2.4457704097361184,-2.1613570320304127,-6.9058931130204755,-10.156805905578985,-9.346177591093126,-13.485581123160182,-18.678716234056814,-15.144489397762293,-11.303650296396304,-12.704012811064233,-11.163134019381445,-10.48442005164862,-17.054855527917695,-20.272575595850483,-14.374144032610472,-2.1512788194481995,19.385580633844413,38.45131706660827,35.964572666832744,25.176816350522444,21.91535714440226,13.344647904718304,4.712609677518508,11.391775340940129,4.30476160468927,-36.44423232928973,-70.83785977699314,-68.43200081102196,-50.6066086501491,-48.0366967629708,-57.16297790069012,-52.71418829380208,-47.51246430536462,-62.09846993028727,-78.70513895157285,-103.61575656984701,-32.707901181627875,347.2405050732361,723.1341224174719,409.89650802862974,-320.7041260779499,-498.68026649074176,-162.83804783263673,-37.653979065470814,-99.6501747606515,-28.94726275676408,25.352668324023256,-18.060789842756776,-7.928998720942833,22.040629476931446,2.427206136092373,-2.4319934472352607,10.516498835939057,1.8732532209201027,-8.39328583699404,-10.714423356649174,-15.367738291681839,-19.222919538813567,-24.904297571885728,-30.838148814201205,-28.531093088167054,-24.57331462814286,-21.740407875814046,-6.69420940197387,21.046143468857217,46.25537258060301,66.32221317649466,88.54784392361348,107.0649301160477,112.5844805502694,108.86940917469317,96.62843342363153,66.3213726981569,18.888009823932784,-28.335280750133354,-58.7467303113461,-71.69073711644592,-75.99942735801632,-71.22232982515858,-56.944794924499085,-45.49284016519754,-37.63059139269398,-25.6922921738879,-22.024766652797233,-29.01789206675186,-24.81083039874483,-12.01935740272559,-7.725052703188258,-4.277908780857306,2.8261765383791655,6.467770866890206,10.551235027619937,15.455898469183984,20.40136724225522,25.605341125261262,7.919569795016368,-32.049486089608706,-43.019898209262976,-18.942966981604563,-7.916266770029207,-10.986782673814304,-3.3565028689798098,2.0550031145669507,-2.7192022303712484,-3.536973820319414,-3.3506187586802003,-10.241954848646936,-16.548899776331893,-16.427801553434946,-12.808940879879437,-9.376401112652712,-8.593741970684414,-10.150935946666335,-12.462267855234934,-16.589767439041957,-22.19782609740502,-22.927611051090864,-13.497986104341315,3.0179742056404844,19.59916260273457,30.234438977657053,33.04265382653818,30.203344922682504,17.867889552605988,-3.9668882685967697,-15.309932467723925,-10.54881456910925,-10.89826893459614,-16.01051099557902,-16.320026899768532,-22.409450498709276,-27.315769293991064,-26.860149224290094,-40.60092662209878,-50.750977248996705,-44.39819552132574,-52.492657185664115,-75.35489893915246,-108.25047749715426,-50.70235791088402,318.156148706375,723.9119517833769,452.24060407322816,-295.1322157181826,-512.6760976595456,-167.82562381736327,-17.246727900625935,-84.37461157535832,-27.36234643762048,20.162860298001,-27.973620785437234,-11.188816891586248,27.44315977807759,2.2498851874019614,-6.697392395922603,11.795552970493919,4.614618573135916,-5.238024120515396,-3.7073754140477346,-11.8633388128392,-21.869620149872652,-23.59134125757879,-22.96183878070887,-19.65340401002831,-15.063761376683157,-12.370305712186802,-1.6802663759969825,24.479022044315023,57.10390950485776,89.400194700417,116.88887158606094,119.71811232039488,95.38521329444022,80.04119775562297,81.74760479740917,58.148791614889724,0.410082511889021,-49.006724270429174,-71.37148525098132,-80.93199502527482,-80.18297718614639,-67.38671301196776,-55.57716212526017,-50.01064089724477,-38.87562074526464,-18.859113245684547,-2.766418851059772,0.3750936914316938,-4.393275773035951,-6.478062737258924,-2.5015623434821848,2.64389403126836,6.033901674350034,6.211668403512606,0.8901290997397471,-3.695984788119688,-3.3753320723172315,-7.2441470385963616,-12.622708676234314,-7.71948819377689,-3.761704839109756,-10.172825100786515,-10.571344722954573,-0.3967212560022473,7.795846928474917,12.192364075537945,11.766738620909532,5.697278558864904,5.361815391142006,11.380289699614345,11.05039282111549,5.663738887509499,2.811942893523776,-1.6883906116179475,-13.255726151410233,-24.473360107641682,-22.440016950090076,-12.770237475969834,-13.415828223911419,-19.607056276028153,-16.95925087017451,-12.44178782056894,-13.94262925800923,-18.935649527733606,-24.362467035951873,-14.37606833947031,17.651777813032602,41.876603084963065,41.37661282526521,32.2316393717112,16.483238607163738,-5.155455821844088,-12.155506636166866,-9.601424010059466,-17.432793903787445,-24.4407407373704,-25.880425520020744,-34.48136855885267,-37.48213105603726,-31.09874624307907,-33.51283012185734,-35.51380483369515,-36.063979014216095,-49.551374284681735,-67.5481219383127,-94.87826193266528,-14.802205775903616,375.7567381468383,742.6552674683755,411.90187350749,-328.7349857296199,-515.7869817915766,-182.64646832321168,-48.42404857638826,-108.93093672232564,-44.224080320329186,15.341522186999029,-19.199889195708856,-6.657060034258195,27.228244051923173,9.631204272654031,-2.679396416469409,3.702076600229743,-0.2504424543427577,-1.3750997942322343,-3.493959277244869,-16.827801618632236,-24.037957948051606,-23.35034032065401,-24.379866068501414,-24.121519441908852,-23.370346026811944,-21.334519042599588,-8.12681091423091,16.051514944447938,42.393103478152234,66.97314735399695,88.03487608509658,106.47782306128242,122.84058298331936,124.27156568440179,98.20018590016561,54.94669427569218,9.625406923896334,-33.99875114329803,-65.28327675819432,-74.24118506305017,-72.1656317007232,-67.54612396767732,-55.32855357553056,-42.11816126640586,-33.917285973163835,-21.275158210924555,-8.507462441386135,-8.002310511294725,-8.708386180753658,-0.07054859062766639,7.016273891280272,6.3642454566229745,2.2726494001568938,-2.837704314349631,-5.773751643636377,-7.176992219791752,-10.043792726277973,-9.283164236505456,-4.874872878412346,-4.2728559809952396,-4.3343813931752955,-2.210700178379235,-2.4911567994247115,-0.4521097034542021,5.981793487845505,8.621698680672873,10.302120915280058,15.189982365441873,20.16965601280998,29.887628073719462,32.35116864818491,3.2627641125593456,-31.66831223368446,-30.90121489065715,-14.869175173668362,-14.184834905473682,-14.637093084691134,-10.411799817309229,-17.066548003431794,-25.568901980216907,-19.393326946557913,-10.474909938062865,-12.969354571152383,-16.97728374629775,-14.671717311662782,-16.441116329915054,-23.4035779665034,-21.660822199084375,-7.598549049775558,12.377337668058763,29.474127178246235,33.43580417745055,30.164217369968597,29.459478575335865,19.12215023421694,-0.14197563248135658,-5.026913985667461,-1.232396043848735,-9.404400479533212,-26.002316874435063,-42.333110995736305,-47.04734138540143,-37.982867813520336,-41.41170691882327,-51.52152188292597,-43.17325911585536,-45.347153430842006,-68.6552740470405,-95.32836515734172,-87.64499441335434,153.46156946814233,614.651088147246,655.0295517815312,0.4489285026582053,-505.05988520177016,-319.20126502680375,-47.475127449464,-77.65206425674907,-79.75301854226812,9.314061811584367,-1.0787404270965695,-23.323444140274823,12.304631741550496,13.263038380078935,-2.135930792420539,10.264734023515267,8.126933355671463,-5.9956168174983695,-5.154890716969149,-9.753703598012562,-21.89038311185396,-21.683943640368668,-18.303797541464412,-21.831835710790024,-20.52126531332133,-10.925019153541207,0.44579495922289425,17.88498095966022,45.526159225193204,76.5078918183987,100.06975588434688,100.65590933321292,78.58262701809748,67.43146303770425,77.1693448365017,66.10707228876659,19.37360204704528,-26.341659025806496,-53.794156478763846,-73.25536998862265,-80.44284335640816,-71.57910493483446,-61.34781790629824,-55.83547655397011,-45.5265619159181,-28.84238186400856,-14.090893114360487,-4.987180530328477,-0.33836501820638354,2.7708248941904063,8.332819288932019,13.746739792092535,13.915393788524588,12.35411451123205,7.871648267650463,-7.453918608072513,-21.315190839397566,-15.826415907789432,-4.594050429093773,-6.6454260847100475,-12.880544033808096,-11.756307594285726,-6.770942580376584,-1.4754856245341301,-0.28224006246641764,-7.5645486551026,-13.870470399481595,-9.920872513270384,-4.055778602372891,-2.8470120339587393,-0.34376771805268724,3.279281671884945,2.1125766093443925,-1.0858095011920739,-0.8978845933274471,2.530465557092569,4.716236912613765,1.0057780626437873,-4.837161807978951,-7.6251558091812655,-12.065516135772853,-17.07577047718638,-16.45406095775683,-20.013447115226747,-30.55105435064019,-27.362554607939185,-6.486036460210606,12.661207540842408,22.504652690747797,25.999435724687892,23.577927992146634,14.7035530332596,-0.47348665446215676,-9.142843262655,-1.4581197512808721,1.976062640509924,-9.06885832113116,-15.336555865186316,-15.810313597813332,-13.103951811672783,-5.147400140540896,-24.590506977070937,-70.82719295352194,-88.6106150672799,-79.06039324868652,-80.3102557845571,-112.09004036789607,-118.5728728922649,137.07446856539295,620.0701903750407,641.9621764780904,-41.05601494689979,-525.5268237545121,-305.05483885759384,-39.49142025830386,-79.05624310895303,-64.53671749365711,29.72969795542015,9.132436931263108,-12.060748635537756,22.040957231828862,6.800190082223189,-17.41936224710434,1.0369057429236896,3.251533832026138,-15.470149173750583,-17.239420038646927,-13.557888112869096,-18.961178834291104,-25.994563023205753,-32.03390043816404,-38.602042763433275,-40.15392532862965,-28.97427063031298,-10.036054997190199,7.960129003041359,29.79026946825532,56.70416919526531,78.7462725638002,95.07034819684407,111.02286501677048,122.79719816707252,117.95079953444939,84.4894110483753,29.20657333674002,-21.245035877343973,-50.77450803556665,-66.11868046996463,-77.29916294501896,-83.14555419724638,-76.33836482098751,-58.9626329080009,-41.97530482895037,-28.293044014392137,-16.968238400289795,-12.082553498436909,-10.002167265409057,-2.811904096413059,5.827056714454073,9.548709254090191,6.6061545129738395,-2.7691860594573487,-8.672365488217187,-2.295595110127458,3.8935793491752113,-2.714973490045095,-11.20123175985604,-10.610048784056358,-8.051356447416829,-7.392872717904872,-1.4875739961310983,8.224653841493422,12.981037617683597,12.75480765226757,12.533652778702326,17.880012037812136,28.89179930508478,23.195898799120116,-13.742865221047833,-44.63139195228476,-34.65235168312922,-12.358131663398447,-10.786109433660162,-14.188077128985652,-5.11036819870294,0.6514989814815237,-13.03726794804306,-30.782581281378526,-26.199475917437834,-3.572350085720572,12.99037623510334,19.23605833666287,22.129405909832105,19.080961442049627,7.986801549452495,-6.3181070365829335,-14.840100326030631,-15.194101956137702,-18.794990435248224,-25.172099633242183,-23.718300847837472,-25.04282498344107,-32.587564009706625,-33.8635741955053,-37.999831769707846,-42.113487096826454,-34.777001828017305,-42.64702128183373,-67.33513844305259,-99.90353929125243,-107.2506290850196,135.59022137667705,624.3972190673578,675.632275571221,-4.827946795736125,-527.1749735509281,-324.6865926793606,-37.870159447538995,-70.8292813568869,-73.75033681711506,18.207530544777214,5.225531661267361,-17.076650541037118,23.59085623689532,22.875853929723256,-1.4422722897016933,5.625522380892569,4.174075798610557,-8.038785021388378,-5.572330826803994,-8.137767186953198,-19.64087173426173,-22.230266564201223,-22.36736706101175,-27.120874362220537,-28.0289570547916,-22.47662926493143,-11.19610914565275,8.037283781677978,31.212991632478875,54.08399690977835,77.96654643149094,99.45219340763005,114.40844747592615,123.46661244474346,118.86927878959648,90.12103020214103,43.55850294004948,-4.140915228477253,-40.045436368060145,-58.56955094852206,-64.82342000433557,-69.1412927183452,-72.57122583131937,-64.39826163062376,-42.46488355192489,-25.533593721702168,-21.437779779994834,-12.805467933475343,-1.2152223286097357,-2.652055634239291,-1.6275680872742528,13.393569520676749,22.079698004988302,20.662203534225206,13.488660657987563,-10.921241864131925,-33.617219783189974,-27.451949397849184,-16.4151210875129,-20.46831626322472,-19.862115525371493,-12.576721665598926,-11.81730848232032,-10.722786818354336,-5.577430104665735,-3.3816936425953994,-2.91299635143839,-1.2297782619467137,1.0879858303602727,2.74331057198612,0.9943919035511177,-1.4234006353759945,0.34703840417728227,4.058784144348518,7.550963282751666,10.660792816341466,11.529440599820042,10.373908780879837,5.625770025753005,-2.6343671727416327,-5.376351862680742,-4.18101382139598,-11.655035243710891,-21.546588346460567,-22.7146774869174,-23.47158148240768,-26.91578002230461,-23.287717779424028,-11.35889711278108,5.693774147462344,22.094026130403893,27.662100380791856,27.870544156607448,30.10529693688383,19.59331663132265,-3.1022102100138733,-13.567395774565782,-14.483056795721637,-20.39679478477603,-23.130432093162423,-24.45323114864587,-32.18206001043724,-35.43159206122045,-35.3180143119707,-35.122204266778,-27.995895056010106,-31.495971125644825,-54.13831649541674,-91.53472333093153,-94.65130752477228,155.7787533226703,646.792296469553,706.5747439344082,14.903794205004871,-556.9792974648096,-378.6066047744048,-64.80494384614295,-85.30685220677121,-103.07853784127343,-9.910890162267584,-12.410097098809487,-33.583726289055384,11.787893308307476,19.97806906075457,-1.0451142242079463,7.145939592460165,8.419980073726421,-1.455826493613893,0.02179056177627814,-6.2972485448097,-19.74140807860091,-22.455792700072696,-22.56586667179787,-24.83361273372504,-22.120818464379187,-17.075215071280812,-12.845609089189697,-2.0087479447181185,20.99509666872585,49.678578006660494,75.93550944191014,96.912806672361,107.5398430951405,107.4193972058551,102.26045284622046,83.8459423214594,42.9846056114282,-5.253012792476503,-43.47656053945215,-68.10367959285125,-75.29079452298333,-67.347077439067,-56.46573439693128,-47.51647102046266,-39.55306792585322,-31.88181953369198,-20.895124472502353,-7.982737555310493,1.726268744116494,8.186258696923332,9.272817617737081,5.033262257982157,5.461089000397365,10.989628669194715,9.958346365458544,2.4031438362861053,-4.091480167654592,-8.722883108805211,-9.042726556578144,-2.582760346355797,2.709917225383522,2.355432924029196,2.8648178785317393,0.9006584978575383,-12.113952680694055,-22.06534050434864,-14.37200228306197,-6.081591771756721,-9.540042671959352,-8.467802258655412,1.925584007527731,9.035948285229338,11.701550080102024,12.86523719161612,13.475539147334022,16.997207791184273,19.435777771943364,21.03004297826376,23.639202979859007,3.186914565425841,-42.34218747469932,-59.82710504597322,-36.644861855963626,-23.108754395924677,-27.662339124747604,-23.988903520624245,-22.12542310849095,-29.141566650293306,-24.478705502314515,-6.64364026464807,12.489575825548794,28.466868535429406,32.387418178525294,27.463635723052263,27.988833231127106,23.68303457167635,4.18019971792641,-13.076149875806394,-21.978269657092994,-29.05143543981536,-27.34528754808798,-23.364092129738356,-28.979022296670674,-34.290672644135824,-41.127200651041214,-50.444922271578584,-45.614758542751254,-44.6554820753582,-63.58294590708484,-93.0641492441074,-107.39856342627169,83.01679685397076,551.659601578675,721.084752272504,143.42993329931002,-469.06389706289957,-383.3341650348268,-70.42328683537535,-61.65826828258959,-87.7761112169896,2.744158861408799,8.016559009715351,-24.684786359575114,11.418434691456905,27.229827784329963,11.74928418218415,19.853513524943857,19.697075339325778,2.411408019715978,-7.903097823864099,-23.22943563066544,-37.68271574495457,-34.80232465787199,-33.23848907700619,-41.12809843804632,-40.063041933568506,-27.389585786576983,-15.056751672708225,-1.7532529594697301,20.191867547559163,44.56933529044836,65.48879393218404,89.62343128779268,112.00807156889216,121.36000214672197,121.83509722940778,107.55113296135643,68.49284413852283,24.235454538327826,-16.778010721236054,-68.81998244679077,-108.28744336529428,-105.0409591943351,-82.43690760546666,-66.93399493130842,-54.629660484702846,-43.84013426196678,-32.80311922581796,-16.093571208616382,-2.2025817684468336,0.5451960827601674,-2.681161019334862,-3.7133233376970836,0.6694720145823503,3.234417546981174,-3.7144282442715806,-12.590038467810315,-13.867897067547627,-10.046206347871822,-7.328832837808513,-8.438435234311374,-10.34349664872666,-9.123601571428752,-7.419766365380147,-7.080042853997099,-5.446819436830113,-1.9162584165330436,3.0346702689048533,5.424335650222598,-0.18646703857945113,-6.488909067245084,-4.196393033111731,0.897229290371155,3.903751152017768,5.4465605715896706,-0.23583158164595908,-8.409189578333955,-5.611701469629546,-4.394950514664977,-20.05103006038072,-28.671190102716217,-11.95204897080338,7.381688551801582,17.68105704261708,27.385119166745476,23.928526238431512,3.6865826270806963,-8.530369542860763,-11.591675767537053,-20.119687495372247,-24.887092245206514,-23.730954201850544,-28.912338514383027,-35.25012641432636,-34.54429649164817,-30.503966161545087,-32.44270974036963,-44.36979211881842,-49.27120775134817,-44.46534647418093,-47.796851154882184,-58.34915152661264,-93.35902511458065,-63.05254946012241,280.5386565536255,716.2779026569386,509.651452670588,-237.06763608732984,-511.3506168514442,-183.04915697030697,-30.042897441469563,-129.01947151657134,-74.83456521442102,15.641142090163427,-24.347410910913737,-32.84077873507613,4.650783942509278,-7.601934043433044,-13.559788576987483,7.063278958036733,2.649113156636032,-9.126934548693718,-9.277431502696317,-14.52531110012804,-19.918481058449167,-21.822953673365667,-27.765103298866354,-32.01877381014004,-30.734981333707534,-24.750558336028355,-8.137245869751682,18.96136776101337,46.07452789737354,66.63141573074329,83.42149458441939,101.44827159544978,120.67956286359822,132.81236909514806,120.73653967142536,74.47171687417983,12.249169365754206,-35.94403859586835,-60.31803220655963,-68.94778695060009,-71.44293264466832,-71.63959947326235,-66.39134274825851,-56.29845699084084,-45.34080637083437,-29.630595579686997,-14.038654438945066,-14.797909260447486,-23.15398784472668,-16.344837872890277,-2.0256490834415057,0.7748295691049609,-4.295839132893892,-6.807569183658156,-3.828661348098281,3.4139585743447647,8.196162466725093,6.498422004309004,1.348652231725863,-5.8840604693942105,-10.066223349115123,-2.5912993228793595,8.755976458921376,7.7583256738534185,-2.5386614033151442,-7.746944482128115,-6.197135216429546,-4.217768648341595,-2.068651347066014,0.26397125055934234,-2.1644614403675257,-8.223850872556715,-10.929925686354629,-9.558051871285912,-5.402777103582124,2.444585316866269,12.337303631439054,24.606495767770397,37.07438537368237,44.353373679349474,53.13301412895733,54.50338610780022,14.903757354242726,-45.92375559902165,-64.77872753396507,-45.39245921004067,-36.1956592152864,-42.2995727953126,-45.92379788281141,-45.634698980245865,-48.77944332941206,-50.39530717956392,-40.19527607073586,-39.294658242108476,-60.72099272940875,-92.36843033844244,-122.41747079892764,25.188594352587444,492.9949256426349,759.1855414188096,241.48854979634052,-454.61370965151997,-444.4710203200009,-90.3483645187095,-42.12285855846905,-84.47049298525687,3.6424323907711624,14.165263133427779,-30.253468700514887,8.26954702338177,32.78748604063614,8.607648289001252,8.526411499900405,3.9789716007988836,-19.584115968427213,-18.14734265465304,-8.911972629025245,-17.65981530795147,-26.446063823079616,-29.574428248649532,-29.773418359150615,-22.043560099134638,-14.551197796771532,-13.45805859777519,-6.649819415398042,15.405283785959611,47.55076037499174,78.40627593968037,100.34647578355062,114.18047581733002,122.93298632784494,120.91266462785333,96.96479954152568,52.10264826128805,2.352576458164725,-39.365449210557394,-67.38361580272064,-76.62080574659524,-72.55997900225006,-67.9873066392437,-61.003510863612924,-46.068921958778766,-32.66162818605665,-25.01167865873724,-15.584670265152464,-6.65497476419392,-1.8469103662171307,4.514305920011836,8.36600437396382,5.170950120499931,7.681682660152232,15.16135544337174,10.954508632254242,4.80782315193367,10.41274133300929,13.42090287533728,16.254139004654547,30.391025744651685,21.98427342134734,-21.83128350747316,-43.4566094176262,-23.66750202257962,-10.379730212243548,-13.310068915605862,-9.600567448962389,-7.045540279507058,-10.119612500980494,-6.771619378601128,-3.38858621438437,-4.2549189655121475,-0.49936655581545786,-0.7657197901347299,-12.722043540843611,-17.78858528909364,-9.925671876953595,-10.148415007681134,-14.378421007034897,7.062059652790076,38.67604885022573,35.543849830937674,14.200373068846062,18.63145777467384,27.994248275955414,11.068611795026529,-7.277319543687723,-10.826216747420641,-16.611290699957433,-26.088223022683906,-34.74665266961602,-43.91086755353612,-48.771166347054034,-53.25315645120716,-54.28464303605044,-45.093956754563116,-48.713556514741725,-69.50987020578506,-98.20263074152814,-96.61834781566094,142.27488898373872,619.6190329192845,695.989158370019,51.036066285132435,-494.60005416641934,-341.9854542425248,-66.03756541969675,-89.12122018148422,-87.56236089971293,10.907960756219637,-2.6585474457230376,-32.740853259745315,10.779557664386946,15.990049289388494,-7.581024548809815,8.390643952469834,20.087758012572696,4.401920332396955,-9.72571075747121,-15.734769556447716,-14.231509280661527,-14.819061616926628,-25.478782814862353,-24.584536698360864,-12.002656636683655,-13.044348778570125,-11.323879002721654,15.723823868882064,44.560336113201586,61.32036202342962,77.18245136752893,84.93588934305862,86.85374915376849,102.692117925274,112.28853441841666,83.28748507330806,32.35740527782171,-12.268036715328348,-47.19682660920579,-68.1574528475216,-65.28626988936539,-47.572422428848974,-46.238084276877515,-68.99908243221917,-70.60663089023173,-34.04951660002848,-15.789925218512384,-32.291956395425544,-31.06817612930073,-9.089395374261752,-3.233207338469505,-3.2633102203512756,4.884006777266396,2.3976379765053437,-7.860007749895917,-3.9761624358820225,8.18570624029003,8.046361941068596,-5.512043547320891,-14.75665293624256,-8.815131928342957,1.322561627234852,3.94499223781178,3.765331781374675,2.6437786405144807,-3.403487782386227,-2.699443927992805,12.250400809542104,17.044440614084348,-2.6479223068291127,-16.967382236272673,-7.399856336005612,-1.3017547823287199,-13.895200270168798,-21.63002318021219,-14.487111599461887,-8.608795588543048,-3.058102203721678,14.761778691061547,32.7563041711293,31.71177104696158,14.261476682977944,-4.399260805094125,-11.043704199027548,-10.62161927223147,-17.979886224877543,-20.61511667677693,-11.768850374253581,-18.538341179588322,-30.399955286970712,-25.36667399561355,-38.659104962844154,-63.293562013301354,-51.56008533523305,-39.19526847366815,-71.45102984289298,-119.7837592311762,-45.542495640343276,343.45385856860565,753.923437713795,477.24336994414205,-287.91193601501055,-513.9382213159074,-169.152765951203,-34.67009135116071,-88.49581761602053,7.146491623335699,16.845684870627053,-102.24330118080846,-68.50105183042274,15.67073983430393,-5.721987583932059,-4.643859846670004,13.34520307091798,-30.696286931636063,-44.70951894131437,-10.353232691167436,-5.990848444283504,-19.833945562309047,-35.98613907673972,-57.41908015033046,-44.985245380032914,-10.183286833960835,-0.34421220079212134,-1.3027824851697574,9.540123726944909,32.3846881546961,69.16538636192183,93.10651969990113,92.36951541515734,111.8580400265671,146.35901807748832,123.6831256548575,41.463913070814755,-28.87643673168833,-54.98957950848479,-58.89345615933013,-66.78650626528393,-81.56713294801357,-82.14988635650025,-60.53762285687908,-43.44024700364918,-46.97639681356418,-47.19742990913684,-24.3228187507617,1.0531058363746837,3.619939145673584,-5.5983897013385935,-7.583884578802561,-8.8662919192491,-11.57302642493914,-4.277991445741254,2.2592800470070493,-2.04391870024568,1.369469172153103,10.354761169980325,3.7410779530041935,-2.4088622318157924,3.4923876949877695,-5.444099593326291,-23.290298785219452,-19.675580416799285,-9.19327993061189,-5.778835487940857,3.766976056158475,1.5995803494073915,-24.53354743554006,-37.29065093983095,-20.87835902699924,5.93284663658237,31.203071876839292,32.75558635407515,11.86819836418197,13.467783345856816,30.635838787704373,21.29151884235142,6.914430614422642,6.3595302093712345,-5.117744521061541,-14.878024802085218,-9.751949708579522,-15.019675825192877,-21.57166103139948,-26.56213243505084,-62.5383015496419,-91.13511858376937,-73.8664752796393,-66.45325140476811,-82.8019790625524,-116.98070872038264,-144.26204305134706,107.8533322143198,662.2033254698118,744.0303879331101,4.587853514425632,-572.3900895212423,-359.3545928243555,-53.6047971113488,-83.5322098604012,-78.52549760046837,12.75278598727661,-2.032693608302722,-11.604462793670312,19.983817471021347,-0.42909274838752154,-1.4694631067075807,32.90971688717327,18.0032002310952,-9.345953455501535,-15.261179585671556,-31.433660876878417,-31.219109836339396,-18.125147208223133,-40.4673115500249,-59.10567870006854,-35.20966495321762,-14.053716696084606,-9.160523549721585,12.596111647734247,47.70637909213704,74.56441013192824,93.13122367235381,110.25580717612479,123.27365770393078,125.3366664107644,113.29672830173216,78.4292868325171,19.12370153599001,-35.56474240392443,-66.62767593543005,-86.14978002331645,-89.96870910082684,-75.56529185428386,-70.31265207480203,-71.89057165679557,-53.27513049244198,-27.242150346810412,-15.120417567803088,-8.81898522821544,1.365826742872386,16.655603763454344,30.16932107572273,27.012980562569854,8.089904333673644,-5.200431295250513,3.522043619870119,19.442660930817283,9.560600526193298,-18.83153694578308,-30.263990928805647,-32.1398968072421,-41.227843019888354,-35.725670685604314,-12.576328851895143,-0.39219803555366006,-3.9504613455640385,-2.3873160908410203,15.483112999326632,25.009786007636574,-0.28041024995478026,-25.771347960173443,-19.23503176303747,-16.885888544221686,-26.302968857571784,-9.448483812392098,17.01605503356442,24.3659885296601,27.935751320696205,25.932620774939497,10.756566469127304,1.674129966736356,-2.2876571163356143,-8.795595466179632,-5.300824953478442,-2.822476902275417,-18.03468536679734,-30.237675170632073,-28.20138463732507,-35.19685324421106,-51.95652297457436,-47.48531945042262,-31.81082809699134,-44.13511661645806,-71.72686382210499,-109.80100776218211,-114.88017493736575,164.85244619298658,697.9265961900248,742.5416727090095,7.289720453875745,-553.0993649031864,-341.0382796530238,-42.71068485607272,-89.55878512103139,-95.53690088506988,6.733715185893068,-12.72957275844334,-36.3705473351629,19.717061298551506,14.852870378731525,-17.945863077915835,12.574158334069137,28.180602454556144,-2.06030015510298,-9.932252771318709,-0.7913111532199033,-9.951060661479513,-15.10065465950452,-7.777852703076826,-15.10945415841521,-27.292375392716274,-19.8557937206826,-12.389046750856417,-7.2899375366843095,33.30714528236023,91.90024509549583,114.96464215174174,110.80009373240082,106.05564964304136,92.0864683179288,68.29254805097685,41.173604482079476,4.544080722985399,-32.897368116776356,-60.43854419678485,-85.43933301514332,-99.9172278961316,-87.8608212968012,-67.26524585509733,-60.54852294028688,-51.17001932158919,-24.22356874927361,-3.554613179876018,-0.9854556661032632,4.0306872265865366,7.168330727211121,-4.893908637209623,-4.072966777359575,15.302325270766861,11.652214518360498,-8.888063795255274,-6.960248428632656,1.9226308357432167,-4.55607782340201,-7.022152358305067,-0.7152047650326896,-0.5288936333234169,-5.076255301416962,-10.11064390128681,-10.365511156993175,1.726894657246121,11.601596922595075,6.608982118513169,4.439605825449276,9.984629997628323,5.629983294279929,-0.09965200456845791,4.863408861609478,-3.4477287766485594,-26.219866920673542,-27.053859661933753,-16.5497930547701,-23.87875741687634,-13.811890166599431,28.77864630398918,45.1265626846205,25.218093778070894,18.9534186328399,23.923247112973357,13.419784626154128,0.0006535437324708404,-6.519265854357874,-9.97139395185388,-6.876288448689752,-8.866238123063036,-25.120524848044056,-38.28639870937941,-49.10278410494911,-64.45215653710973,-58.864073127956864,-40.88602101915047,-51.37096618162453,-91.58779879021209,-134.3184602652139,-15.447142126757143,445.3815470519368,818.705779552929,415.2250575910215,-365.4734131940661,-516.0344550802361,-161.58241599192675,-51.61631820222154,-114.93831782172879,-31.222096667281182,25.21591242617724,-17.620468429405207,0.13700288187662046,39.19584107489947,32.888492346571105,31.1159293373597,10.458711906790057,-42.80760601952385,-55.948369829760274,-26.900865562756834,-8.91866197435282,-10.024084621496943,-27.051140209847446,-45.99217800452531,-36.715552724711095,-17.952168441539357,-21.9025547635535,-19.55518904779437,14.794337503883263,50.2661378758671,67.6679937906465,88.04188127147498,117.86616504257958,132.1788354264321,116.31189657514454,82.43349739088161,40.06339558483068,-6.837505530772889,-43.93102245442537,-69.16527100287382,-86.59069743012458,-81.24478428661814,-64.10253789913352,-64.04186292766433,-57.305594774762724,-28.89418639177927,-20.54696830138049,-26.85681501797285,-6.369193478453244,15.89370502355034,10.870609531287146,2.9850682106269186,1.578806157007774,-1.3795835142926318,1.923353171875883,7.312078768155679,4.154325772593217,-0.7823439500542175,-2.4366490827848235,-5.693301511858591,-12.637880394652745,-15.759493539833581,-8.239515107912073,-3.2558431987627277,-10.92731253077614,-13.909172963759643,-3.3831723010320456,10.418071107168535,19.929143390093728,9.127084472069075,-19.185776602341384,-21.650946128956562,3.6381744513095104,6.525913820384478,-10.924679964370998,-11.043693955134291,-3.7106381338118037,-6.419144204782773,-9.137534161429786,-15.436064476130396,-23.50278355388394,-6.780431986686105,23.57653577974701,33.907209845731614,45.72306042305895,72.03501028128194,52.352347534779284,-21.956994567139297,-57.71501622409803,-29.43586817419388,-18.646833938484832,-41.80074826605417,-37.5398623813929,-15.66223163451904,-24.445651763747676,-39.727094008479796,-38.590590473405314,-42.55214259236688,-40.23571500818353,-31.26510995146152,-49.50079974024023,-89.19173540718027,-131.14788645137185,-34.03413514152763,404.9291907543371,793.9843461956059,415.4656144019725,-366.6005651667897,-524.0879750802696,-163.67665330174358,-42.34613625101493,-100.69851425360594,-35.09818248601371,-2.8517871338048195,-34.45608605682297,6.572432688431213,31.434626229642888,1.2989117687105498,14.665369333584325,33.583036105127505,4.739418255307171,-12.331466805025903,-0.8839611913136691,1.2169106219482675,-15.16207298764899,-41.50618751777591,-58.575778086765084,-53.55704753032896,-40.1582272361901,-23.94105995566256,0.8409665953422172,25.525725508344884,47.785473208452615,73.14346624320413,87.97149328165172,88.85594616123035,100.63036478066921,116.40275195120913,93.7076348276325,36.583510656609235,-9.334260211886853,-36.364685317169005,-64.80205780868337,-90.37452702060853,-96.74157884158132,-79.54634332352244,-50.36700034026479,-33.7777081947372,-32.447781087155185,-22.155329269926153,-5.322068943320353,0.5065886743256911,7.482303908024029,18.001580349238175,16.075970638378937,12.756263925191018,6.4189302248841145,-24.864484959735947,-49.04970647541786,-33.86867113519162,-17.636857959346717,-19.816635841174907,-14.607626050964912,-4.680298417477523,-0.19350482394180446,2.7011034258537805,-5.342841358615427,-17.087992818955616,-14.225448280965626,-10.06318815796382,-11.115077137517716,-4.3998643021128245,0.9653332041217837,-4.433397692217401,-15.625318785236963,-31.927242707710008,-34.79720259398002,-10.092571518888512,8.522123418754207,4.12229883836644,10.40195152589631,31.448797515592762,36.84725094241943,28.43797904444059,21.100213430448953,7.600938148124628,-10.334355267479973,-15.863894570806263,-11.475654399848665,-15.733631795481132,-30.61173923464284,-36.16001005356591,-29.22306621456009,-39.90645743006907,-61.647534737196594,-46.47357251916668,-20.809797817179415,-36.89294191062518,-70.59091682482898,-123.57690121289116,-92.7159993107391,300.4847386335189,774.5280641063202,506.64391356202077,-321.5749186023705,-581.028536930073,-194.07680104363175,-15.171198401680954,-100.31717998698858,-41.15070466222926,30.757118329227403,-16.314358668066575,-7.533349206704113,36.41604061887409,10.13342948295742,-6.3110760518500655,19.906826286100248,21.81615271056425,4.8438675537691775,1.4969208955192916,-4.682076069054977,-21.379555311922644,-25.672423705820474,-14.825096231113463,-5.566209760418562,3.9055611041284646,5.7490965174117505,-16.12144630057385,-22.07115102949699,21.095327774247345,62.38165677346586,72.00353511161117,89.99096972928707,118.4369142337585,117.83810049304795,85.05272245644142,41.270517861284276,-2.1386847067942547,-42.814184456038504,-79.85752931195,-98.97104980078959,-85.85722582381004,-60.51234992693512,-54.231803443897746,-58.24200514631447,-42.73399693705218,-14.595721797899259,-2.2790453602886025,-3.049848868541396,-2.049782583870247,-2.5419827394825205,-1.5542412963192849,4.899800302485055,5.7346507146442,5.019184688162233,8.499664494134079,-1.6197709994614211,-18.274313968863353,-13.14279475195275,3.8628700643143095,11.14373777151336,7.047229782157986,-9.343201003027373,-20.20003302535869,-3.3893718598821696,14.415998847070638,5.910949530232008,-5.799159714333628,-5.452587392622877,-5.87165941302162,-5.570991211048307,-0.2044173965027527,1.0895707506043957,-1.9837208234156956,-4.876072155972008,-10.61619452071668,-16.11913414139829,-15.060175718211218,-12.698395076175528,-12.654969297611178,-4.724390613431771,14.388766427944478,29.946176213912256,34.84187516842763,35.74319477900494,27.860139748841526,6.900500397113438,-9.405480604248526,-10.313563432946236,-4.162676267877953,-0.6327988457360663,-12.668459259793183,-30.871733250465965,-28.671992320378877,-31.157747602653124,-56.47076437293525,-55.410530862151205,-40.16304743486339,-64.68685878282025,-102.94362531484296,-120.97288018506995,24.48676987335307,499.84893970841597,829.9401737370304,336.81035613661174,-453.33644407547484,-522.5664936021328,-136.09357695513927,-55.693276701585944,-122.659403913182,-32.150960696401455,12.209529664740096,-27.43939073500006,5.456638249727569,41.26986568802398,18.476445148375255,6.503071276369117,3.1360257830163887,-7.290656500595357,0.020140282705570556,-1.0180915540593656,-28.135257956798934,-42.74007120970166,-37.45134966059843,-35.66255504784469,-30.384137640434147,-16.755785475266364,-13.973631915314929,-11.599438453973935,16.843994003097336,51.31462763446707,66.59416530199566,80.53137443887843,101.09660387609317,112.9732386887858,114.38737452852382,95.8811817847841,46.43673011348284,-6.638284279737951,-41.85551999240111,-71.03821903194044,-85.52566703533253,-71.71592654701503,-56.8162475603752,-55.29563265942682,-43.97782472922094,-24.162802708833752,-15.497450881004262,-10.771395230583922,-5.590611662044527,-8.4683623164244,-6.202801606000125,8.28519405463229,13.318564382699618,5.567556774338955,3.7785317095759856,8.107662161153023,6.059822132785799,-4.5799461445918155,-13.47449063821846,-12.758149317831517,-12.21561478092772,-14.565936692954649,-6.526486142448614,2.6862711338392367,1.4478984162631265,7.120897012156611,17.85654350334368,15.746849890128637,13.241891256822186,15.311329152026627,11.765401204575262,14.276015559828393,12.189707036370573,-20.631038548261476,-47.32914900000726,-28.697152923425907,-5.375352926112461,-14.61394917197424,-27.21726256079921,-17.488180128794813,-4.352180484975886,-5.399072092961331,-9.197342593463539,-3.9186461527160903,8.248636901048641,24.3906205219193,32.29566925629749,20.29043426223347,9.10111900317031,13.812488081080383,9.000771836338545,-12.501991478513569,-23.611818733245087,-21.025592382195065,-21.892884782835146,-29.241854608628515,-34.116246235897314,-28.335186526001724,-28.12767646650613,-48.863519059943926,-55.31232740937657,-38.2744913219414,-45.64864210735806,-72.5532250692409,-106.77705861781227,-98.18989546959371,201.34721817218414,716.7842206903077,695.16174503199,-55.99773811459019,-550.2283210900108,-309.22483473413945,-45.11662385763211,-99.0549371707541,-93.37925134563397,3.276608108116932,-4.654661104615208,-18.996413655189798,14.686399147920202,9.515422796866766,-2.8094681788488822,10.591228740722897,5.9192474090417235,-8.335506999847807,-12.74289553162685,-22.152884363487914,-29.09126625521715,-25.346898754368233,-24.34893924585664,-29.615546588043127,-33.846012309191096,-27.55040849967921,-6.766369605273628,16.446690132264646,35.31332964007841,56.311900892605195,75.35978062895244,88.31095453856122,105.36451561262488,120.27843017252205,109.83678967011626,74.69886831756745,31.265326794043105,-12.15210194664752,-39.06180914643857,-40.41513865746627,-38.15619948999917,-41.45441566212561,-42.20792449655241,-56.26545237586652,-76.08003942961318,-59.24243500202016,-26.209100541627265,-27.580605904604433,-37.94115764563019,-26.14612717799041,-17.508408148780667,-13.625153413960255,2.1717873798336473,8.6778392461853,-1.7003076201196663,-9.27829477534781,-14.127006292225811,-12.864438440829668,2.433042144391546,6.387726507635234,-9.407164617704607,-9.130500110791601,9.098824976305615,9.135940467813322,-6.050037131809999,-8.192927887202893,-1.2180246932331311,-1.7997601123456732,-4.245324300222199,2.110947338110361,10.173956069501982,8.319828628784398,0.9400171536040753,-1.763548382806972,-1.4355444083056503,-0.6463389812708251,3.2947979418114985,5.237923686067547,0.8826411206805007,-6.284439105941358,-18.802850723026346,-30.46498807967054,-24.761766497468663,-15.18958263629497,-18.227217560096566,-7.042464128129026,25.253137327499516,38.25634033616987,26.391382159842703,16.59416393531517,8.730534186987345,1.4055770730094217,0.6605335586302545,-5.7561671718398895,-19.29455086221382,-30.030593473017607,-37.67562794637836,-32.10665376484343,-22.313675122875306,-34.022668968131036,-41.45176543008769,-33.45797708560837,-49.50986231626571,-80.18882445917912,-118.84803382075535,-93.95070257242367,248.84779092728985,741.2342797496925,609.914443719023,-160.92570806623473,-536.5498242291197,-242.6699832207114,-46.15137619972022,-123.52576095367525,-74.78983082345376,22.901083523534993,-8.282396604480525,-3.7998987865838156,41.98024327355215,-6.9504059486691006,-54.568441287805044,-23.305624982623872,-12.226653036869543,-32.04972527259348,-22.408401608251175,-15.707448738392252,-35.2269875771638,-40.06653772715465,-28.412521663711754,-25.58632276994514,-23.98444692311487,-17.47733958733359,-10.154502500097069,11.79979850290833,48.597810769245925,75.0508560851128,88.64428508213172,101.30342759951097,105.22528693577307,102.83579466284812,101.15741645492704,74.00602851942057,18.553912333300264,-25.652600686376736,-57.85479011438781,-88.56569216213238,-89.65902037744044,-73.46414039271885,-74.74612821255322,-64.9573465813706,-33.513785728656174,-20.04951681651388,-14.298982101144517,2.807210396176437,0.13312371862008732,-16.724414041769418,-13.24459005868161,-6.541191801298702,-12.411424242570401,-9.580687741651225,1.5858330633372795,3.653469507664795,-2.51740022869998,-7.827562498051831,-2.0485837401883504,9.641966978331025,3.5270208562124665,-10.744784444297022,-1.9647397510401543,12.141434323524985,6.018497542393263,3.571176809064395,12.134712849055536,5.7502771703638285,-3.1285832773480697,6.82461250562322,9.127102249453099,-13.271347040979096,-33.116557422181245,-32.830439827162714,-24.23841160810861,-19.047125364440802,-17.625524393653727,-16.891324785384608,-11.164855344588432,8.633081208970083,34.40583652734122,39.89565798101871,28.98747811024525,27.437334731916053,20.852934835345195,-6.05171492898374,-17.291907526726124,-1.8101915194265388,-3.3861627134908048,-35.98816919204292,-66.15948520063881,-67.34174911144038,-51.20557814477482,-46.53062837823977,-43.18318774146996,-25.973774185379256,-26.474732286934255,-58.36428670397316,-115.56679209312291,-109.09188654262185,215.33799744095964,713.0183860264779,606.3751534518125,-181.98449266176527,-591.8631165615766,-272.03656525575514,-30.711406083057796,-104.15277706663414,-60.758307739267536,36.3260037794251,-10.906755261919571,-23.173014863014025,27.192787978566642,8.161857689164771,-5.723355528527434,22.77146587920499,5.336363207160954,-19.671549864331958,1.840156965259153,3.4192196756782005,-30.136285758346332,-39.31591929779429,-27.974928133707525,-30.956713702208237,-34.37235711787216,-17.21125265389375,9.26671714415477,31.327649512014943,52.12776550160706,73.30938966248698,89.19207172727363,106.69855327435852,134.46589893589942,148.00452141364082,118.70153564940438,63.99001265689419,11.380398995104917,-40.88870075578327,-86.04840106600682,-101.98966827911843,-94.438754132588,-84.58694357812277,-70.90327769094127,-45.43489469342272,-23.01609257468833,-21.325819208276037,-25.815252129488748,-10.93027261112741,13.238536980552333,19.19899581157905,12.504361685073238,19.80641143504323,34.0015080941655,15.48135531714281,-31.662132129128494,-47.83673383946248,-24.915587122373125,-17.529569529722643,-23.65594547620595,-5.2217338554976855,10.584885715180006,-0.43505909125592623,-1.3820041674157784,11.579669015710433,6.521479389158616,-3.461880403788224,-1.6287527905080452,-3.703619295779375,-4.091264261145386,5.453621068594573,2.8144824803773405,-6.315020347227415,3.2002824197598003,8.521318962570811,-10.126288726034034,-19.55448220594136,-8.325100804904105,-5.937431784730723,-12.091578761262692,-8.973642097994045,-10.833576889885382,-27.247825916170243,-31.85297559790005,-10.173333020193919,15.184150484866704,26.855731277333284,33.95461650574138,40.154948682534176,32.47869094327319,13.260835122698868,0.7372127007743807,-6.104186999077718,-14.132979324500809,-11.632579010605868,-3.97637336087626,-12.682748673693293,-28.36634126303145,-35.82684395440297,-40.319035706026284,-44.12879958465031,-53.25919357393593,-74.81104192205422,-121.81626848789385,-158.5938012627956,49.10843686516955,568.6312818963311,762.2545390480693,152.9965652956742,-502.5270183159113,-413.29086781394244,-67.45229998006737,-56.5018508447785,-104.47857222540429,-10.30342278704073,15.028666132300756,-18.415373110481845,5.549558940052551,20.17692668549999,8.297936052747334,17.23961128200013,22.33304774710934,21.760528900661363,31.647784274155903,12.00253691825845,-41.02109558607454,-68.36940411861477,-55.15282612968319,-39.49657469892075,-35.6110731029102,-29.891585214340125,-20.04269053627005,-6.683918279087174,17.129340136696932,47.37995324097248,75.20402080948101,96.06326868787215,103.97312896019804,107.70060146499763,114.67562012452792,95.584539084798,38.25834205872434,-14.009533386887544,-40.537723045714905,-64.23878877692202,-81.15276263678291,-73.40327508938873,-58.59938891980383,-53.56492261043368,-46.245472877224806,-31.144036079150986,-17.915185479472253,-8.584890747028005,-0.6972356112540172,2.991493348826097,1.369273738087422,-1.0987708908728466,1.5455742277001736,8.650438589615058,9.339378659183549,0.5774658225425684,-2.2809627236703487,6.796704399347856,12.383860253708763,5.820286078730582,-6.038741975548879,-12.598191184265644,-4.775960622560395,7.218264047412933,2.8457325693070765,-6.615028976364883,-2.3689572198340496,-1.2196662530020648,-10.657709402378913,-9.349513974327381,-1.693282718790095,-4.994382124751503,-6.824059446942106,-0.3186891641224179,-0.792437958833748,-6.041345756678533,-3.088941144348974,-0.5749054313623478,-10.838735274612883,-23.649088719498934,-24.741554335697693,-19.939777592764013,-16.125207222475222,-2.602938484836717,19.118382435713457,27.68077488829202,26.296837578890198,33.23793822534009,35.46431564582275,23.65240962426897,18.151265993331442,9.432401739025979,-20.962881501478332,-34.20066431613522,-16.115273365377636,-18.326116700988447,-40.0425648170731,-42.19326614320519,-38.73565936817201,-34.346486211846845,-20.05391096601022,-33.81570903639522,-97.84188188666616,-173.0735140148214,-88.17824682716588,348.5078438362706,764.0792556505339,447.34563326702676,-322.0227946347632,-530.6755962256464,-183.22339899524485,-37.074265083334794,-104.51326170306177,-42.27149573241269,19.519916600174774,-16.14461690841909,-3.143612111819058,30.040949668472784,11.289301892219328,3.1211266096519044,9.972846884501381,-1.5716748286178461,-6.832914752326157,-4.358330520098064,-8.670459165704905,-13.244360318606365,-27.091301856337978,-42.107799346507456,-27.862253586189617,-5.594495807202932,-10.247835908056565,-14.437609049605104,7.565725735311723,31.423121332376258,53.2102225724309,89.73695048848154,113.36876123356686,106.34873317802138,106.64484310996639,109.05645747396585,60.27015933333324,-12.575498014120129,-41.66195155267282,-48.52477128490497,-74.29052605635158,-85.2673354402613,-61.27300618087121,-44.16963875831825,-48.022005173415266,-41.27446324102875,-18.604930099861242,-6.075273900423351,-8.695771104321164,-4.019097833160072,11.20575574980294,10.156924665288638,-8.846314170623039,-12.962560951539,-0.4299057281515104,-1.2807349277208626,-12.844666554029898,-10.282680105252226,2.1483112535525493,7.698205339629958,8.411146168592154,8.600448377505987,5.345652890231909,4.441912991958395,12.770779109162266,24.265296967850666,32.36424105670889,29.546970641478232,3.797166037288637,-29.10911278073351,-35.5665854142367,-24.930551529838507,-26.53387233680543,-28.21595353594708,-14.64067882277445,-7.2957434793687685,-14.9603268360632,-14.716641199537234,-1.0828667819342144,3.132487177902213,-9.386838741283627,-18.917711313996058,-19.738176121705962,-21.71281486993973,-11.033957324559742,16.588967509465164,27.074096980913495,23.96952426909899,41.12887206570433,46.94124989000716,13.565258712675147,-7.136813736504336,-1.7413012023895185,-14.35509846871421,-33.87353682737848,-36.60810943854497,-39.61846223814898,-43.66972070964633,-46.604724178461005,-51.04969146741271,-43.36012319090112,-46.60113344633694,-78.10996472221228,-112.7394044576038,-126.22980536591056,58.184878053790044,544.580579064633,762.4806180457463,188.11653261880184,-482.81567553148216,-424.28376231883175,-83.52414773257712,-59.17213092561626,-90.38283296794897,2.4099147456226078,5.64087451715146,-29.63649120505981,16.50627703866057,26.75776556240746,-11.946079128177475,-6.294864296809333,3.961183469480387,-12.871978357556909,-10.682846360910071,-2.9264080228555196,-18.078850875369145,-27.11417337899229,-23.102810124551766,-31.32920570418397,-36.43905881301825,-15.435539442112198,5.395342896589739,11.048063251831909,32.41197791041528,71.47483864271675,98.30369327582716,119.09488240343762,141.37743514482028,132.20105687484454,85.33321981299552,38.399772690216665,4.334309867542573,-28.97328025866623,-60.27248030597673,-83.10579481815712,-90.73036548260912,-79.21945514713741,-64.63467142602514,-58.83788328473308,-49.54613133837821,-34.78594219620237,-25.539066284770023,-16.831527207576098,-4.077336780892047,4.927287060933411,10.405981391833876,12.240035637274527,0.2369300939873682,-18.143588984968265,-19.799065745228216,-8.063229796954992,-5.255276142789908,-8.69023612285153,-5.525509530564518,-3.1394163826135575,-2.87279797800657,2.0546863902273245,-1.5049874632330358,-12.406264779174709,-6.768545267332815,3.3434570683906877,-1.9122753432667245,-0.4691338269000429,10.610074568494278,8.176071077550958,6.544385087849555,11.79376987928995,-3.8409895037840727,-24.505409479669446,-21.9217857082839,-22.60762675585452,-35.25835777876499,-28.94404151413748,-10.590289519317576,-0.10020192956199914,13.964596027568128,28.31809981780417,28.526163430052318,26.415403530628986,24.92707975751899,8.420980002819634,-15.353198582279784,-25.149363659717437,-17.190136776954358,-7.96348949501861,-19.71671213763255,-36.93750311745865,-25.54955995270977,-15.628758497422591,-36.571247525648715,-40.92564100556791,-29.52347995794164,-52.625621798592405,-94.62412292871998,-134.62366078325354,-35.751270545929174,405.5116103261823,772.4269389036065,352.5524776724294,-415.8368690917125,-502.6611169424152,-118.15253641208989,-32.16699755392834,-93.85345354990034,-0.5358673912011938,20.058887692683705,-43.407532991084494,-3.700977423940194,32.79958267016137,5.771184014410785,14.172850107105013,12.24271586824517,-27.171950110690105,-23.211800663618234,-12.795535649695537,-44.33774127764347,-51.73815035478497,-32.77114751605157,-39.515767605449085,-42.65614193212152,-19.249810398215097,-3.531261386542124,2.3398481661664405,21.24613359312045,52.00323255751551,81.09234055097386,99.5207659720473,119.99350547660919,150.41908360872318,147.93101677259273,91.66895811355383,36.285501855231146,2.278003283764404,-46.92293053574789,-93.59158250113404,-97.39702596255347,-83.11430020183163,-76.5785953592594,-59.961653007978825,-35.4460462466146,-27.066900197506406,-29.272064495873913,-21.552625858076336,-7.056806379503428,-2.127057309704478,-4.637255876000117,-0.98904672268376,4.1029072314567765,2.1886808663328283,3.688014652565581,8.677804133150032,1.8891895932353249,-8.463861128636895,-5.306633470004913,3.039666314312628,5.589950740884683,5.888065563499657,5.523724305848523,3.1752185063208893,0.3347566866112314,0.01929345929000581,5.422001946723368,11.41874030140961,11.082982033037002,9.944875572852768,9.07036853023512,0.7447722942210122,-7.07212001740297,-4.44877739285704,-0.05064179611531783,0.7176388483337544,2.0719641132194937,7.372799150468923,18.797896433625166,15.656523225904813,-28.00846088974476,-71.50575170917347,-49.1129929981757,8.82405129714315,22.372682291205276,1.9290892295735684,6.919483919663087,21.487052836379423,6.249247676523774,-10.868419950076232,-8.422051957350341,-11.476347576975606,-14.343457292549363,-9.403864320172895,-23.219630323305445,-35.832811293829195,-25.921554372576892,-35.786424156166035,-57.289401635193855,-51.14342003948972,-50.82161551973728,-83.46145340331614,-136.4557855179715,-80.14543552147784,321.24576396909475,779.8548732864751,526.0462624730487,-274.9559535521627,-555.0578872423534,-208.39109307391993,-29.247246401903496,-99.48034474709775,-48.138241364782246,19.146943498313746,-21.04378814137924,-21.111482995648128,15.37925670243784,11.49365829281782,10.840084850307075,14.757465366009695,1.412158060459019,2.2009426080827756,3.2715114190175534,-19.001094071767294,-30.531362352316638,-24.026019813259417,-28.333614132533533,-36.97282357961714,-26.418328797300134,-0.8827245801494854,14.939455102363933,16.17254155088849,34.9623541461723,78.30804248330949,100.47018067081612,95.49591665185423,109.060943205124,127.08311708606703,97.28203362703154,39.25568528750199,-0.6787463449061537,-30.43524171477425,-62.57949237498688,-78.02550014538035,-71.81258098594668,-62.22337863012091,-55.151009697278575,-39.47991917775256,-16.31673613235172,-6.125518756544691,-10.485799314552159,-6.269628464157053,4.74405904110767,6.938246388188466,14.946813873077343,26.165901660374875,3.0156140577630843,-37.22257591682752,-38.17163386239454,-14.816913870525347,-12.599956849488052,-18.723777017299,-14.716311099305383,-11.48360509076462,-4.393567234828671,6.01452490947225,0.17712832312850324,-7.936294224266145,-0.2594383372875022,-0.9742868534241467,-11.79385152406668,-3.8873559253744157,7.325287077175215,0.15357325126867405,0.08414920262211378,12.38347934055836,9.753156770242631,0.011935708274732448,0.2034031045453748,-4.1284978620977135,-14.336573475123036,-14.838734254096615,-10.587619210002913,-6.413302223120206,-1.3281072094721935,-12.569430217267048,-37.906538091267905,-38.844782028802605,-6.715815523239125,23.5520468433142,31.350048271984708,29.126416851648532,35.79872154266122,42.686049160687,23.287187507913853,-3.8721625093982635,0.17254797384727838,9.82241324369905,-9.579452886966198,-31.19315149853932,-35.14115669487954,-34.161475145903395,-39.789730628296965,-62.105508886834656,-75.24617485424226,-54.57403007838951,-47.24951445680625,-77.36011767475783,-119.45143031683705,-90.8215309897428,233.9910845767771,731.2301924574824,650.7010272511803,-124.02295013683035,-559.5597155309337,-262.0087878292522,-22.18538447477752,-106.47743499962311,-73.00878732185056,35.009438787122214,-13.504191006382008,-43.86081062180594,16.918525516560337,25.297946263104134,12.143701695551046,30.991423281612988,11.292683004488275,-32.59520864019103,-37.00743269017077,-30.85949591338251,-39.312674945412255,-38.08798583702368,-33.32984269966124,-42.16575443951824,-46.73544669123102,-31.60507170193854,-6.248082639022257,18.217771025910217,39.747726410053644,61.31698996606181,85.81662485047319,111.37585773266154,127.72378933383712,121.09658694576255,94.71659349084686,62.86400835066183,21.386210032091583,-28.53014276323113,-60.277650798431964,-72.84523797385448,-85.14597215147495,-79.71006258188612,-49.55854682341112,-33.674345567624556,-36.63139126634766,-25.809684093314893,-10.999324239315907,-11.988392266242464,-6.717371495673795,11.750463108755973,15.050780859508734,2.2822057747299365,-1.5587461572159356,0.39050988692015665,-7.0860604212500515,-11.131709184787614,-3.50351157166223,-5.0045635699421815,-14.717641215055789,-8.951304835912673,2.1010491075293505,3.9048388354767547,10.334685691733284,10.416251527354937,-9.832836394382372,-13.27420503482649,10.85125098188999,19.053345481323742,9.932449471984663,12.074955879500202,13.213020611042882,0.36468954243770213,-10.76847380367798,-14.184560003101701,-16.498483257346543,-19.797047272144127,-20.510231167389385,-11.099274064266496,3.601745105141121,4.282274812985102,-10.460276614373667,-16.79182138348204,-4.906177365447152,0.7695725345495621,-15.946181896549785,-27.677039250440327,-7.515160624268598,26.942417616171287,43.82978340733751,40.03077420695034,43.98999316273337,64.3416283846207,49.3034083349002,-20.518015705491454,-63.685193442529915,-42.618745193765875,-30.907972756721886,-53.27139214035975,-55.72163825956732,-38.645343883093474,-44.69598122752537,-61.80214688444228,-54.77621333839429,-44.7908370412652,-59.86137574684695,-80.99439291728669,-118.86001796117044,-91.50552233362254,265.4162025718315,761.0459050632553,608.6638108557916,-190.2805181077836,-569.9164575053389,-247.50625314183958,-23.337196633598456,-99.62301421710819,-61.44687919604826,27.44367021240744,-18.375239330027945,-30.213956553059468,24.82796104414816,16.875010354411316,-5.755284818911459,3.3660383185647325,-8.50947977601351,-19.74650591298071,-6.942757782557802,-10.075425005422769,-20.16999981765718,-16.138890991424923,-24.897952294325123,-38.26982107336111,-26.492132117126623,-11.093099637921283,-3.0700206704837747,25.70783261293786,63.43249643776698,72.63759801482716,67.15833886795251,82.94172949304075,110.60698799969614,113.00854107423606,85.28665848400402,53.454008766358776,19.973678658409014,-27.837344232759783,-66.37575818808102,-72.83024145889172,-71.80332437246187,-77.75482981707775,-71.13201884100701,-54.9052586603501,-44.34831131994542,-31.045471385559516,-14.56994223658971,-5.858135737802055,2.110416380073797,10.5076702009931,7.4421195032551015,2.802078260525109,12.163546705199,22.39096257086515,10.990269491540616,-19.26699979979051,-37.845119524864415,-28.024483399074136,-17.074622046361934,-24.324481834403485,-24.19781377366165,-6.6361365521955875,2.91154713203294,0.8882450581127586,2.3430489917793658,3.9670244166898705,2.0435101851561903,1.6784557132995719,-2.1064702189716247,-12.096230430166855,-14.729687150236956,-3.1766711621159374,4.203983391161646,-10.257731020071875,-27.314680177462975,-18.20010513602358,-2.111638234860422,-13.783353293068918,-34.13444251784503,-25.917219692475467,2.5599147887173026,23.995749217237474,30.62848720920896,27.07514902558117,24.232219338091134,27.596248686304964,23.0372786079859,2.1857336212943554,-15.783775576982467,-13.943524790300025,-7.6999734058843785,-19.391950262624626,-33.79677791491406,-27.747578645448552,-24.475269009865105,-41.077778006762664,-55.478168124399026,-68.81496374980472,-77.68812624814129,-83.45717803470758,-125.78296015150298,-20.853424341844317,457.77680613796537,790.4844056260479,290.49176251371375,-461.78886156672394,-489.7550414257354,-117.22944083452231,-51.062459092949524,-101.36112755920504,-10.361406219584836,22.552195327446654,-16.815617338596027,3.642385803443392,22.49850743645307,8.750774262900913,11.854865316158037,13.497253939676595,6.0863161505701235,4.776557347717991,-3.833262731833778,-11.2404712880407,-5.099919960326803,0.4568223228651407,-1.540906414930724,-22.010058206260858,-58.23953319903036,-60.953010958544795,-15.364771605733425,25.429404181691503,42.76061818276643,68.74857206139151,103.0454974152715,121.5008670347066,127.8573746858815,123.60064855758245,89.13203958443715,32.280615473942184,-15.97499008493974,-50.14690597306818,-72.85710499380552,-76.89351745829237,-74.29065864212868,-75.79919289761781,-65.38208886025598,-44.29725689015412,-31.200678731999368,-18.904130502765607,-4.3091306149068345,-5.172659812030062,-12.051990020914214,-4.479984465714466,5.615021650805575,6.317883695932732,4.019347615466156,-0.03612134127442346,-0.7264525994880886,8.405888668678294,16.045144671818125,15.770530900799791,8.928691768024283,-10.296868545875096,-22.79631535890171,-4.22720091151457,16.013544823293298,11.658266440349255,7.890722971051632,9.142334384940929,-2.270429071491818,-10.460675887078462,-10.28179616439528,-17.75954742982787,-16.77843700187769,-2.3633079296312545,-2.4620939536599877,-5.278184372961234,8.364706271426076,4.544213801724805,-19.714389682296215,-17.558325466137468,0.26900617514371383,-4.812472343658316,-9.622229933580101,1.0685022730112612,-6.344197016973743,-24.686949567777603,-17.581394051784798,2.6291884354955446,16.994101129678768,32.12992542341425,37.43072224024647,28.771382045151483,26.358723386171054,22.491721140104772,3.6854051549039473,-10.874122763226971,-19.452944815279796,-32.071550802310256,-29.744392295284793,-15.584138155818847,-16.885220342612236,-26.3900195792625,-33.42540298198501,-40.10341314168413,-35.59604989981002,-29.000428475359705,-43.7735832724849,-103.90658288890987,-174.09003232452125,7.202292654224294,544.2368919336634,781.4100304798841,183.2534918564083,-501.51012642993123,-436.4203883912746,-89.74490624006975,-66.16028400874428,-98.11887901449245,2.3302842901970635,16.08601454003886,-21.93902641105791,13.489990450265678,26.53454800598591,3.976827521059204,19.223688119726273,21.887241357979626,-13.596595905562369,-24.65542384682128,-11.615360414242902,-14.799194564885608,-26.817223504561547,-29.612428902552228,-28.548879885824938,-30.32493753993735,-29.966491662731087,-19.75950141220221,1.5674208721939262,27.241882789876236,46.80793278582978,61.667018681456085,86.87718964385444,118.98697012715954,130.4678970871237,110.81391400894209,75.8581007278996,37.58139651173535,-3.3056454467518046,-42.63446268971549,-68.06033916770684,-72.28150557510551,-66.67539046784715,-65.34184092127296,-60.73497804588777,-40.554733762781936,-19.529126615856963,-20.415430363791813,-27.507954977095732,-9.35665204926799,14.00460350500491,6.503820703242392,-5.135332599231983,7.886614279628358,12.992560579522467,1.6692336476070722,5.847481919735213,11.20380068745048,-0.15722921399623946,2.427216702737211,19.748011449222577,25.66783679532221,27.587311671876556,16.94579797682106,-23.411036988892256,-50.29704811104534,-37.069389798455546,-26.864531150761373,-30.68113662308323,-18.059912553602395,-1.8172809443943638,-5.906422841255463,-9.667283347873596,3.8355567679945057,9.72006045088796,-7.121989922162503,-14.607578854431491,4.438096826390893,14.83017105697105,6.163151276457461,7.731502594996204,12.488695080436088,4.488367118367892,1.913493018849219,0.5311784596188982,-12.983763351073069,-16.420687122571834,-11.68130026476793,-24.11189412114656,-34.92335898210122,-21.627461568774397,-0.10871974289734343,14.160035240127016,18.54258468931024,19.519346173915295,22.92162764762324,12.08390096700964,-10.779178339211848,-15.076308388827751,-12.98924841936702,-23.942116965958547,-21.611596415311546,-14.640953710795312,-33.71326350365192,-49.2287806650985,-45.39687619894157,-47.81100846822033,-48.73935091654988,-44.09000303931443,-63.36949435092376,-121.27829517935439,-122.07112689460318,180.00130995127694,694.552800723947,701.7337439112433,-20.584524331241695,-538.2936370478607,-320.85646131495355,-37.479271931848814,-78.39228274478786,-83.30033489609806,8.53798652861014,-4.5412367566436345,-32.07922573572617,1.6339257885951266,11.166751788205765,5.38207819073219,11.467940258251282,5.246697786889679,6.404657735680423,15.381510543497086,5.022127166610142,-1.9454475370131512,-1.3503442998304127,-26.631588565549897,-59.79283742115024,-59.849813203940386,-31.979323603870533,-7.201721523841206,-2.5528716813872903,2.446682801705089,37.174203568453656,79.2590698244829,97.2305495520334,112.17067695120288,129.2661240617459,113.09234324596142,73.53655492243014,42.869837846956955,3.722752392556991,-49.051988452142204,-76.34438732815536,-77.7484913767413,-85.63602300151267,-88.9996381028864,-66.78240424254706,-41.58903410636376,-33.20439047248725,-27.403356143958653,-15.333436732727264,-3.150638788586784,6.151760423654711,7.192389865775883,0.6428649628975123,1.346807947398604,8.923837037017735,8.218692866020403,1.6965467616825105,-2.863829190884317,-8.335518355214228,-10.06380801228277,-3.235857191188794,1.5815798296391836,-1.2549338026817516,-4.82764725466015,-7.381091200219711,-10.677052239262853,-9.370696290168974,-0.4392170883725184,7.22271311593224,6.477366611975217,3.2195365400113354,3.1242119676878817,3.982244001360378,2.3107147989328443,-4.708891390370084,-11.455602087765792,-7.168075557443798,1.0776896269184721,1.7250561609592032,3.6297565746862035,10.523191856416291,7.580230374934895,-9.344747859409326,-26.61710369727389,-29.597151680875765,-18.16632761480421,-10.430102970242974,-17.78759666164145,-30.514893627716916,-31.094658244131804,-4.018526434443038,35.75854411937571,41.39189722415108,14.316109893998476,7.052474321028672,18.587721824578633,14.349503300440102,9.61109932741202,13.389289557970493,1.6397238576053583,-12.066409358168894,-10.197174087985008,-9.976630858492008,-10.36865199658399,-17.887154853968255,-55.453729298152105,-93.46723166255771,-102.82363316486645,-100.47569364667567,-113.75775212199304,-146.20051864376467,-0.9401300776555956,491.72460363308375,790.6308814827548,268.3242856541096,-458.3708239634095,-460.457618823807,-100.99657053018107,-53.06224901176053,-101.2944363210137,-12.901789511527028,7.846613463818784,-29.305725918638,3.5551588053467436,22.366075367552433,-1.2684051479678349,3.6607272191082556,19.4903629511619,12.717277857386915,-9.141995342143264,-34.706475205209024,-37.3015978031929,-13.235626657003165,-3.7722595702842474,-22.101634415821042,-31.536164607894612,-15.237182514120022,-2.1676134025622,-3.2918157472346667,8.194618048161242,38.01049435331114,70.90011504201456,99.68761904379093,111.50626768062116,112.43282541600692,120.62455900213178,100.41461917601885,28.727016202892493,-30.57561304500365,-44.035227237446165,-57.65321320628767,-78.53917242444844,-72.20054327962701,-53.337942362646594,-55.00671011540878,-60.6923478741345,-44.416543062158375,-25.64131405508351,-21.351853257016476,-8.035181488044078,10.080602885160806,0.4386564544268303,-9.05665152976083,15.875190877790942,29.510551094544823,5.540002528845861,-9.248522740022569,-0.17444573238416883,7.411329330946825,11.480193615112007,8.501321503955959,-5.741376549739837,-6.671703030034655,10.694025363548185,15.525649892573654,-4.648720151735304,-32.879688123046144,-43.08926053140009,-25.529279797202136,-10.91629007384007,-23.050374634411284,-31.551226917396722,-11.867924754674817,8.716704557765492,5.5230957606328674,-4.5548432572707025,1.3642085113444669,12.77573674246543,4.466585137119889,-15.153201028662629,-15.60626115512678,-4.599812834183156,-15.774185132370791,-36.47156323127909,-24.427561420964253,9.808579079321891,22.801186193395083,16.642818104705995,18.46067667065197,27.34982077025324,28.57892737863856,14.520522619997642,-8.26716113503564,-18.97866883431447,-15.82472742089826,-20.61148032457814,-34.783442846561826,-38.628208140281366,-34.219644192758075,-42.30258162111398,-50.58596057068533,-37.95535988927202,-39.514166734871516,-66.28564980278387,-84.38568373893995,-111.76125882291956,-10.821672231351698,434.8134393962128,780.8619937739462,338.14185589469866,-412.0773296189404,-489.8582597181399,-129.00243437226263,-39.25379141087814,-87.10202209569617,-10.339813872499644,16.2380712073238,-19.672431395003272,8.313897765959544,25.220034032763223,2.4452227014243997,10.144860108178214,20.098518719214596,8.456857778941073,7.588060174628245,2.531748822403912,-19.880693639665672,-31.87530262203108,-31.12827881701831,-32.19710943952289,-27.067639757161704,-8.870483619868747,6.01258975910525,10.078878784243258,33.19902678582547,78.81159258381817,85.71841882411816,52.23635768187172,65.83636435064642,120.11778131433644,117.56701528128326,65.78152000895409,30.96206922062096,-1.7678040151721008,-44.10043368555758,-62.36574238338243,-69.00110748656375,-82.85235861147197,-76.85752093698872,-53.25071317600326,-40.09665267350574,-30.70688604019569,-15.726116550493813,-3.073982224214971,3.67896746414101,4.246365411420066,8.821158576705265,17.303059723370723,1.8125494214702051,-25.704693327793365,-19.943225343667045,1.786302791292278,2.428291029652147,-1.6181581893963788,-1.6308724636345673,-9.835525084149442,-10.910895416378006,0.04868002304018937,1.2597986564834862,-5.848322993433402,-7.416217439572,-4.511686711979172,3.347587423895936,12.406294092871434,9.766855559018156,2.0692187768649974,4.3869165807935,7.770974924637449,4.4490212301498735,6.237124285169987,8.963121530457306,-0.4578715241644371,-7.291172817744407,-3.032151285238389,-7.348503733559653,-17.486907380589795,-12.71629857534333,-1.360664903102784,3.757199626291772,4.915757608621533,-7.665238715819589,-33.933149853085794,-41.70773692980799,-18.426780175788892,5.2973838902271,8.308822959593456,9.81558675399744,29.602578635037624,44.656396344078416,25.472932666224168,-4.546241229908565,-9.887804703089557,-4.188264390820079,-6.266234591156039,-2.5181279074085348,2.1245611206750032,-28.01050537062153,-84.0291424672645,-96.17921896947185,-57.35211854603562,-53.533267154406786,-90.76494148133612,-114.55698925213663,-130.92510213242696,27.740286780249278,522.6449397667695,801.8094932861326,262.1258922155539,-449.80601728217005,-435.5916223714855,-87.09463365364871,-55.54309251028038,-107.83761721074393,-20.12627442251157,-4.859289528604847,-44.89685946685877,-1.952652079321476,29.224170569618785,5.4310743624174,4.0268761499830035,12.699047505183835,1.2550235605083264,-5.8590650301241,-5.270554571826492,-11.079003943654829,-22.98412560110831,-32.26773497558245,-31.322627296290726,-25.47522850163151,-18.521764181076147,-6.0280076578310045,6.24179175631609,19.606785946430442,44.37172060912608,69.11875188199811,86.84820202674517,109.65970637915706,125.50329368203165,115.7019983666871,89.13669425070196,50.917296707886905,5.268876027543721,-28.182178043271755,-51.934990873101164,-74.87982788445017,-76.95721039570233,-58.60520546562209,-48.73894834863407,-48.77088005891656,-46.49016905950603,-38.71861558713107,-17.650343185113243,4.1554396979552575,2.1856671434782378,-8.201441803565517,-5.94360578724439,-3.1470318596291325,-0.6630158997375197,7.816270704222479,3.477187702813615,-10.32020801025632,-6.4426960839338845,0.04926759495090316,-11.12767216708253,-9.851470982835572,12.86128974471357,14.500185925727038,-6.748980672196986,-4.623966095014475,22.04356199925255,34.75794510749793,26.441731169351147,8.377501955898918,-16.574022958887422,-28.518285226265498,-15.599986231354992,-10.649242437348768,-24.740952391168676,-19.67532239647589,-0.9129081503264551,-12.49270016246146,-32.60794977095975,-18.534478574907315,-1.5140568043399956,-11.01275567743574,-14.474785172199223,-5.1266742821100415,-9.199133544724877,-12.780652849833448,-8.424235943599127,-22.81206346466101,-34.89748739119883,-8.898801175658495,22.91955895256721,33.8089185778227,42.4278370489471,38.116984655559364,10.629843421002262,-2.917428883708828,0.361662763103892,-13.632420394372527,-27.327188035610085,-19.682031303037498,-23.02606654148227,-36.790781080447964,-29.404784796984828,-25.679299853503064,-38.84300262842971,-37.86774901290066,-44.46439132319483,-74.95150426747205,-103.57948898422268,-116.33502568898562,64.63366964597745,548.9033068076386,761.618281927558,182.77153467557804,-485.5391858387545,-422.3522559494845,-78.5804687054175,-58.58746696694824,-104.16422939913076,-11.902108507212589,10.075089700674837,-28.327105709536298,-4.373038234841804,17.76018606441585,7.834165488876227,7.706577458873353,7.126063639024325,3.813496004224411,2.2658238666115755,-12.22667494397642,-19.275294056770285,-5.4342979918919125,-4.885071300084391,-21.938521436302082,-21.441004460056796,-5.702314760281324,-0.7516150307854286,9.187607060578458,42.93193754138596,63.57494590875207,50.26504271337945,48.18173652751358,75.2941862714688,96.64250539151655,100.16371436645419,83.58996445348878,35.840902038813454,-16.798553038471187,-48.63227857481943,-72.71714544304278,-83.42139736531398,-72.27164932644945,-65.69515951747886,-59.9589389250454,-34.142236900904926,-18.67269709679258,-26.8606561719799,-21.91497160875462,-4.263210951823687,1.776125872393715,5.88127228152737,11.15719256528665,7.37418885184225,5.366284489747859,6.015986101336839,-3.810231062683849,-10.505015661315792,-2.2501349219072058,-1.3638854558989326,-16.905921677325452,-21.885343585072235,-5.3509586664133835,7.369586908077869,4.081171574107815,3.102464861010337,5.894954200435576,-6.341279669290255,-21.115892602651275,-13.968341089218672,-2.108502140285051,-2.7292371183004356,2.3811798097720906,8.857461233568447,-1.574034428393448,-3.526720987139335,9.930982464132363,0.23551803446845554,-20.09358777476266,-13.927827289159882,-5.440860349115505,-10.281236094893828,-10.073618508506751,-23.373224079126416,-48.82376695080027,-34.018462684948545,8.915741653965323,19.24488319046182,10.38840599044606,28.319282777932944,51.568764667819345,31.244369830628468,-17.15152298107132,-35.0327216346229,-21.498595098603676,-20.148092430871124,-27.93417776952012,-27.16873752118636,-30.350659741605547,-32.74845513643576,-27.60523927192665,-29.960791076639772,-38.221467602611675,-46.25806261297376,-48.84523263273619,-62.83310240228793,-99.90673143252243,54.371764175559264,535.0066074164567,733.070651250797,117.59960646776791,-549.1794215272153,-439.92502581904,-81.41677443151866,-72.79365662276116,-92.70126342772814,22.118831776905246,15.470184959341417,-40.194936592472274,4.399591299582494,24.93025233616087,-3.9065318144661703,7.472194335247303,18.261326394740536,-5.206008496297672,-14.053725517512442,-6.762602037759189,-12.175975182577016,-24.51327643379352,-28.61877403134091,-22.366712292216988,-17.81594082201556,-23.56555670166067,-23.02816391315391,-2.4648246129990845,24.651320314789338,47.73256161452896,70.8458089193018,93.48881157827975,113.53239536909902,126.33868808991495,116.1572337314479,78.87361761807612,32.37003533070134,-9.064604353740005,-42.97921468711773,-68.8296247289289,-84.60046395639289,-87.60128866558178,-78.70922620938713,-59.60058887796797,-36.19082297516728,-24.47874997523464,-19.958345732030985,-3.404568142431579,1.9225681567366735,-20.984124817062657,-21.422827205674338,10.69259381033024,8.723871968214091,-22.348747646463146,-13.81108964863305,18.20315671429738,17.075249800962126,-1.4122384515680846,-4.524579201404393,-2.5744557311253384,-4.059778892583461,-1.5966979859180896,1.4835460159224363,-1.548475523087081,-8.024859320332698,-9.146695618498299,-0.9365256765554322,5.540882389096913,4.2462568842470985,6.180304846778122,10.611727605149959,9.191822553025538,10.150127196901954,17.863754893559364,25.46727939764019,25.86480237893572,5.070271536588504,-29.797588180604464,-41.68824254026711,-28.05476454822245,-23.535215558256187,-33.721955872906335,-35.307028664979356,-17.417105502673042,7.2425523499006035,22.924807486811908,33.47456390178562,35.48068736820455,11.371723947007498,-14.020432814297731,-8.818204678474281,-6.813168494876029,-30.158852599092523,-41.39654693923546,-34.54950659290223,-39.04207553073474,-50.081550736684,-45.45638323860957,-32.35358348853877,-43.051979206242535,-71.26294717931012,-90.49899573844237,-129.5134823287055,-59.735050354777,375.7888152094919,810.6002649374956,470.68033016903155,-333.74160265612085,-528.1407986767829,-159.03673434706138,-26.548869250633405,-104.15414679662018,-33.559569967333864,22.711586828583478,-26.550722290321417,-13.22755506302307,21.043787551493427,0.15973516626940665,-0.6410411458881917,10.365957684338587,-4.994782699798826,-3.215222943371929,2.6918330572131293,-21.42659851607913,-33.14479460458681,-19.274758627191005,-19.078209911516655,-29.79463292168169,-26.664697080407386,-14.070541334168272,-1.6300570727079204,17.14885243884304,48.45914515712465,79.32737677324727,96.63892292526309,111.80191558005991,127.3825891389187,122.3227793308475,97.98865774305304,66.32724367019367,17.716456920436123,-31.79204373869412,-48.29403708310457,-48.55888342384548,-53.854245648365165,-49.0161691387722,-51.23818666950572,-80.01181308546205,-87.76775342884015,-54.94122100313319,-30.018213136363094,-20.746270399423665,-5.858559580572749,-0.8369973259903141,-1.343246455496022,14.191935937444075,19.23161656242249,-2.5179020019702154,-15.529370073996756,-7.897434578082347,-2.6087145363791606,-3.9866589970753754,-5.272402142308978,-8.56072443157936,-12.639833665615527,-11.205818100850843,-2.9988265337475903,3.9937739462513875,2.5107567983475283,-0.8177434635301104,0.8789973208046042,1.4109700244395578,-0.9334773478037253,-0.0920765872302316,2.6286818377330605,5.001943713527007,5.761298918363412,-2.6294429896055362,-14.971431455800348,-13.555991264188432,-3.6080330090503923,-2.2307728202741837,-2.143754778906662,5.214376350548327,6.3068672211748416,-2.478960007018447,-9.416350098959398,-18.064789796550116,-30.67095327563081,-26.220479696763466,-1.389804317205932,15.044846627570939,18.671243572298494,30.253344658212036,34.571578101552745,9.843244643615423,-10.46149165615638,-4.629598003966665,-10.234297602238872,-29.856180194727802,-26.9380201386965,-19.58757350372325,-30.44949820653534,-35.91251422797135,-36.5016568896878,-41.26815841275688,-40.59953071765557,-50.01143797526706,-75.44299707592684,-113.698330131821,-90.71319739013771,234.13493061121522,734.8594754893662,658.6741272168084,-100.7676409036309,-533.735313994264,-271.29024945849585,-59.14287655060881,-128.62165599283543,-85.60270599991681,10.226011847360553,-24.571069772348785,-32.27611804713256,10.00624849107142,-8.848648539729481,-19.733079872709013,9.878469977690084,5.6274250154718075,-12.226039888394032,-6.9679336643172665,-7.857838981511547,-13.76556944384884,-12.909817136832736,-27.195686938063147,-46.39445022862691,-35.87503997356984,-7.7809278082435105,7.788656415550879,17.46545992650691,39.20924237889389,69.94285281494054,93.34888513389555,98.46641388207608,97.31641894113854,104.88096926365408,101.76346167758899,67.36079882514214,20.463225326193843,-19.18567891878703,-52.105112232215006,-72.69021703127315,-78.45627425257354,-77.43934405532298,-65.52423437300031,-41.71193856149285,-26.41033335938717,-27.04612098628445,-24.300243256989518,-10.906436461774124,-2.100659587809604,-0.4601534754801211,5.647616230160145,9.282529894291862,1.4425494674527846,-0.06315610803843974,11.228483214108882,13.185852236480539,2.9009333544226017,-2.7719192112887887,-2.09197365003263,0.23457257272810317,1.4021467881739484,-1.3706512155827557,-2.6412300805889295,-2.6304742438406157,-9.733812403045343,-18.867177499941317,-20.551496841293535,-11.78154323131647,5.398675461634554,14.356989458181161,8.944013020349932,9.41111131301185,18.062248920036858,21.51973078773781,24.754748629241924,22.309194270136203,-1.7144485383815482,-30.109301224208547,-34.96849689797879,-18.031138109813476,-4.417845278947661,-15.394411562754218,-34.71493767052953,-30.57837180315171,-19.773821252652453,-32.56965407354906,-38.91778082052443,-6.501186037749515,25.45803074804995,20.88796587461169,14.3743429523319,26.406059093373777,20.299339393912135,-0.5676564498760719,1.6989774603533174,-0.3363554450206472,-30.789101752305548,-42.125912742520406,-29.444076438955502,-33.908887710968564,-42.74110882133698,-43.991330991283036,-48.822049561622556,-41.16038729563854,-36.431899148848565,-68.86940197433938,-126.12218387537436,-126.91428274300637,144.68824740218048,655.740450009554,724.8796850298277,32.64549895270159,-538.1172099194498,-357.09848748101416,-44.81657088935306,-61.896148893201364,-80.53282221768471,-3.798659737551624,-10.72570260203856,-22.256167071357154,14.656284702531806,14.405565792988888,7.232507274859779,19.142327279612033,8.132676706531406,-4.299765857407598,-5.216473144582743,-18.682215628767093,-30.44715579994435,-35.10413981334353,-39.83326732016511,-30.993920912545047,-23.450828653478,-27.739322303707667,-11.084680218020742,19.49963385053069,30.998262781422664,46.30481714835014,83.61925790676537,112.7059633349588,122.73719539144471,125.88085425778576,117.23345786514709,87.26817880564903,32.983582590148245,-31.419418902370925,-68.35874708867235,-68.82039771937502,-67.16278783360454,-70.35537110156051,-54.70599359694665,-33.971715667757245,-40.308278152436785,-60.785483636419144,-60.54037154356596,-36.370251902591676,-11.935731550236383,-4.8860055735515715,-10.624762195176366,-14.185528079393755,-13.448690925427002,-13.217037441358386,-7.630546183519671,4.205979017660596,7.642933312678878,-0.22515594285082585,-3.749741152197412,-0.6944325429206089,-4.016402297783221,-8.712972387102589,-1.5159331809992622,3.2349625699205067,-9.44271527097814,-17.863565385604797,-6.7185761909246615,1.796160528810045,-3.762593931367329,-8.577552532794613,-8.992750742193934,-8.060671953172513,-1.2265949027922645,2.979026052247427,-6.122298301668124,-13.41347763296724,-5.921503846191941,1.4066398790051426,-2.631338385624689,-8.48295163297791,-10.862367838415338,-13.171383801398662,-9.213251550619514,7.830636799688082,24.13437224827905,22.5674765419186,11.496189636545276,5.053942542091446,-2.1846243416167184,-12.539610291916286,-17.289937400034876,-19.199258341029775,-21.509809680080405,-22.209064713019067,-29.20716894224131,-36.042207198904926,-30.747391942391545,-32.485637197256864,-40.23701895579767,-34.90265223942011,-42.46835033209225,-65.32655752411188,-95.92471437127845,-128.79594205652825,69.01162448050587,588.6844498296781,742.9496035889597,67.37230667810057,-562.7865586622677,-392.2868308081295,-47.17061139565796,-68.67429023690495,-87.8738953049583,26.103367407461178,24.03948206895491,-15.644679333863387,23.486216172865134,36.146960725717705,25.78030565283011,39.65502691658534,15.737403064829095,-34.30731079132099,-47.89792873183572,-47.78864872398524,-52.4049533445305,-45.15377849475787,-42.20185145513173,-46.82975843476063,-32.3041209162769,-8.359414208628543,1.3082237525749294,9.965331955188788,33.122801955100925,62.84315444166111,88.9702052805624,109.69576571322442,130.35408593899965,143.5175729617395,123.0549410935572,73.44391857542891,28.223997526347702,-13.008264202886718,-59.18012948439418,-84.2375647405959,-81.57300323427171,-76.00990710332913,-68.69030687065413,-54.19318653073336,-45.15915363884356,-38.19405196189625,-23.333596962607448,-12.445904280399489,-9.58300693814288,-3.622269944059008,0.3291790006047908,-3.1537704869242322,0.2656372763600521,10.191536731847428,6.819573790599098,-3.860123366004534,-0.828998845657432,6.767109344170521,5.330042418529491,9.17481189034277,22.262332949040104,24.817791681633594,12.506440072053131,-3.6513224836228715,-16.257988726466728,-15.555457739303069,-2.8181397623717803,0.24452954291561646,-11.457761629788743,-13.887405833385683,0.7842177247387463,7.5322993518824735,-4.647680068114813,-12.418981688131229,-6.432699251612333,-6.215964173363829,-10.9261083822589,-3.4326751099405914,3.754469976313646,-5.602661256774027,-14.783386405892614,-5.971423454324905,15.667580005517078,36.86357005995294,49.504012026982025,55.169675887175714,46.54684833038027,7.8130017576088955,-33.14063385344993,-33.67056019010855,-25.16869638562141,-44.83212895203032,-52.34933961001142,-35.339639748186144,-35.586564863456275,-40.32161345373573,-31.338816940644676,-39.08407410190577,-55.83689555107899,-59.53161717737011,-66.77630675229761,-94.76436926170341,-126.78577067237507,27.804758480972623,521.3966009403603,827.3540595938622,310.650715116951,-447.31755573242515,-483.3349633905682,-114.31350101064422,-57.307444933580186,-120.80431355601247,-26.967487853171676,11.940285010225345,-29.532986906199973,0.4016554607047027,30.40743726950258,4.877303539897312,-3.8988219373401964,7.504294223279503,8.876868151231443,4.318608506139301,-6.506991567090855,-20.798758301638042,-27.88111099824134,-17.788837046602676,-0.14460709687370077,-10.174427937502585,-32.92233406007776,-17.530456165040622,10.866939710168268,16.29193830128674,35.82482465072751,73.38468053896217,87.76168313865719,95.42923201725034,119.56547731847823,127.54382719497818,97.03306179629996,42.25787582608646,-13.986318809092605,-51.34371613840184,-69.54802249271407,-77.16782047364606,-71.2621020130224,-61.28811785899544,-59.78248425538159,-50.95261946877121,-27.885208204169125,-15.441974638823574,-18.29752202921221,-9.660415752769646,9.67189845967312,9.075758738826918,-2.5942523204571435,8.880102909404123,22.929932054344285,9.44385031771247,1.7656288241595801,17.921433924561775,24.80996171581754,22.03457609572445,20.202140812824133,-2.84352363969324,-32.25599478977062,-32.69358193886333,-22.13066468038354,-18.945747263145478,-13.605287310471907,-12.148065122054419,-11.0285672012227,0.7016381795366051,2.461043059804643,-7.994182532319986,-8.144524166128159,-10.59480551154493,-21.256756571628365,-14.966096153890643,-0.9050407374620733,3.4945776556086683,13.645834954281732,17.238990400023784,-10.614522089929334,-35.78238130872036,-24.757400301130787,-7.249552230164641,-6.681801653643149,1.9402520810312551,31.682146767141507,55.671834412508765,53.62904979339858,33.17017536736246,4.286026805910762,-18.654981754766645,-15.018893000350305,-2.7559494266646745,-18.266841187498592,-41.34315738201152,-39.22580132687379,-31.232333670105845,-32.30480685859744,-35.58493871369021,-46.99982999117205,-60.2263010535267,-67.20930465884017,-76.48241389720509,-97.71986305333326,-126.18869620120918,6.774659821602711,470.74718102226916,801.3921954770553,348.4245404981514,-404.3323463603164,-487.0171782640174,-126.22603424327426,-50.279913912781524,-120.46481319977539,-32.964280100045755,19.70101662270492,-19.36026167675366,-4.914293314522701,20.888797424319517,14.844418607417389,16.40227084434004,4.056337728194956,-7.8301414826954945,8.919041645834241,2.092390603836248,-21.19378462694353,-5.3443157470942175,12.514495049077919,1.130763320237699,-5.499017046893414,-15.729247381671188,-43.72808847956118,-46.03895503905876,-8.698661148604327,30.193542720390774,53.19585928346251,71.47033365737911,93.5963614287016,110.29689289572212,105.0667442964251,83.48644065774769,55.25753323707919,10.53019002717129,-40.583775289591,-69.13500786308092,-78.16948469086313,-79.22126564451753,-62.83767584882666,-41.75223750137604,-42.22519068796928,-43.875181150636074,-19.05739113688247,2.5925309312389864,-4.945411274283437,-10.220567067186545,4.75331031164267,16.020351687526606,17.38108353053927,13.718541319258952,-3.442664523670059,-18.370037077184495,-9.819098457399257,1.3339231315898488,-4.138503523338944,-12.120643756390795,-13.763220928687758,-10.739381250968439,-3.3164456661699644,0.5225821096725625,0.28122816375373993,2.9161209171157587,-2.0754537642759647,-15.190153383580785,-12.591279666185118,0.08607008338116451,-2.8445261314291646,-8.809671334179761,-3.7965238886023585,-5.725128701462557,-9.123463457285759,2.977034938850941,6.747468203840814,-6.622903225322794,-7.407264539478724,-2.539386325463779,-14.227330488367043,-18.302791280204104,-5.212557512164586,-6.168874484953291,-16.120444645498463,-3.4792254692832176,21.36336938472422,32.925787220884054,36.60110985567033,41.707508900643845,35.371396294989026,10.603008615881391,-8.052400346093695,-1.8770033931375512,1.234373530107252,-26.10684732712177,-57.37715809487255,-58.42798053267701,-45.257429760344046,-51.73799193678892,-66.9418124871454,-62.533555967553895,-61.6947390318372,-82.58390824915404,-102.64996649495069,-128.2163472324167,-32.14258431157725,400.8510312612374,790.9531319789348,418.98642784998793,-365.24820980219494,-525.8235754545001,-153.80281063091488,-35.91921980819989,-116.7107122170953,-35.266060986283314,34.86578999218436,-4.509946187322814,14.044530447948569,38.94208392114405,-14.335232802410289,-31.435282820239046,10.192021268356447,8.413334276522487,-30.907562395989018,-37.45568816408798,-19.68141438500438,-19.460597719151103,-28.598820653521056,-27.301075650950676,-25.43822770095971,-23.216559817345424,-14.045640450526742,-8.023474683862478,6.047911083566321,41.65536973321991,71.98890430974966,85.6513579681988,102.01234175541288,119.42203768088564,126.02684240946024,109.09930897151989,55.74032610481294,-6.2651432620989524,-43.01872318357783,-66.24648236432078,-82.21259513409166,-82.39548313226885,-79.80648120865214,-72.5245724541985,-48.8560012996779,-27.669041108537414,-14.010162355281407,3.4263909754380784,4.721961398464661,-13.187840964940197,-17.18185036654185,-7.837700646106187,-5.965125399869791,-5.53363467250357,-2.047592465334235,1.4446252364405439,10.439567047775025,21.284866729121376,28.368183264627504,27.21258596484799,-1.4668542136047158,-45.29570416180483,-50.78106956646917,-17.502694616596013,-0.2282803338366861,-7.7510005148219,-6.944489912346988,2.1737957474031706,-3.3303724831873325,-17.08639967242732,-16.628255097706486,-9.218328124791395,-14.524970177280773,-21.424241616844753,-14.285915300885993,-4.5438857596700855,3.114598280211117,20.875159639476216,38.72829448801488,33.955559407588,18.608895326831245,17.06955169885584,10.337207527608893,-19.585247895552115,-34.67200038188116,-18.192753508840394,-9.25842762912456,-13.374768448338083,-11.040341254169325,-16.163327260318614,-32.65974580142902,-45.07754933179851,-46.8891874925075,-37.37560868168464,-41.18966597938538,-70.36501558209916,-108.88437617541958,-130.64301186375167,55.72008021186792,543.3851996426874,738.2082190721992,137.50009754332183,-515.6248454402252,-410.4441013173661,-56.58583154361393,-53.54475278849677,-91.9897500350568,11.946549383829492,17.539183417081944,-27.249992917228777,12.85592936074773,32.33638011142829,8.048456437420784,9.989099926366432,6.984937961782563,-9.689533835326188,-6.609974916850989,-4.931837532866928,-14.515572772977759,-21.011497916317253,-33.67131704654044,-42.262209063187804,-29.052542954948876,-16.10484238723771,-12.715986218611796,3.938220254587886,33.75359365210937,61.72338969526054,87.83606476023593,109.44363843627815,121.93637910036102,127.40060157467184,116.15213126170175,79.74147398460163,34.14612715397556,-7.46345396892778,-46.59269447631055,-73.48726777238005,-76.46224731510122,-59.57756825226191,-33.23957680204385,-20.226594642693506,-37.308788354740166,-51.33164485718036,-28.48625036544108,-1.9289541232084524,-7.679318760374862,-24.50875203610898,-29.401288831282447,-26.761799552613553,-17.693663062114897,-5.124996295669124,-3.3929858760590825,-11.991818614254797,-12.341786584565797,-1.6883853272886835,2.811576589667675,1.8318204330666639,9.693522079304536,13.08022814778513,-0.6552846327622284,-5.62806808438061,6.605386267949633,7.160432167228939,-2.7376017373542663,-0.35299039450666947,5.028356498270984,3.7440685355153556,7.455585515968607,12.320514633640597,6.725037496367384,-3.8094676441689104,-10.835883450911236,-8.960707458253513,-2.1838300470436858,-9.529990023677247,-26.281927106688464,-23.85589564587149,-7.814293449876411,2.083069575509902,16.140816218187368,31.895972658384196,29.07185287626782,18.193749336988937,11.42646015811194,-0.04846800776418281,-8.730022575276497,-7.434638522815501,-9.644484878411514,-16.980010193015275,-20.80136253702092,-20.856237460061372,-24.806676991403464,-40.87249312546224,-53.52178362489242,-49.679305598495624,-52.2367164718823,-79.550908618352,-129.15819051152144,-79.32342647879301,296.5999637757603,749.7874062015343,549.7450054438963,-215.43810394888538,-533.5593846020345,-212.82820519290726,-10.116801222778403,-72.21073087497761,-29.746823565165286,45.172528786334965,8.119374855403969,-10.63575298045237,-6.517502498094551,-41.28957222644759,-43.28596663458873,-14.7249767021261,-17.785291991031983,-26.575896847964074,-25.492988694119738,-30.253520878167333,-27.1409923448106,-22.853395753831435,-30.006574038644626,-29.038736328812647,-21.670018007095628,-20.193617431756415,-6.211930693874441,24.769619718780305,52.28305626354095,70.57400449171502,82.92332159249513,94.25583922770326,112.71030157694801,123.37344509635145,99.95173390663454,49.448429210583726,-0.34082085219827274,-36.33456841543409,-57.254354408656084,-65.27578117773815,-66.32658265530691,-63.96320965972917,-58.14783937805112,-48.55863999057364,-34.990792003556514,-19.829587136453906,-10.001214477369652,-10.216029127691172,-10.25930239454781,3.1630767596504814,14.884726304648286,4.549461042900974,-7.960841147299076,-2.8770028726695873,0.4083073567836113,-4.242452458948384,0.6330831727065509,5.883095867162833,-2.2261722514058704,-7.569653371307433,-1.0679788308984062,2.86807486409619,-1.5310750931777017,-3.3006099922655125,1.744132465579272,2.810768138685118,-0.02874352979534245,7.332789443888762,14.925764054856483,4.678888897340637,-3.5121034286861352,7.377439732800802,14.863814339205256,10.567436595246022,9.411450675422211,2.2080455744739513,-20.66939940484157,-34.75204733192876,-21.526590600789653,7.4453703711183,37.37051440276966,53.77605120695979,37.22300842803021,-6.098032658233917,-35.49074305257688,-27.78216513615473,-13.029599349455477,-26.04503370584159,-45.954793598705564,-38.63452633330519,-23.845366637010212,-25.81882191862346,-30.564763236293135,-37.9725993838632,-47.38074274911837,-38.16821355200781,-31.87692299245425,-50.81395851000399,-87.15542304935938,-111.15303105794112,79.74048145724649,558.4770019374348,720.9109911406841,121.42819479490215,-487.77380704051205,-379.3365565613358,-66.59283144143667,-71.58663934217788,-94.76420706197774,0.6908868092746658,-2.5089849287597588,-38.895627436789106,4.213990331239282,19.414221236816882,-5.729337536562422,1.602109354364285,10.056181581111817,-2.892248670860182,-8.914518502419734,-11.489821590993404,-16.34424519635419,-16.822650453839803,-23.69677744279677,-35.91403032088996,-34.31686763278927,-21.445867548745213,-9.623195630247146,10.03435419238578,41.61466423313098,65.49164104989336,74.8092312523538,86.4499754459326,107.11842575099045,123.20745175592015,113.87565378650424,71.13167178438633,20.17901657179691,-12.385349491019499,-38.211819775678705,-66.52349937232651,-76.21078860040456,-67.12914817331546,-65.56562956193383,-69.06283433995004,-53.76997959172376,-25.64716286455753,-14.58448023568235,-23.88742153669286,-24.93902390144001,-9.250960697970044,1.7748241915097651,3.7830652714774295,8.045015669527967,10.786578980379451,8.9816492716864,9.870886200405831,15.808706393179918,23.16285253606392,16.612805121128496,-14.251316019054883,-41.09619706205038,-36.946325171591276,-20.522510945259725,-12.884744264807804,-13.367050354759694,-18.631918162231848,-16.638075512430348,-3.855617882706655,0.9196765718089939,-1.8014273457648482,0.7939009993456931,-1.8985918520405942,-9.314759428089307,-7.124354127863297,-6.239428814941986,-8.49233443376358,-0.46684559256886615,-3.606408990551971,-23.676873116917164,-15.33077026879544,17.675156071308695,21.31985921294646,6.399547111326324,13.5974365669926,21.712219120614467,7.493483803085931,-3.68673257139349,-4.647781684576511,-15.283043053508361,-24.32590905591514,-19.792155619457276,-26.04801792169724,-40.97093110358501,-38.58463588471969,-38.29336789012158,-48.179515421479046,-38.8335435979144,-30.358416416435105,-48.07459642464225,-85.10401786861924,-108.91250747581695,91.23713745419121,581.040002384717,732.7593036218075,102.95593610446514,-523.3519311614598,-403.60695064011486,-74.43404777965625,-83.36409493137052,-118.0021436477845,-13.619043514737484,0.5614742042521215,-39.768457106403886,-9.110355906016432,13.841201379506948,5.983836135398322,15.249792261396586,11.995692901150766,-11.211201318549207,-18.230932317301075,-14.03289083989483,-14.965832447129936,-20.26277961340471,-25.999828785525708,-22.115233834598545,-11.532689738168429,-5.3248156610401995,10.577705976875968,36.89475080683694,38.44103266945461,22.382909005581865,39.554605426968344,82.95830898923543,103.74564386311889,102.13325514295316,97.03993393797181,69.7851180254067,12.724298253394819,-38.320307409259065,-61.8294137410399,-76.43286344457965,-89.50704577940697,-83.37558215539464,-62.98746000220969,-51.38745745928013,-43.35955251151492,-25.898002515182746,-13.095036449161626,-13.327138695218785,-11.282255470118042,-4.012196236983041,-3.84286562433752,-6.642298262533647,0.43638391757112593,9.924845727572364,6.671680370563527,-3.3061974972974273,-6.311696366555168,-3.898825760403856,0.4940966884576796,8.22876561793884,12.00262955341784,6.990923297696092,2.7446514273185554,5.570191460771797,9.412137057951036,6.042528716389622,-4.464118134219152,-11.078949419977514,-8.2691182821788,-4.724108990466906,-4.647631343428503,-6.439851760423288,-13.429566183722553,-18.57706964840726,-7.4322160521089735,11.278342050597983,17.362348077389555,16.269818497995438,24.63101252867988,31.248031809793687,15.663873351361268,-8.321457755636356,-15.862358927394133,-13.294572169826477,-16.965251744977742,-26.86114741480916,-34.28382639579067,-34.45309779113332,-37.36435284731896,-41.73232668882846,-30.064793251786334,-26.37227810287579,-49.59891261892076,-75.42938067408258,-106.00075322544805,2.826101491541067,457.75370914600865,809.5785006112242,345.68042973247213,-454.8124516161161,-543.9298124576699,-142.24372697127075,-44.62456689839272,-119.73543964056405,-31.174515589550133,22.531027103599655,-19.468415177886754,5.73005150080008,35.29217567506247,5.009972708515637,-0.14342903877240953,13.744181910563475,-2.506271837760176,-18.313293588200796,-18.822805045171386,-23.646816895167824,-29.407654852295366,-29.97802820600446,-30.433710982698997,-29.550092508761185,-23.314312702287445,-11.307740275752941,7.2529827905588675,32.074271647860094,59.248164251286354,84.0715737554382,102.27691540530596,114.16952370104163,123.29517664421834,118.02978624614997,80.76250643031494,24.6653580016879,-21.19400398616237,-51.42563293613543,-71.54533579437575,-77.17166900093515,-65.33323613767405,-46.47195380464085,-40.75107968400559,-51.22817092078785,-51.91188032853235,-31.37285853762532,-11.965142586500257,-6.781943480855778,-7.076964290598298,-6.175469920657854,-1.625411535964055,5.586849303530116,8.889497499482117,6.179892489316549,0.8618907505769133,-3.1122375063880714,-1.9866898531842487,1.9892215444047014,3.3345576572082205,2.311331910027448,0.5393645085788084,-1.1305675352181042,1.2451503508556907,8.119021171171465,12.167943261809075,6.526241850364874,-5.692914676242285,-12.336894911799634,-8.345161060989009,-2.325744554329962,0.8424149676186028,3.352602034296013,1.2328268164852938,-7.21609919328018,-12.877594528805108,-6.954227170276047,14.970510538489139,41.2941760845279,38.72260872555018,5.570543081317134,-9.68957580998383,4.368704477134946,4.916562702714989,-10.581823133274355,-12.856188101095796,-14.262544743545423,-25.746563320089162,-27.452404922354987,-25.959035008497377,-33.19084002227677,-35.34494772645444,-38.84529274632759,-46.55191140395711,-40.04629689648496,-38.576089194730876,-62.76179792693503,-106.98965219953338,-110.80551473875258,144.5295964210067,631.576664270307,683.0419254677529,8.134861835906975,-525.2394846474699,-331.2166062499708,-33.5744576860254,-63.07749689936184,-67.47375971572777,34.33883117866077,14.18183447381682,-35.76747132764669,-1.3712572344288612,11.802384843930547,-10.730987207767367,-8.085680409926908,-1.9907693520447207,-6.086731383204654,-9.959346124688858,-21.333931611864838,-29.14171768240488,-27.263514092401056,-31.553363642805532,-34.21313728871071,-23.839966851717932,-11.553162978139781,1.1075578101770986,17.412575648120786,33.15855797322497,58.15343128507984,92.10313460209814,107.23567667294759,102.38662808730557,101.08761195215759,90.45663792690584,49.67433561603427,1.4821648250219006,-29.997342009729767,-52.38890925295762,-71.22471221146455,-78.04555857078866,-69.23841142258368,-51.01293271051836,-35.931522198323684,-31.58301858460682,-29.84605796946166,-20.700436118343745,-7.504600474678549,2.9187400475840573,10.39090630019604,14.481417726360556,12.569504289078338,8.221793389489472,9.310306602181866,19.473587646802645,32.31661928003673,26.022895081358268,-12.15851678009236,-48.76433084185189,-44.59081218378534,-20.17749550650941,-12.340003266679808,-12.442430090693795,-8.314775617562354,-12.165753487467097,-17.412519482752735,-7.885269910736254,1.6352439375274148,-2.837962171610144,-5.53751149469374,1.3078957259906572,4.868277144642591,4.0731823093175565,7.8590269104454284,10.30532643775102,-0.6920472639116699,-18.6523084092375,-25.229715938246855,-22.42380677331756,-25.64408821906889,-22.204544654770373,4.602638021574549,27.051996275349403,25.01347430949054,25.77762830662963,31.63539244056317,16.2355450707526,-0.9199903988918137,1.7584403890021125,-2.263135631034065,-18.07641556945583,-25.536728471790003,-30.86759465817718,-32.873110502664986,-28.223006635492982,-39.15885881932523,-56.87171498151289,-60.83632200233875,-65.56683206992749,-81.16735620131377,-116.00645781463837,-56.94383589074424,322.17838032981155,740.2310335384575,483.6485991052115,-263.8279572046199,-510.8754852255199,-188.63052310518572,-31.64682448693133,-92.60626062060439,-33.38310345973961,28.688064405463024,-14.925664498304805,-13.603222806188175,18.300880447238313,-1.2559305837627086,-7.9083532556684295,12.737338262781694,4.1765105904216275,-17.70147948806935,-22.540898921864958,-22.97221488361473,-26.66814138245534,-30.515749252075967,-33.41987981434938,-27.01969656025908,-10.242286782333107,1.8692363846989055,8.719351436527575,27.243088834075248,59.11991488106116,92.15444859935043,109.15450517931806,93.08851110788801,67.48058758515738,70.4697723162085,71.95604661950122,29.042021898570024,-23.899280999730397,-46.688765459693684,-56.103556841197154,-71.0055376561417,-86.39550031602573,-89.8432369774958,-72.08619771686433,-47.07900039047715,-34.60269440571126,-26.95838488668191,-14.181726942006769,-5.394561136553897,-5.858652382563918,-9.089168211611447,-7.494412758441605,-0.7987302915749801,2.2043465340548742,-1.0877982658620198,-3.097328385394599,-1.4774977116009484,0.5676020282977472,-0.48922956611695945,-6.064670406235537,-8.011172270931095,-1.9226501414624817,0.4574204822417478,-4.902401555882243,-6.906790790443907,-4.253790237783699,-5.464686038956085,-11.163400764643235,-14.3863143344587,-10.241229883520283,-2.756619891263803,-0.8634455135616292,-7.09207507578418,-16.484804636693614,-21.391405192606932,-17.481689940527232,-8.659551885568227,2.4243900649773975,15.807134832982365,22.606206064076517,21.71257875047077,26.11337797943879,26.82372841752536,6.580715524134318,-14.600287688875556,-15.75313618776737,-11.205353114028268,-11.226301742422361,-12.090831094418487,-14.170615179158133,-17.857231349975223,-31.772181379489645,-46.78447019119842,-30.18484539377158,-8.211805694300182,-29.49719546975311,-87.95586006449017,-161.50819072688188,-71.82461843884289,383.65117013581096,741.6453982394468,312.9324009646514,-423.2063138574369,-486.2107193846805,-117.31409941305354,-37.37735576674634,-90.42373937988106,-2.0088779490222137,20.399186599243194,-32.404587501790644,2.1328633563161636,31.93265131396542,2.035492223815453,1.468251780294283,8.128233952525397,-14.627659141616697,-19.77945665875702,-7.990289694916335,-12.145639956290848,-25.429463905859368,-34.13610244592385,-31.88286466649903,-22.157383160124848,-19.07798137312161,-16.609791418855906,0.11653920229031911,23.8466946037825,45.53608126306297,70.40832301356677,99.30158379796538,121.14384904032377,125.81332182234655,111.57509831988183,77.65569283216304,28.25085666291964,-16.587778033337752,-46.01676296196271,-72.30465149034104,-91.69850732558726,-84.88553302836803,-61.53017257977788,-44.99011171972643,-38.151738912733,-34.76952308382557,-27.101647212779092,-11.300916054278865,0.42505667652180534,2.401733516377158,4.23673577341399,2.1350350718176454,-7.376573459615651,-6.657434487932731,6.245713278292355,10.654667921999819,5.029473773430622,1.33621966748019,-2.019244527598052,-4.897634468668397,2.027903685806858,13.297194049301249,10.471434223373038,-4.660332546200217,-8.812294937625754,2.0401134712910802,7.3172058078830595,2.9658761676163214,1.060053065462463,0.10252996602365982,-1.8136300488571486,1.591471321239713,5.227241245264759,2.379970461247501,-4.292280416305485,-11.415138639926951,-6.18171253215861,20.917076937576397,49.36408566350526,55.337266893059486,34.06587639893133,-8.609257711133719,-41.64646068605882,-35.608959848447014,-16.438916083970327,-16.162065278615916,-21.25872578839787,-22.489903173451253,-26.08714374012094,-28.15427278507012,-35.826283782787726,-47.04457066107105,-45.67973339950606,-52.2529034897101,-74.83375479968075,-102.99876885818786,-129.2818469014631,41.39393724869595,533.2205804489488,773.0240856440967,219.0519254038918,-456.3873948358271,-418.73369048374224,-82.88674643272805,-56.352678915049346,-101.39817558836484,-13.499506730435904,8.76099203266125,-19.87903748150066,13.557137727190707,26.40136433569068,0.6652447283166278,6.345093181840802,18.722259912863386,8.62412803284176,0.7015681934444578,-1.8442605739430746,-12.66535959377083,-29.726394554448497,-37.42069381584107,-29.79353506704771,-24.75549972049726,-27.551114221988612,-21.24252698050981,-2.848703887814363,24.221273920481842,57.640475226414964,79.79714048746605,86.81648247107128,98.88879828373803,113.10449241371684,104.915972212593,71.99133404067581,30.430593079713727,-10.920807577972605,-46.30900128006631,-64.468710714945,-63.59270506201726,-55.75888501698597,-44.15111258165487,-29.453046264969394,-26.385164126944076,-26.50260400203151,-5.050249697829582,7.799861836049946,-23.441981880662734,-50.490259778105724,-32.01149599886622,-10.235086808402738,-10.62666058879871,-8.269384119637312,-2.115134971958998,-3.2473319667889626,-4.0292534017501715,-5.598051469827151,-10.545830725818323,-10.465254651209593,-8.73572344309115,-10.044278388533627,-5.657675652457394,3.7439871738312895,6.452124625458845,1.758129923958898,-0.2573213806074639,4.377096922602712,7.165529741018593,3.2397074563033343,-0.254016485070661,-1.0537367242898106,-1.7231386771866974,-0.4086578614773244,-3.106285440127847,-14.702046524362927,-23.08922558588273,-23.856802757927902,-21.54515582937967,-4.588564595391444,25.550195893428402,39.895650649717275,34.29853491238954,29.53704937886883,23.758460739951943,10.981264882240781,3.841421673251527,2.321835266120561,-3.872010883624318,-13.470025216629702,-27.734621195424886,-41.539160325986444,-41.76693114909109,-42.514365276213596,-51.39299164597229,-48.291634789293916,-46.650255647604496,-64.5608435062066,-97.97020396257827,-120.55989448714448,65.5935055793295,549.2048411106367,749.9797871304617,178.8405331903071,-465.4831569618499,-397.5545728056494,-67.88819612272388,-48.283834246040136,-78.77297773436504,8.35263582698061,5.024948014090029,-35.401215705628864,3.1359664157535585,14.59223631197473,-9.756534861217153,2.769459492585476,8.168108366990086,-9.314768488759098,-6.975725002071154,-1.048820687890819,-10.945191793956807,-18.432107653824303,-18.682300232480834,-22.490480780187447,-36.019721775786806,-44.763473529501375,-24.909024448196675,12.730546681904883,39.91864549028237,52.370951587580876,55.471112008198126,61.1412557690438,84.86848046420468,106.76140728466268,95.08351510886484,60.13824210203729,21.404617028910618,-22.73400722832216,-59.25334744424217,-69.66687298616976,-67.53375071416627,-67.58721444441628,-60.33256254380497,-45.560722897634605,-34.79767569085956,-24.846453424939405,-12.891011557856316,-8.403438979571973,-10.273722818189698,-6.712851596861821,2.9631923216399123,7.83195580500782,1.3450856598507066,-7.41993099133229,-5.664776315233192,1.0314929397059398,0.21850881044612613,-4.1915406587551525,-3.0707268754360753,2.2860969545965313,4.44151811835943,-1.801885070986434,-9.290859821126354,-6.789229876777862,-1.2726511494966273,-3.073332260772487,-4.593884453439351,-0.6688047696884354,4.074530529253899,9.48050767500029,10.444690027243496,2.1963608230788845,-0.49300558968226604,10.030381444084266,14.210587369464172,0.8504096173433737,-14.3254999788476,-17.448711880345908,-16.312780283898064,-22.030003068057354,-27.40908842254502,-22.879278715884464,-11.656663648479324,6.479197069652906,27.12227392519307,33.71690422673694,31.781188904456123,31.222185016976397,13.932635112867953,-10.980368239325044,-11.21595776548925,-5.308007451569859,-14.954240119834468,-21.46360890761558,-25.165724355385922,-29.872314414858188,-25.7254683537778,-27.86419539429542,-29.418373582588323,-20.68582158204221,-48.36527809151115,-108.13747618607722,-148.1076745143228,-96.60704038923635,231.68746732501447,688.7080537552806,573.6767128102094,-162.9182035357281,-536.3833599801401,-236.2843130287579,-14.43898320663553,-89.87892602074581,-63.707896310113696,26.01384104207225,-5.302752924185953,-21.95714670397676,14.970890798872654,1.244825218489865,-24.434549690365746,-15.251551538747231,-9.02712191377049,-9.102996642877201,-5.706094535646388,-10.61727600576436,-19.97881207164221,-28.082603083087143,-33.91086741359071,-31.952295923348213,-27.97028421347342,-25.34449804646976,-12.826061880829398,11.385022100552241,40.7328257444307,72.15794298358762,95.79415224554879,105.42202561550735,111.01055323449245,115.35612462919069,103.91710315918064,65.5688588266151,7.2112202026238705,-46.88267408763315,-77.09945474626474,-88.10394557055464,-86.38120039957771,-68.90888258397011,-49.26089158254295,-43.661288156663055,-41.82964814476528,-33.77776842191312,-24.94362397328575,-15.05022614085371,-6.557644375368195,-7.594094814206418,-9.207363639436316,-2.603459776315159,0.6411001858776544,-3.9589647299786783,-5.86886177952243,-3.076649277680989,-0.1215776677631446,3.7066331343577392,8.131485949955415,7.049639866052267,-0.294408305403552,-0.4391661608103661,11.736427068003772,18.88015617718523,18.79889291324936,25.087149677899077,16.779349651328285,-23.725156117284286,-51.973364880688735,-36.893091808124446,-16.3029843402686,-15.639126621478738,-15.890834790427625,-12.641761958173959,-15.818659047701578,-18.10767394742885,-16.02282569153392,-18.842029917232026,-18.92759184057543,-1.2794966247152013,20.710195982727317,28.169126851154985,29.43112782105211,27.71725430165806,12.664581792060194,-2.2438513193616583,-6.591761455911119,-16.99084436247818,-27.031504169675316,-22.39871014965389,-23.33876194369301,-32.30365680568916,-34.20100286681708,-40.91322347671734,-42.926101629744835,-31.793387608075157,-43.39911534768683,-70.2483664106243,-100.84940251126287,-97.69700211391577,177.03325801765607,662.890002300334,626.8638666428698,-107.91746124466972,-554.2704177399023,-276.3128165473391,-16.56300877499196,-76.21384111778089,-54.736450571215954,35.6302919992751,-5.362617370037654,-30.389952462818663,12.798102637121684,2.9431065366522695,-15.579174926133428,4.783188038801103,0.7819698251508331,-16.10104311030972,-10.512257649383034,-14.110827010143456,-26.532335003860904,-23.078845327912116,-23.67891759233547,-35.71231119316775,-33.1818902588166,-16.283050137586738,0.03302764766437605,21.94433563373925,52.69674700060588,80.44937279518095,98.59073273661429,112.74820466245964,132.1077110458108,145.7042928659113,126.70021044027744,79.11441401849737,23.496933903753796,-43.74132572795989,-103.53777865227671,-111.9746479622157,-88.2742417123698,-83.71591657509893,-86.74158631141479,-67.62234436352051,-42.40413300593025,-29.631332267773494,-19.70856840362578,-7.0286590569001675,-3.311614130419734,-9.438363383663013,-5.60951717196378,9.879177008717686,11.99660106199933,-0.7937390584174171,-6.016151184576908,-2.4729054847369154,1.4152212764118217,7.806323753145572,9.88013748219549,2.2732159897519835,-1.1798038130529613,5.001940561701857,9.73689469220951,9.936326800548876,10.59790439706693,14.544069794013103,18.22484483788823,9.206236715184602,-10.317657998664476,-14.852283633937923,-1.637766339133381,1.229200723847553,-10.314457362697452,-15.606541657215482,-14.741464683872607,-18.37120342175718,-22.370793421433127,-24.576005546063328,-24.78370569224172,-8.637153040749965,23.321705565157195,42.21384494501192,41.371960136462214,39.14338819992726,26.75045992941438,-2.4315552120043087,-15.053790553878772,-5.742670358014145,-9.73240207220131,-25.51524174206888,-32.50407370732277,-34.07183520581651,-30.861251610975998,-31.46043852769929,-44.18689376524779,-45.891381079158585,-43.076991117755405,-62.90732636872149,-97.45233729054026,-121.06234619455444,35.857112796054395,506.93960591153956,788.6590352887854,297.8354512760007,-394.599145062551,-404.46558788910556,-71.16130436557182,-56.60752287592984,-139.26041135667236,-53.273844280485505,-16.63861492332728,-54.06843251833168,-22.100969577783047,1.9637305576333688,-22.64183812153756,-12.711133954569561,9.513309464094855,0.6305416159342183,-6.779911445487304,-8.539426148297403,-20.844329357197296,-28.0494892907152,-23.32808454062976,-19.483140077443778,-22.58082261187046,-24.61894429022506,-11.760818497016785,12.473806298373228,34.15273503351252,58.12694111078072,86.53881705017369,102.97664208510594,109.85235813995314,118.41927895329121,107.90923013540662,63.83869930373493,12.66095758568554,-26.6540620110525,-58.4885702423348,-74.2193686622695,-68.27799746433124,-61.88217356845312,-65.28481040612554,-61.35023707083493,-43.41147785242674,-25.447763538591463,-15.735725222775887,-10.330193452492548,-5.698022065852037,-2.415280767098137,-0.6008905523723556,1.8232805888956332,5.386917620940906,6.590822354174819,2.8042997337058573,-2.5076718617699285,-2.4766771588787737,4.059613772359222,6.672102434050238,-3.145900125764986,-13.351161152602627,-9.130659377561436,0.6396112520950406,4.744031076390775,8.19122020423738,8.564458568636141,1.0463677447167936,-1.3670050989213072,2.876587267635685,0.0396811430333206,-2.6755845835593526,0.2621343914297216,-5.086535431835649,-9.574009045341684,0.9908804299771183,6.393374196677191,1.900270244282178,9.26230317647993,15.842133285274942,0.9798214411102251,-10.54299607872414,2.367947952218028,14.091504689282527,0.8493526065527179,-16.955855266673566,-9.907528567447656,9.620121251697743,9.195087801906874,-8.125524083503207,-16.438488654807635,-14.09647754965858,-14.660257676793634,-16.029730603093704,-13.590368564427244,-15.806091691448376,-22.96860068564537,-28.204182180575472,-33.484398610570054,-31.631450703999537,-28.117903063282903,-51.17094189325658,-84.22245308542108,-113.24921301548909,-109.05182378807686,145.6500244204,632.8039335562091,673.7302998273908,-5.36755784618083,-517.6522694087671,-318.4868403473893,-50.0689534235041,-93.23161622865814,-88.16947188920048,10.447810290426844,-7.6577657113337025,-32.412627323353384,11.120818417900566,10.08379470794386,-10.210364509530617,7.321216928608562,8.554950700230814,-8.658765120772568,-8.20385794597158,-10.300809287308812,-20.54659722757006,-20.132239257303894,-19.467501723103993,-24.697056851250515,-22.027160652291364,-13.718176172300305,-5.89262894542144,11.69653448977705,39.236563501769496,61.55671711678112,75.51019344961706,88.14526512460574,100.53688673621383,107.43157692188753,96.95041575715297,61.845540186574134,15.60456741987702,-24.21580674563742,-54.6722626016179,-74.42330455593022,-76.19941533447052,-62.07540823499238,-49.97900707027717,-49.66539631666304,-43.48266412484458,-21.561705845843612,-7.633698330246318,-10.810232422806765,-9.179963768163491,-1.1769519063352334,-1.3656248405835534,-3.8755535943707136,-1.3990856381493,2.356401679418621,5.647803587202118,5.772654614164866,5.753651834567391,9.708895857370104,6.007586109170495,-2.135814103742377,5.590447664935501,14.342805678533884,2.8476458081596516,-6.131138254351562,5.215157163754487,20.574076365483847,22.593369245386164,-0.5673908620259667,-37.33280814665529,-45.71923868523839,-21.392850199822533,-6.696295591102777,-10.789249951010326,-10.926671429312556,-5.449745621764762,0.7713663545127165,7.475965697567849,0.16558159258043403,-21.800206268390347,-28.93852856324301,-15.391812957815144,-11.35497303378742,-22.684032859834993,-23.167718898381505,-4.477480987569739,18.717334601095963,33.6565063575694,34.94086636548221,27.935382632272827,20.437164939403623,7.501426449246416,-9.82758804888168,-14.432528860724176,-5.936557574734943,-8.546981445757005,-30.28998145356463,-43.39005218841161,-33.03133949623805,-29.482107455444694,-42.4192219155598,-46.69510648028018,-53.060570661113346,-73.39874972710754,-102.68706797114145,-118.47733522291085,78.36560682849432,558.1104121738485,717.7974597796623,113.96911581282116,-499.2030958213819,-386.18467372986976,-59.45701059095633,-58.06012779281393,-91.45472876381689,-3.896097095102178,3.300940301692407,-25.66861644102967,1.9705064346925818,4.349516978026486,-13.278059220345767,-1.925610008920124,6.726985561056088,11.34314322255159,18.504087110830255,2.5776960441094072,-12.891639628568317,-3.3660274747102266,-7.7499848702715415,-34.18672082211515,-31.309461647050732,0.7534396499275253,3.170244005700848,-22.48337228804227,-19.449476472030966,15.421002757384922,49.9533923514619,80.10265564790473,102.56472766701812,108.97233919487151,99.44555320191016,62.516156480769254,6.8431499600149825,-29.631245235671543,-49.57348296642486,-76.02778986898943,-87.01790840543872,-67.01289483696343,-46.851182473781954,-45.291300342320554,-46.431230335188175,-36.31772281045106,-19.114116654841524,-6.320075827320643,-3.715059952907197,-7.145960480315848,-5.686124943687558,5.758343996144147,9.999729010198322,-9.091459385162416,-25.727057255718076,-9.41298929845665,11.106932407198093,-4.606121812137976,-28.513662381766462,-15.261810044403582,11.814909745774642,9.645837733142747,-6.293640700148977,-4.541887054246136,4.2865227893979645,1.4713543090029955,-3.141210006797034,3.4937405139167046,9.775154352392944,0.7076401635697112,-9.248759924936877,-2.961768155508559,2.4101153366336927,-5.6419916449111795,-13.031595283066899,-21.63535478612126,-31.772032136537074,-16.872357828587855,13.440133739613684,19.778272652192346,14.361458757741092,24.699254951731014,32.02025880254069,19.308084893121993,2.8334583219744514,-0.8133224393799994,2.349568550828579,-7.765324234873613,-24.53580279659136,-20.065662578719163,-7.746616496362621,-18.823013305227107,-43.93995487400351,-55.6254173931523,-36.24303399035566,-5.1262921448330765,-13.347939604592192,-72.02317057420278,-149.72361955061024,-103.80377056361007,287.59823287119065,735.2555225210667,488.6457734135878,-299.25995547955415,-570.23801407922,-207.5899641132725,-21.749593667168874,-97.6600957967818,-40.964907561889085,27.686588241872386,-21.284250167990024,-9.414557561535547,37.73496786383841,11.121195839897767,-2.1541557590130154,20.31024780516312,8.252723657820793,-15.422508173966094,-21.50099735656124,-23.961525030582635,-18.9905846412186,-17.737741122730508,-30.201399014775465,-30.553632210255763,-19.893591960492657,-18.57361421373098,-8.874501405032456,20.412584424148807,50.53269243040191,77.26269176655043,99.31509775359702,106.90837779529875,111.87934967244712,119.05906604642553,100.95828036047595,52.2957883981901,0.42489573524061,-43.51032114731506,-77.14476302924422,-87.52843874737368,-76.98401822271742,-61.78526793750154,-47.55426613243204,-36.96404666727035,-32.421871007783565,-25.37736404851017,-11.247930391191971,3.955281683020293,18.1198973327038,23.070395364480795,3.7926078285346243,-24.43142021562531,-24.879801469509665,0.6981234078365453,14.820775514650277,2.767218147657598,-16.052586381618667,-18.39736165217395,0.7437296005295022,18.77745176316244,13.312602016976959,1.3294546575203503,4.7148719361910425,7.611281981418012,3.287882949669112,14.136913707709178,30.279312785010426,17.34411127457373,-17.588889252433297,-38.60659416439616,-30.11334036801688,-9.148161337573079,-6.4198087525912975,-19.53780197958591,-15.343818536754434,1.7134657985374844,0.8418861032489104,-9.080347775094362,-8.579950837463773,-10.069972272107565,-22.752631565969864,-31.12443389713878,-15.992981283071037,17.998275818443293,37.092754565329386,28.937024760504947,17.58229141758833,6.954892716257449,-5.600401919330199,-3.4378363373260825,-3.3562786482125295,-19.44630334948174,-15.281153577575706,-2.01775941391959,-22.33699013981834,-41.96463785544683,-36.90499508518358,-36.81600194115439,-36.090567012843394,-39.62235070150247,-71.86220363348477,-117.89807779785977,-129.0800964529749,85.04996925560425,583.0765110335643,754.2934943608958,132.3937817716649,-510.78000041138034,-395.5067341554389,-52.46570287402579,-54.431968202071644,-90.73745630989731,-0.2764478902425509,-4.488790904025592,-37.00221920374631,7.145551156257631,13.42014322296709,-7.312573398934269,14.514099758078064,17.310545030245443,-4.406186341424061,-5.132992560732127,-15.29460983966164,-35.50362422120324,-31.734710280258035,-29.406512465200038,-38.1357790650347,-27.904087518535945,-12.816678938735993,-9.260326941081816,9.043956327633936,41.359039138958025,62.53164715628667,80.70955994977939,106.3715491070273,128.06400349000864,137.1188065381848,116.76678896680241,56.28537364037044,-8.399373153195906,-43.974004391720044,-64.63825511485972,-77.62078392934033,-73.27743070271099,-68.96643532654117,-75.2352514677807,-68.54961441980957,-46.57680243416775,-33.616578795649744,-27.044631222516436,-11.500982230023704,2.7555416920955658,5.832442021370218,5.8635351016069315,3.177013079309468,-2.711073297569204,-0.9361290147182029,2.037312096020269,-2.76605633600788,2.9152252101941434,12.670248557630313,-5.032403985658284,-24.36566560950593,-9.179082575326309,5.465226396063528,-2.157308493723937,-0.6646272205203347,6.2782577959574,0.12441339026585396,1.953953565107926,12.616602480357884,8.929919471183233,1.5429601198167942,1.8781162651436971,-0.2577263766786311,2.6181281597888724,14.645632301635946,11.492192551256032,-10.606355698728732,-22.559017832610717,-16.111563316980018,-12.509970752249195,-17.998331580745045,-17.391537743253153,-9.231073303237057,-4.6023634073713335,0.2825635419982544,11.443262941278041,20.267131891671276,21.308711040974874,15.385359995260876,3.7980142793000424,-1.7582317898703472,1.5718228005174542,-3.5073469642487387,-14.87155828283472,-18.446664393963403,-23.898271946700948,-29.436797979382142,-24.419205415258936,-30.771069265594036,-46.459255049855194,-43.488655699662324,-42.656781621218045,-59.60496205726947,-86.11137382051115,-75.97781880210167,176.95313230293033,642.2785088195983,661.2834258084113,-32.26253974621481,-563.1110787468434,-365.4978327899671,-65.62086317143019,-88.3957657556858,-99.41334891739967,-10.45776492329162,-11.36612169281841,-22.493421530412025,22.351527918248202,22.2543141497797,-3.2740011463848653,5.415002857170494,9.673951480798214,-3.0219458962891874,-11.307288375499454,-18.091436595435788,-20.14744618972702,-20.470242167528806,-30.068549851386287,-32.75991509451198,-20.49044050507044,-13.215869465705474,-9.08511320232041,13.386411952648498,47.62337357328187,68.18975637928668,73.82382080086616,85.85393622050083,108.04402967792653,117.79693157899082,99.67635538939301,59.671675131975796,11.988071213802813,-28.50398037836645,-54.50170779291242,-67.17841506970146,-66.23875166809289,-58.860809803454714,-55.19126543303751,-44.84866103188929,-25.79440762108058,-23.27213864229163,-33.84121568616127,-27.575105297556128,-11.603987902413664,-6.86061749074255,-7.076246175919962,-5.930883975220182,-3.2338656649731945,2.3583371046693724,1.1391901667141244,-4.282961947871584,0.7059893003332718,2.122637812056574,-9.098411527570796,-8.144786556405363,1.2893439481817985,-6.235181671734762,-10.871084968683101,6.500999837796174,17.507395899917164,9.963016244333403,2.311648121830946,-3.9446865731951837,-9.586891702462339,-6.0450493349570955,-0.9578036312907283,-2.3329883574206374,-5.920014747952369,-11.266664501783524,-12.098448445990188,-4.6615334611388946,-5.135643812090116,-14.405763434618425,-14.983141181808524,-5.317514870051545,18.73948467303931,53.036526063423025,52.83124460789485,7.8023189250434335,-26.08746051109204,-28.669562380857325,-26.3241345471653,-23.699776261577206,-23.15192345137615,-29.75309584455536,-26.569275907304373,-16.314395947881952,-18.875384274465052,-28.064845091309977,-33.576012996107124,-29.606127246025935,-21.134078944525594,-34.304318879385335,-66.79416884201441,-116.30462070178733,-125.76107051684212,150.7414585294722,642.9465704321233,623.2373736132067,-94.87987277202237,-550.8398836074732,-292.7993557462946,-29.995248082469814,-77.07230151106401,-56.79736583191013,28.882927024376293,-12.316804513735647,-39.923045170805445,3.597752360053077,1.0881781198120564,-12.8670074389952,9.829838825302755,11.021363039329552,-8.335064955591502,-13.847028294049792,-18.69381650707848,-21.43774812159225,-14.784973099169957,-20.062551674016472,-35.16908911313929,-34.63305197581491,-18.752271197952467,2.1839570447041687,28.335814205217694,53.97851770230909,73.64862996295369,89.31411085597087,99.978609360335,108.18839445209238,111.5281255577524,91.58059808097491,50.22332610246232,10.616865126378498,-27.22247220806208,-64.68547674346321,-81.16589387702662,-76.23980990417607,-67.18533030034283,-55.88653196134739,-42.36926682679127,-26.11274708903628,-6.809959716695383,-2.395231654595838,-10.551000673234032,-0.8906849633091571,17.265470300329447,18.64915338109353,16.449764827371496,8.773318388789896,-20.330569257038405,-39.04012612920158,-25.465273418442287,-11.436700318642657,-9.839744805153938,-5.050505256875573,1.0549521403843318,4.095792083199971,4.883552552543062,-2.1375826016702755,-8.859435479344409,-2.494717549917775,3.4424586278096303,-3.9855193780031684,-7.259178801081409,4.61214203116956,11.475343569898339,4.450404486219847,1.458445583023131,4.717343825190251,2.5869759184578554,2.9392063774054265,8.498457944875845,0.7220699509198383,-19.941031211886365,-33.43970297937218,-34.31717745368236,-23.57071096133768,-0.3864275432306217,21.188688445810755,26.690633163174503,26.0876759496744,30.728871596411864,25.578140797868052,0.7035799760597561,-18.433337446683797,-13.768666594152297,-6.5481347614702905,-14.444267505260202,-25.14145103548033,-25.895127374976724,-26.543243409818768,-38.421455301890035,-44.08575089465873,-35.01746164178164,-38.01395827984459,-58.373368377020526,-98.35047134087696,-105.20137247932773,157.40255392943402,642.5500034578477,656.7966516517322,-35.20482045210704,-528.8936441414264,-311.0184167069183,-39.102154182100186,-82.82647307237215,-81.97473897472773,9.962813969559491,-7.029062574700525,-25.221918995424577,23.38288357607241,24.182010129115184,-1.1229863862037304,15.368565661964112,31.39983292499449,21.082665141855564,9.563911425895661,7.253732746631684,-2.7119141781116074,-37.751419148468436,-66.6418296598871,-53.96352387835451,-35.088846924431536,-38.20888603431229,-29.46461624396455,1.1522089813892205,28.797921659150546,52.9801383839546,77.50239330875985,93.07032482001318,103.00667482675553,110.5635950695633,104.25411778798767,78.36632704216197,37.25462935268535,-11.252083299298937,-53.321501553690986,-80.56704524741724,-93.02791532958176,-84.7128127564574,-59.62510393127661,-43.08017624925782,-40.89456858039987,-31.76957435257163,-14.337040042440373,-4.312206751192033,-0.9890733230258153,1.3836969321271475,3.396496228911203,7.223048831941775,7.940385605850868,3.0713213159633383,3.12162080548329,4.598376185893177,-5.986876077136948,-16.276372342983773,-8.677442459582744,5.037705319093517,6.728179595785965,-1.8533212230450307,-8.673874053676371,-6.222818921688027,2.245080554658924,7.191516899646494,5.585062857227202,2.5906279380382413,1.6015412075174331,1.789615634487719,2.6670926435333797,2.8719997311331515,0.7640006803505889,0.5496515899154208,3.767512038556596,1.04326514205094,-7.854328725657935,-9.440880281130505,-5.8314469087504515,-10.430457049231034,-19.01235379833698,-21.800556184807466,-18.83566814037657,-6.807921409657364,14.565542573109695,32.55479196484879,40.07239263837225,37.14347802271018,20.773998240210624,1.9323751675750382,-1.9556491230320234,-0.3860507240178932,-6.88828027429129,-8.089838442506274,1.318774962344977,5.431490248830097,-4.949873570088547,-37.96147781314123,-78.9479469723404,-79.08829669665035,-51.880313059608746,-58.02168176835457,-89.22437430896676,-126.18803304919709,-76.903946059263,279.0687710672833,712.9657646689184,511.2185042657951,-229.62974448668365,-524.5754055374805,-214.20998994683902,-32.49873024794523,-95.423697238979,-48.38987652015929,19.002317160223924,-24.005276877596025,-23.598508280655913,20.81628414566301,9.775228437262333,-0.2721171183498994,14.554047218950288,4.050799881946294,-10.5983205614007,-9.570738815682384,-16.460606048408764,-23.719514320142256,-23.40686560927383,-30.428652107601515,-34.993892467250085,-24.223096322126064,-10.279582047701263,3.3110915093356823,21.801647080061766,40.534286912483765,60.3351492313321,82.04211773848681,97.21666133629742,108.85478535454902,115.47710250867527,93.2955449425619,44.589633645179696,3.861619693101961,-24.261803970768256,-55.601428515157764,-77.71386231511221,-75.93301961348652,-62.35091683014406,-49.51448992104442,-37.354701845243,-24.103157598006547,-11.416852170495156,-6.744437054137286,-10.85767432292942,-10.394221413990907,-4.7564777082394585,-8.443627980217428,-14.053131911548885,-4.496078454267193,5.4175561170220305,-3.3378891105905932
Time (s),0.0,0.007692307692307693,0.015384615384615385,0.023076923076923078,0.03076923076923077,0.038461538461538464,0.046153846153846156,0.05384615384615385,0.06153846153846154,0.06923076923076923,0.07692307692307693,0.08461538461538462,0.09230769230769231,0.1,0.1076923076923077,0.11538461538461539,0.12307692307692308,0.13076923076923078,0.13846153846153847,0.14615384615384616,0.15384615384615385,0.16153846153846155,0.16923076923076924,0.17692307692307693,0.18461538461538463,0.19230769230769232,0.2,0.2076923076923077,0.2153846153846154,0.2230769230769231,0.23076923076923078,0.23846153846153847,0.24615384615384617,0.25384615384615383,0.26153846153846155,0.2692307692307693,0.27692307692307694,0.2846153846153846,0.2923076923076923,0.30000000000000004,0.3076923076923077,0.3153846153846154,0.3230769230769231,0.3307692307692308,0.3384615384615385,0.34615384615384615,0.35384615384615387,0.3615384615384616,0.36923076923076925,0.3769230769230769,0.38461538461538464,0.39230769230769236,0.4,0.4076923076923077,0.4153846153846154,0.42307692307692313,0.4307692307692308,0.43846153846153846,0.4461538461538462,0.4538461538461539,0.46153846153846156,0.46923076923076923,0.47692307692307695,0.48461538461538467,0.49230769230769234,0.5,0.5076923076923077,0.5153846153846154,0.5230769230769231,0.5307692307692308,0.5384615384615385,0.5461538461538462,0.5538461538461539,0.5615384615384615,0.5692307692307692,0.576923076923077,0.5846153846153846,0.5923076923076923,0.6000000000000001,0.6076923076923078,0.6153846153846154,0.6230769230769231,0.6307692307692307,0.6384615384615385,0.6461538461538462,0.6538461538461539,0.6615384615384616,0.6692307692307693,0.676923076923077,0.6846153846153846,0.6923076923076923,0.7000000000000001,0.7076923076923077,0.7153846153846154,0.7230769230769232,0.7307692307692308,0.7384615384615385,0.7461538461538462,0.7538461538461538,0.7615384615384616,0.7692307692307693,0.7769230769230769,0.7846153846153847,0.7923076923076924,0.8,0.8076923076923077,0.8153846153846154,0.8230769230769232,0.8307692307692308,0.8384615384615385,0.8461538461538463,0.8538461538461539,0.8615384615384616,0.8692307692307693,0.8769230769230769,0.8846153846153847,0.8923076923076924,0.9,0.9076923076923078,0.9153846153846155,0.9230769230769231,0.9307692307692308,0.9384615384615385,0.9461538461538462,0.9538461538461539,0.9615384615384616,0.9692307692307693,0.976923076923077,0.9846153846153847,0.9923076923076923,1.0,1.0076923076923077,1.0153846153846153,1.0230769230769232,1.0307692307692309,1.0384615384615385,1.0461538461538462,1.0538461538461539,1.0615384615384615,1.0692307692307692,1.076923076923077,1.0846153846153848,1.0923076923076924,1.1,1.1076923076923078,1.1153846153846154,1.123076923076923,1.1307692307692307,1.1384615384615384,1.1461538461538463,1.153846153846154,1.1615384615384616,1.1692307692307693,1.176923076923077,1.1846153846153846,1.1923076923076923,1.2000000000000002,1.2076923076923078,1.2153846153846155,1.2230769230769232,1.2307692307692308,1.2384615384615385,1.2461538461538462,1.2538461538461538,1.2615384615384615,1.2692307692307694,1.276923076923077,1.2846153846153847,1.2923076923076924,1.3,1.3076923076923077,1.3153846153846154,1.3230769230769233,1.330769230769231,1.3384615384615386,1.3461538461538463,1.353846153846154,1.3615384615384616,1.3692307692307693,1.376923076923077,1.3846153846153846,1.3923076923076925,1.4000000000000001,1.4076923076923078,1.4153846153846155,1.4230769230769231,1.4307692307692308,1.4384615384615385,1.4461538461538463,1.453846153846154,1.4615384615384617,1.4692307692307693,1.476923076923077,1.4846153846153847,1.4923076923076923,1.5,1.5076923076923077,1.5153846153846156,1.5230769230769232,1.5307692307692309,1.5384615384615385,1.5461538461538462,1.5538461538461539,1.5615384615384615,1.5692307692307694,1.576923076923077,1.5846153846153848,1.5923076923076924,1.6,1.6076923076923078,1.6153846153846154,1.623076923076923,1.6307692307692307,1.6384615384615386,1.6461538461538463,1.653846153846154,1.6615384615384616,1.6692307692307693,1.676923076923077,1.6846153846153846,1.6923076923076925,1.7000000000000002,1.7076923076923078,1.7153846153846155,1.7230769230769232,1.7307692307692308,1.7384615384615385,1.7461538461538462,1.7538461538461538,1.7615384615384617,1.7692307692307694,1.776923076923077,1.7846153846153847,1.7923076923076924,1.8,1.8076923076923077,1.8153846153846156,1.8230769230769233,1.830769230769231,1.8384615384615386,1.8461538461538463,1.853846153846154,1.8615384615384616,1.8692307692307693,1.876923076923077,1.8846153846153848,1.8923076923076925,1.9000000000000001,1.9076923076923078,1.9153846153846155,1.9230769230769231,1.9307692307692308,1.9384615384615387,1.9461538461538463,1.953846153846154,1.9615384615384617,1.9692307692307693,1.976923076923077,1.9846153846153847,1.9923076923076923,2.0,2.0076923076923077,2.0153846153846153,2.023076923076923,2.0307692307692307,2.0384615384615388,2.0461538461538464,2.053846153846154,2.0615384615384618,2.0692307692307694,2.076923076923077,2.0846153846153848,2.0923076923076924,2.1,2.1076923076923078,2.1153846153846154,2.123076923076923,2.1307692307692307,2.1384615384615384,2.146153846153846,2.153846153846154,2.161538461538462,2.1692307692307695,2.176923076923077,2.184615384615385,2.1923076923076925,2.2,2.207692307692308,2.2153846153846155,2.223076923076923,2.230769230769231,2.2384615384615385,2.246153846153846,2.253846153846154,2.2615384615384615,2.269230769230769,2.276923076923077,2.284615384615385,2.2923076923076926,2.3000000000000003,2.307692307692308,2.3153846153846156,2.3230769230769233,2.330769230769231,2.3384615384615386,2.3461538461538463,2.353846153846154,2.3615384615384616,2.3692307692307693,2.376923076923077,2.3846153846153846,2.3923076923076922,2.4000000000000004,2.407692307692308,2.4153846153846157,2.4230769230769234,2.430769230769231,2.4384615384615387,2.4461538461538463,2.453846153846154,2.4615384615384617,2.4692307692307693,2.476923076923077,2.4846153846153847,2.4923076923076923,2.5,2.5076923076923077,2.5153846153846153,2.523076923076923,2.530769230769231,2.5384615384615388,2.5461538461538464,2.553846153846154,2.5615384615384618,2.5692307692307694,2.576923076923077,2.5846153846153848,2.5923076923076924,2.6,2.6076923076923078,2.6153846153846154,2.623076923076923,2.6307692307692307,2.6384615384615384,2.6461538461538465,2.653846153846154,2.661538461538462,2.6692307692307695,2.676923076923077,2.684615384615385,2.6923076923076925,2.7,2.707692307692308,2.7153846153846155,2.723076923076923,2.730769230769231,2.7384615384615385,2.746153846153846,2.753846153846154,2.7615384615384615,2.769230769230769,2.7769230769230773,2.784615384615385,2.7923076923076926,2.8000000000000003,2.807692307692308,2.8153846153846156,2.8230769230769233,2.830769230769231,2.8384615384615386,2.8461538461538463,2.853846153846154,2.8615384615384616,2.8692307692307693,2.876923076923077,2.8846153846153846,2.8923076923076927,2.9000000000000004,2.907692307692308,2.9153846153846157,2.9230769230769234,2.930769230769231,2.9384615384615387,2.9461538461538463,2.953846153846154,2.9615384615384617,2.9692307692307693,2.976923076923077,2.9846153846153847,2.9923076923076923,3.0,3.0076923076923077,3.0153846153846153,3.0230769230769234,3.030769230769231,3.0384615384615388,3.0461538461538464,3.053846153846154,3.0615384615384618,3.0692307692307694,3.076923076923077,3.0846153846153848,3.0923076923076924,3.1,3.1076923076923078,3.1153846153846154,3.123076923076923,3.1307692307692307,3.138461538461539,3.1461538461538465,3.153846153846154,3.161538461538462,3.1692307692307695,3.176923076923077,3.184615384615385,3.1923076923076925,3.2,3.207692307692308,3.2153846153846155,3.223076923076923,3.230769230769231,3.2384615384615385,3.246153846153846,3.253846153846154,3.2615384615384615,3.2692307692307696,3.2769230769230773,3.284615384615385,3.2923076923076926,3.3000000000000003,3.307692307692308,3.3153846153846156,3.3230769230769233,3.330769230769231,3.3384615384615386,3.3461538461538463,3.353846153846154,3.3615384615384616,3.3692307692307693,3.376923076923077,3.384615384615385,3.3923076923076927,3.4000000000000004,3.407692307692308,3.4153846153846157,3.4230769230769234,3.430769230769231,3.4384615384615387,3.4461538461538463,3.453846153846154,3.4615384615384617,3.4692307692307693,3.476923076923077,3.4846153846153847,3.4923076923076923,3.5,3.5076923076923077,3.5153846153846158,3.5230769230769234,3.530769230769231,3.5384615384615388,3.5461538461538464,3.553846153846154,3.5615384615384618,3.5692307692307694,3.576923076923077,3.5846153846153848,3.5923076923076924,3.6,3.6076923076923078,3.6153846153846154,3.623076923076923,3.630769230769231,3.638461538461539,3.6461538461538465,3.653846153846154,3.661538461538462,3.6692307692307695,3.676923076923077,3.684615384615385,3.6923076923076925,3.7,3.707692307692308,3.7153846153846155,3.723076923076923,3.730769230769231,3.7384615384615385,3.746153846153846,3.753846153846154,3.761538461538462,3.7692307692307696,3.7769230769230773,3.784615384615385,3.7923076923076926,3.8000000000000003,3.807692307692308,3.8153846153846156,3.8230769230769233,3.830769230769231,3.8384615384615386,3.8461538461538463,3.853846153846154,3.8615384615384616,3.8692307692307693,3.8769230769230774,3.884615384615385,3.8923076923076927,3.9000000000000004,3.907692307692308,3.9153846153846157,3.9230769230769234,3.930769230769231,3.9384615384615387,3.9461538461538463,3.953846153846154,3.9615384615384617,3.9692307692307693,3.976923076923077,3.9846153846153847,3.9923076923076923,4.0,4.007692307692308,4.015384615384615,4.023076923076923,4.030769230769231,4.038461538461538,4.046153846153846,4.053846153846154,4.061538461538461,4.06923076923077,4.0769230769230775,4.084615384615385,4.092307692307693,4.1000000000000005,4.107692307692308,4.115384615384616,4.1230769230769235,4.130769230769231,4.138461538461539,4.1461538461538465,4.153846153846154,4.161538461538462,4.1692307692307695,4.176923076923077,4.184615384615385,4.1923076923076925,4.2,4.207692307692308,4.2153846153846155,4.223076923076923,4.230769230769231,4.2384615384615385,4.246153846153846,4.253846153846154,4.2615384615384615,4.269230769230769,4.276923076923077,4.2846153846153845,4.292307692307692,4.3,4.307692307692308,4.315384615384616,4.323076923076924,4.330769230769231,4.338461538461539,4.346153846153847,4.353846153846154,4.361538461538462,4.36923076923077,4.376923076923077,4.384615384615385,4.392307692307693,4.4,4.407692307692308,4.415384615384616,4.423076923076923,4.430769230769231,4.438461538461539,4.446153846153846,4.453846153846154,4.461538461538462,4.469230769230769,4.476923076923077,4.484615384615385,4.492307692307692,4.5,4.507692307692308,4.515384615384615,4.523076923076923,4.530769230769231,4.538461538461538,4.546153846153846,4.553846153846154,4.561538461538462,4.56923076923077,4.5769230769230775,4.584615384615385,4.592307692307693,4.6000000000000005,4.607692307692308,4.615384615384616,4.6230769230769235,4.630769230769231,4.638461538461539,4.6461538461538465,4.653846153846154,4.661538461538462,4.6692307692307695,4.676923076923077,4.684615384615385,4.6923076923076925,4.7,4.707692307692308,4.7153846153846155,4.723076923076923,4.730769230769231,4.7384615384615385,4.746153846153846,4.753846153846154,4.7615384615384615,4.769230769230769,4.776923076923077,4.7846153846153845,4.792307692307692,4.800000000000001,4.807692307692308,4.815384615384616,4.823076923076924,4.830769230769231,4.838461538461539,4.846153846153847,4.853846153846154,4.861538461538462,4.86923076923077,4.876923076923077,4.884615384615385,4.892307692307693,4.9,4.907692307692308,4.915384615384616,4.923076923076923,4.930769230769231,4.938461538461539,4.946153846153846,4.953846153846154,4.961538461538462,4.969230769230769,4.976923076923077,4.984615384615385,4.992307692307692,5.0,5.007692307692308,5.015384615384615,5.023076923076923,5.030769230769231,5.038461538461538,5.046153846153846,5.0538461538461545,5.061538461538462,5.06923076923077,5.0769230769230775,5.084615384615385,5.092307692307693,5.1000000000000005,5.107692307692308,5.115384615384616,5.1230769230769235,5.130769230769231,5.138461538461539,5.1461538461538465,5.153846153846154,5.161538461538462,5.1692307692307695,5.176923076923077,5.184615384615385,5.1923076923076925,5.2,5.207692307692308,5.2153846153846155,5.223076923076923,5.230769230769231,5.2384615384615385,5.246153846153846,5.253846153846154,5.2615384615384615,5.269230769230769,5.276923076923077,5.2846153846153845,5.292307692307693,5.300000000000001,5.307692307692308,5.315384615384616,5.323076923076924,5.330769230769231,5.338461538461539,5.346153846153847,5.353846153846154,5.361538461538462,5.36923076923077,5.376923076923077,5.384615384615385,5.392307692307693,5.4,5.407692307692308,5.415384615384616,5.423076923076923,5.430769230769231,5.438461538461539,5.446153846153846,5.453846153846154,5.461538461538462,5.469230769230769,5.476923076923077,5.484615384615385,5.492307692307692,5.5,5.507692307692308,5.515384615384615,5.523076923076923,5.530769230769231,5.538461538461538,5.546153846153847,5.5538461538461545,5.561538461538462,5.56923076923077,5.5769230769230775,5.584615384615385,5.592307692307693,5.6000000000000005,5.607692307692308,5.615384615384616,5.6230769230769235,5.630769230769231,5.638461538461539,5.6461538461538465,5.653846153846154,5.661538461538462,5.6692307692307695,5.676923076923077,5.684615384615385,5.6923076923076925,5.7,5.707692307692308,5.7153846153846155,5.723076923076923,5.730769230769231,5.7384615384615385,5.746153846153846,5.753846153846154,5.7615384615384615,5.769230769230769,5.776923076923077,5.784615384615385,5.792307692307693,5.800000000000001,5.807692307692308,5.815384615384616,5.823076923076924,5.830769230769231,5.838461538461539,5.846153846153847,5.853846153846154,5.861538461538462,5.86923076923077,5.876923076923077,5.884615384615385,5.892307692307693,5.9,5.907692307692308,5.915384615384616,5.923076923076923,5.930769230769231,5.938461538461539,5.946153846153846,5.953846153846154,5.961538461538462,5.969230769230769,5.976923076923077,5.984615384615385,5.992307692307692,6.0,6.007692307692308,6.015384615384615,6.023076923076923,6.030769230769231,6.038461538461539,6.046153846153847,6.0538461538461545,6.061538461538462,6.06923076923077,6.0769230769230775,6.084615384615385,6.092307692307693,6.1000000000000005,6.107692307692308,6.115384615384616,6.1230769230769235,6.130769230769231,6.138461538461539,6.1461538461538465,6.153846153846154,6.161538461538462,6.1692307692307695,6.176923076923077,6.184615384615385,6.1923076923076925,6.2,6.207692307692308,6.2153846153846155,6.223076923076923,6.230769230769231,6.2384615384615385,6.246153846153846,6.253846153846154,6.2615384615384615,6.269230769230769,6.276923076923078,6.284615384615385,6.292307692307693,6.300000000000001,6.307692307692308,6.315384615384616,6.323076923076924,6.330769230769231,6.338461538461539,6.346153846153847,6.353846153846154,6.361538461538462,6.36923076923077,6.376923076923077,6.384615384615385,6.392307692307693,6.4,6.407692307692308,6.415384615384616,6.423076923076923,6.430769230769231,6.438461538461539,6.446153846153846,6.453846153846154,6.461538461538462,6.469230769230769,6.476923076923077,6.484615384615385,6.492307692307692,6.5,6.507692307692308,6.515384615384615,6.523076923076923,6.5307692307692315,6.538461538461539,6.546153846153847,6.5538461538461545,6.561538461538462,6.56923076923077,6.5769230769230775,6.584615384615385,6.592307692307693,6.6000000000000005,6.607692307692308,6.615384615384616,6.6230769230769235,6.630769230769231,6.638461538461539,6.6461538461538465,6.653846153846154,6.661538461538462,6.6692307692307695,6.676923076923077,6.684615384615385,6.6923076923076925,6.7,6.707692307692308,6.7153846153846155,6.723076923076923,6.730769230769231,6.7384615384615385,6.746153846153846,6.753846153846154,6.7615384615384615,6.76923076923077,6.776923076923078,6.784615384615385,6.792307692307693,6.800000000000001,6.807692307692308,6.815384615384616,6.823076923076924,6.830769230769231,6.838461538461539,6.846153846153847,6.853846153846154,6.861538461538462,6.86923076923077,6.876923076923077,6.884615384615385,6.892307692307693,6.9,6.907692307692308,6.915384615384616,6.923076923076923,6.930769230769231,6.938461538461539,6.946153846153846,6.953846153846154,6.961538461538462,6.969230769230769,6.976923076923077,6.984615384615385,6.992307692307692,7.0,7.007692307692308,7.015384615384615,7.023076923076924,7.0307692307692315,7.038461538461539,7.046153846153847,7.0538461538461545,7.061538461538462,7.06923076923077,7.0769230769230775,7.084615384615385,7.092307692307693,7.1000000000000005,7.107692307692308,7.115384615384616,7.1230769230769235,7.130769230769231,7.138461538461539,7.1461538461538465,7.153846153846154,7.161538461538462,7.1692307692307695,7.176923076923077,7.184615384615385,7.1923076923076925,7.2,7.207692307692308,7.2153846153846155,7.223076923076923,7.230769230769231,7.2384615384615385,7.246153846153846,7.253846153846154,7.261538461538462,7.26923076923077,7.276923076923078,7.284615384615385,7.292307692307693,7.300000000000001,7.307692307692308,7.315384615384616,7.323076923076924,7.330769230769231,7.338461538461539,7.346153846153847,7.353846153846154,7.361538461538462,7.36923076923077,7.376923076923077,7.384615384615385,7.392307692307693,7.4,7.407692307692308,7.415384615384616,7.423076923076923,7.430769230769231,7.438461538461539,7.446153846153846,7.453846153846154,7.461538461538462,7.469230769230769,7.476923076923077,7.484615384615385,7.492307692307692,7.5,7.507692307692308,7.515384615384616,7.523076923076924,7.5307692307692315,7.538461538461539,7.546153846153847,7.5538461538461545,7.561538461538462,7.56923076923077,7.5769230769230775,7.584615384615385,7.592307692307693,7.6000000000000005,7.607692307692308,7.615384615384616,7.6230769230769235,7.630769230769231,7.638461538461539,7.6461538461538465,7.653846153846154,7.661538461538462,7.6692307692307695,7.676923076923077,7.684615384615385,7.6923076923076925,7.7,7.707692307692308,7.7153846153846155,7.723076923076923,7.730769230769231,7.7384615384615385,7.746153846153846,7.753846153846155,7.761538461538462,7.76923076923077,7.776923076923078,7.784615384615385,7.792307692307693,7.800000000000001,7.807692307692308,7.815384615384616,7.823076923076924,7.830769230769231,7.838461538461539,7.846153846153847,7.853846153846154,7.861538461538462,7.86923076923077,7.876923076923077,7.884615384615385,7.892307692307693,7.9,7.907692307692308,7.915384615384616,7.923076923076923,7.930769230769231,7.938461538461539,7.946153846153846,7.953846153846154,7.961538461538462,7.969230769230769,7.976923076923077,7.984615384615385,7.992307692307692,8.0,8.007692307692308,8.015384615384615,8.023076923076923,8.03076923076923,8.038461538461538,8.046153846153846,8.053846153846154,8.061538461538461,8.069230769230769,8.076923076923077,8.084615384615384,8.092307692307692,8.1,8.107692307692307,8.115384615384615,8.123076923076923,8.130769230769232,8.13846153846154,8.146153846153847,8.153846153846155,8.161538461538463,8.16923076923077,8.176923076923078,8.184615384615386,8.192307692307693,8.200000000000001,8.207692307692309,8.215384615384616,8.223076923076924,8.230769230769232,8.23846153846154,8.246153846153847,8.253846153846155,8.261538461538462,8.26923076923077,8.276923076923078,8.284615384615385,8.292307692307693,8.3,8.307692307692308,8.315384615384616,8.323076923076924,8.330769230769231,8.338461538461539,8.346153846153847,8.353846153846154,8.361538461538462,8.36923076923077,8.376923076923077,8.384615384615385,8.392307692307693,8.4,8.407692307692308,8.415384615384616,8.423076923076923,8.430769230769231,8.438461538461539,8.446153846153846,8.453846153846154,8.461538461538462,8.46923076923077,8.476923076923077,8.484615384615385,8.492307692307692,8.5,8.507692307692308,8.515384615384615,8.523076923076923,8.53076923076923,8.538461538461538,8.546153846153846,8.553846153846154,8.561538461538461,8.569230769230769,8.576923076923077,8.584615384615384,8.592307692307692,8.6,8.607692307692307,8.615384615384617,8.623076923076924,8.630769230769232,8.63846153846154,8.646153846153847,8.653846153846155,8.661538461538463,8.66923076923077,8.676923076923078,8.684615384615386,8.692307692307693,8.700000000000001,8.707692307692309,8.715384615384616,8.723076923076924,8.730769230769232,8.73846153846154,8.746153846153847,8.753846153846155,8.761538461538462,8.76923076923077,8.776923076923078,8.784615384615385,8.792307692307693,8.8,8.807692307692308,8.815384615384616,8.823076923076924,8.830769230769231,8.838461538461539,8.846153846153847,8.853846153846154,8.861538461538462,8.86923076923077,8.876923076923077,8.884615384615385,8.892307692307693,8.9,8.907692307692308,8.915384615384616,8.923076923076923,8.930769230769231,8.938461538461539,8.946153846153846,8.953846153846154,8.961538461538462,8.96923076923077,8.976923076923077,8.984615384615385,8.992307692307692,9.0,9.007692307692308,9.015384615384615,9.023076923076923,9.03076923076923,9.038461538461538,9.046153846153846,9.053846153846154,9.061538461538461,9.069230769230769,9.076923076923077,9.084615384615384,9.092307692307692,9.1,9.107692307692307,9.115384615384617,9.123076923076924,9.130769230769232,9.13846153846154,9.146153846153847,9.153846153846155,9.161538461538463,9.16923076923077,9.176923076923078,9.184615384615386,9.192307692307693,9.200000000000001,9.207692307692309,9.215384615384616,9.223076923076924,9.230769230769232,9.23846153846154,9.246153846153847,9.253846153846155,9.261538461538462,9.26923076923077,9.276923076923078,9.284615384615385,9.292307692307693,9.3,9.307692307692308,9.315384615384616,9.323076923076924,9.330769230769231,9.338461538461539,9.346153846153847,9.353846153846154,9.361538461538462,9.36923076923077,9.376923076923077,9.384615384615385,9.392307692307693,9.4,9.407692307692308,9.415384615384616,9.423076923076923,9.430769230769231,9.438461538461539,9.446153846153846,9.453846153846154,9.461538461538462,9.46923076923077,9.476923076923077,9.484615384615385,9.492307692307692,9.5,9.507692307692308,9.515384615384615,9.523076923076923,9.53076923076923,9.538461538461538,9.546153846153846,9.553846153846154,9.561538461538461,9.569230769230769,9.576923076923077,9.584615384615384,9.592307692307692,9.600000000000001,9.607692307692309,9.615384615384617,9.623076923076924,9.630769230769232,9.63846153846154,9.646153846153847,9.653846153846155,9.661538461538463,9.66923076923077,9.676923076923078,9.684615384615386,9.692307692307693,9.700000000000001,9.707692307692309,9.715384615384616,9.723076923076924,9.730769230769232,9.73846153846154,9.746153846153847,9.753846153846155,9.761538461538462,9.76923076923077,9.776923076923078,9.784615384615385,9.792307692307693,9.8,9.807692307692308,9.815384615384616,9.823076923076924,9.830769230769231,9.838461538461539,9.846153846153847,9.853846153846154,9.861538461538462,9.86923076923077,9.876923076923077,9.884615384615385,9.892307692307693,9.9,9.907692307692308,9.915384615384616,9.923076923076923,9.930769230769231,9.938461538461539,9.946153846153846,9.953846153846154,9.961538461538462,9.96923076923077,9.976923076923077,9.984615384615385,9.992307692307692,10.0,10.007692307692308,10.015384615384615,10.023076923076923,10.03076923076923,10.038461538461538,10.046153846153846,10.053846153846154,10.061538461538461,10.069230769230769,10.076923076923077,10.084615384615384,10.092307692307692,10.100000000000001,10.107692307692309,10.115384615384617,10.123076923076924,10.130769230769232,10.13846153846154,10.146153846153847,10.153846153846155,10.161538461538463,10.16923076923077,10.176923076923078,10.184615384615386,10.192307692307693,10.200000000000001,10.207692307692309,10.215384615384616,10.223076923076924,10.230769230769232,10.23846153846154,10.246153846153847,10.253846153846155,10.261538461538462,10.26923076923077,10.276923076923078,10.284615384615385,10.292307692307693,10.3,10.307692307692308,10.315384615384616,10.323076923076924,10.330769230769231,10.338461538461539,10.346153846153847,10.353846153846154,10.361538461538462,10.36923076923077,10.376923076923077,10.384615384615385,10.392307692307693,10.4,10.407692307692308,10.415384615384616,10.423076923076923,10.430769230769231,10.438461538461539,10.446153846153846,10.453846153846154,10.461538461538462,10.46923076923077,10.476923076923077,10.484615384615385,10.492307692307692,10.5,10.507692307692308,10.515384615384615,10.523076923076923,10.53076923076923,10.538461538461538,10.546153846153846,10.553846153846154,10.561538461538461,10.569230769230769,10.576923076923077,10.584615384615386,10.592307692307694,10.600000000000001,10.607692307692309,10.615384615384617,10.623076923076924,10.630769230769232,10.63846153846154,10.646153846153847,10.653846153846155,10.661538461538463,10.66923076923077,10.676923076923078,10.684615384615386,10.692307692307693,10.700000000000001,10.707692307692309,10.715384615384616,10.723076923076924,10.730769230769232,10.73846153846154,10.746153846153847,10.753846153846155,10.761538461538462,10.76923076923077,10.776923076923078,10.784615384615385,10.792307692307693,10.8,10.807692307692308,10.815384615384616,10.823076923076924,10.830769230769231,10.838461538461539,10.846153846153847,10.853846153846154,10.861538461538462,10.86923076923077,10.876923076923077,10.884615384615385,10.892307692307693,10.9,10.907692307692308,10.915384615384616,10.923076923076923,10.930769230769231,10.938461538461539,10.946153846153846,10.953846153846154,10.961538461538462,10.96923076923077,10.976923076923077,10.984615384615385,10.992307692307692,11.0,11.007692307692308,11.015384615384615,11.023076923076923,11.03076923076923,11.038461538461538,11.046153846153846,11.053846153846154,11.061538461538461,11.069230769230769,11.076923076923077,11.084615384615386,11.092307692307694,11.100000000000001,11.107692307692309,11.115384615384617,11.123076923076924,11.130769230769232,11.13846153846154,11.146153846153847,11.153846153846155,11.161538461538463,11.16923076923077,11.176923076923078,11.184615384615386,11.192307692307693,11.200000000000001,11.207692307692309,11.215384615384616,11.223076923076924,11.230769230769232,11.23846153846154,11.246153846153847,11.253846153846155,11.261538461538462,11.26923076923077,11.276923076923078,11.284615384615385,11.292307692307693,11.3,11.307692307692308,11.315384615384616,11.323076923076924,11.330769230769231,11.338461538461539,11.346153846153847,11.353846153846154,11.361538461538462,11.36923076923077,11.376923076923077,11.384615384615385,11.392307692307693,11.4,11.407692307692308,11.415384615384616,11.423076923076923,11.430769230769231,11.438461538461539,11.446153846153846,11.453846153846154,11.461538461538462,11.46923076923077,11.476923076923077,11.484615384615385,11.492307692307692,11.5,11.507692307692308,11.515384615384615,11.523076923076923,11.53076923076923,11.538461538461538,11.546153846153846,11.553846153846154,11.561538461538461,11.56923076923077,11.576923076923078,11.584615384615386,11.592307692307694,11.600000000000001,11.607692307692309,11.615384615384617,11.623076923076924,11.630769230769232,11.63846153846154,11.646153846153847,11.653846153846155,11.661538461538463,11.66923076923077,11.676923076923078,11.684615384615386,11.692307692307693,11.700000000000001,11.707692307692309,11.715384615384616,11.723076923076924,11.730769230769232,11.73846153846154,11.746153846153847,11.753846153846155,11.761538461538462,11.76923076923077,11.776923076923078,11.784615384615385,11.792307692307693,11.8,11.807692307692308,11.815384615384616,11.823076923076924,11.830769230769231,11.838461538461539,11.846153846153847,11.853846153846154,11.861538461538462,11.86923076923077,11.876923076923077,11.884615384615385,11.892307692307693,11.9,11.907692307692308,11.915384615384616,11.923076923076923,11.930769230769231,11.938461538461539,11.946153846153846,11.953846153846154,11.961538461538462,11.96923076923077,11.976923076923077,11.984615384615385,11.992307692307692,12.0,12.007692307692308,12.015384615384615,12.023076923076923,12.03076923076923,12.038461538461538,12.046153846153846,12.053846153846154,12.061538461538461,12.06923076923077,12.076923076923078,12.084615384615386,12.092307692307694,12.100000000000001,12.107692307692309,12.115384615384617,12.123076923076924,12.130769230769232,12.13846153846154,12.146153846153847,12.153846153846155,12.161538461538463,12.16923076923077,12.176923076923078,12.184615384615386,12.192307692307693,12.200000000000001,12.207692307692309,12.215384615384616,12.223076923076924,12.230769230769232,12.23846153846154,12.246153846153847,12.253846153846155,12.261538461538462,12.26923076923077,12.276923076923078,12.284615384615385,12.292307692307693,12.3,12.307692307692308,12.315384615384616,12.323076923076924,12.330769230769231,12.338461538461539,12.346153846153847,12.353846153846154,12.361538461538462,12.36923076923077,12.376923076923077,12.384615384615385,12.392307692307693,12.4,12.407692307692308,12.415384615384616,12.423076923076923,12.430769230769231,12.438461538461539,12.446153846153846,12.453846153846154,12.461538461538462,12.46923076923077,12.476923076923077,12.484615384615385,12.492307692307692,12.5,12.507692307692308,12.515384615384615,12.523076923076923,12.53076923076923,12.538461538461538,12.546153846153846,12.553846153846155,12.561538461538463,12.56923076923077,12.576923076923078,12.584615384615386,12.592307692307694,12.600000000000001,12.607692307692309,12.615384615384617,12.623076923076924,12.630769230769232,12.63846153846154,12.646153846153847,12.653846153846155,12.661538461538463,12.66923076923077,12.676923076923078,12.684615384615386,12.692307692307693,12.700000000000001,12.707692307692309,12.715384615384616,12.723076923076924,12.730769230769232,12.73846153846154,12.746153846153847,12.753846153846155,12.761538461538462,12.76923076923077,12.776923076923078,12.784615384615385,12.792307692307693,12.8,12.807692307692308,12.815384615384616,12.823076923076924,12.830769230769231,12.838461538461539,12.846153846153847,12.853846153846154,12.861538461538462,12.86923076923077,12.876923076923077,12.884615384615385,12.892307692307693,12.9,12.907692307692308,12.915384615384616,12.923076923076923,12.930769230769231,12.938461538461539,12.946153846153846,12.953846153846154,12.961538461538462,12.96923076923077,12.976923076923077,12.984615384615385,12.992307692307692,13.0,13.007692307692308,13.015384615384615,13.023076923076923,13.03076923076923,13.038461538461538,13.046153846153846,13.053846153846155,13.061538461538463,13.06923076923077,13.076923076923078,13.084615384615386,13.092307692307694,13.100000000000001,13.107692307692309,13.115384615384617,13.123076923076924,13.130769230769232,13.13846153846154,13.146153846153847,13.153846153846155,13.161538461538463,13.16923076923077,13.176923076923078,13.184615384615386,13.192307692307693,13.200000000000001,13.207692307692309,13.215384615384616,13.223076923076924,13.230769230769232,13.23846153846154,13.246153846153847,13.253846153846155,13.261538461538462,13.26923076923077,13.276923076923078,13.284615384615385,13.292307692307693,13.3,13.307692307692308,13.315384615384616,13.323076923076924,13.330769230769231,13.338461538461539,13.346153846153847,13.353846153846154,13.361538461538462,13.36923076923077,13.376923076923077,13.384615384615385,13.392307692307693,13.4,13.407692307692308,13.415384615384616,13.423076923076923,13.430769230769231,13.438461538461539,13.446153846153846,13.453846153846154,13.461538461538462,13.46923076923077,13.476923076923077,13.484615384615385,13.492307692307692,13.5,13.507692307692308,13.515384615384615,13.523076923076923,13.53076923076923,13.53846153846154,13.546153846153848,13.553846153846155,13.561538461538463,13.56923076923077,13.576923076923078,13.584615384615386,13.592307692307694,13.600000000000001,13.607692307692309,13.615384615384617,13.623076923076924,13.630769230769232,13.63846153846154,13.646153846153847,13.653846153846155,13.661538461538463,13.66923076923077,13.676923076923078,13.684615384615386,13.692307692307693,13.700000000000001,13.707692307692309,13.715384615384616,13.723076923076924,13.730769230769232,13.73846153846154,13.746153846153847,13.753846153846155,13.761538461538462,13.76923076923077,13.776923076923078,13.784615384615385,13.792307692307693,13.8,13.807692307692308,13.815384615384616,13.823076923076924,13.830769230769231,13.838461538461539,13.846153846153847,13.853846153846154,13.861538461538462,13.86923076923077,13.876923076923077,13.884615384615385,13.892307692307693,13.9,13.907692307692308,13.915384615384616,13.923076923076923,13.930769230769231,13.938461538461539,13.946153846153846,13.953846153846154,13.961538461538462,13.96923076923077,13.976923076923077,13.984615384615385,13.992307692307692,14.0,14.007692307692308,14.015384615384615,14.023076923076923,14.03076923076923,14.03846153846154,14.046153846153848,14.053846153846155,14.061538461538463,14.06923076923077,14.076923076923078,14.084615384615386,14.092307692307694,14.100000000000001,14.107692307692309,14.115384615384617,14.123076923076924,14.130769230769232,14.13846153846154,14.146153846153847,14.153846153846155,14.161538461538463,14.16923076923077,14.176923076923078,14.184615384615386,14.192307692307693,14.200000000000001,14.207692307692309,14.215384615384616,14.223076923076924,14.230769230769232,14.23846153846154,14.246153846153847,14.253846153846155,14.261538461538462,14.26923076923077,14.276923076923078,14.284615384615385,14.292307692307693,14.3,14.307692307692308,14.315384615384616,14.323076923076924,14.330769230769231,14.338461538461539,14.346153846153847,14.353846153846154,14.361538461538462,14.36923076923077,14.376923076923077,14.384615384615385,14.392307692307693,14.4,14.407692307692308,14.415384615384616,14.423076923076923,14.430769230769231,14.438461538461539,14.446153846153846,14.453846153846154,14.461538461538462,14.46923076923077,14.476923076923077,14.484615384615385,14.492307692307692,14.5,14.507692307692308,14.515384615384615,14.523076923076925,14.530769230769232,14.53846153846154,14.546153846153848,14.553846153846155,14.561538461538463,14.56923076923077,14.576923076923078,14.584615384615386,14.592307692307694,14.600000000000001,14.607692307692309,14.615384615384617,14.623076923076924,14.630769230769232,14.63846153846154,14.646153846153847,14.653846153846155,14.661538461538463,14.66923076923077,14.676923076923078,14.684615384615386,14.692307692307693,14.700000000000001,14.707692307692309,14.715384615384616,14.723076923076924,14.730769230769232,14.73846153846154,14.746153846153847,14.753846153846155,14.761538461538462,14.76923076923077,14.776923076923078,14.784615384615385,14.792307692307693,14.8,14.807692307692308,14.815384615384616,14.823076923076924,14.830769230769231,14.838461538461539,14.846153846153847,14.853846153846154,14.861538461538462,14.86923076923077,14.876923076923077,14.884615384615385,14.892307692307693,14.9,14.907692307692308,14.915384615384616,14.923076923076923,14.930769230769231,14.938461538461539,14.946153846153846,14.953846153846154,14.961538461538462,14.96923076923077,14.976923076923077,14.984615384615385,14.992307692307692,15.0,15.007692307692308,15.015384615384615,15.023076923076925,15.030769230769232,15.03846153846154,15.046153846153848,15.053846153846155,15.061538461538463,15.06923076923077,15.076923076923078,15.084615384615386,15.092307692307694,15.100000000000001,15.107692307692309,15.115384615384617,15.123076923076924,15.130769230769232,15.13846153846154,15.146153846153847,15.153846153846155,15.161538461538463,15.16923076923077,15.176923076923078,15.184615384615386,15.192307692307693,15.200000000000001,15.207692307692309,15.215384615384616,15.223076923076924,15.230769230769232,15.23846153846154,15.246153846153847,15.253846153846155,15.261538461538462,15.26923076923077,15.276923076923078,15.284615384615385,15.292307692307693,15.3,15.307692307692308,15.315384615384616,15.323076923076924,15.330769230769231,15.338461538461539,15.346153846153847,15.353846153846154,15.361538461538462,15.36923076923077,15.376923076923077,15.384615384615385,15.392307692307693,15.4,15.407692307692308,15.415384615384616,15.423076923076923,15.430769230769231,15.438461538461539,15.446153846153846,15.453846153846154,15.461538461538462,15.46923076923077,15.476923076923077,15.484615384615385,15.492307692307692,15.5,15.50769230769231,15.515384615384617,15.523076923076925,15.530769230769232,15.53846153846154,15.546153846153848,15.553846153846155,15.561538461538463,15.56923076923077,15.576923076923078,15.584615384615386,15.592307692307694,15.600000000000001,15.607692307692309,15.615384615384617,15.623076923076924,15.630769230769232,15.63846153846154,15.646153846153847,15.653846153846155,15.661538461538463,15.66923076923077,15.676923076923078,15.684615384615386,15.692307692307693,15.700000000000001,15.707692307692309,15.715384615384616,15.723076923076924,15.730769230769232,15.73846153846154,15.746153846153847,15.753846153846155,15.761538461538462,15.76923076923077,15.776923076923078,15.784615384615385,15.792307692307693,15.8,15.807692307692308,15.815384615384616,15.823076923076924,15.830769230769231,15.838461538461539,15.846153846153847,15.853846153846154,15.861538461538462,15.86923076923077,15.876923076923077,15.884615384615385,15.892307692307693,15.9,15.907692307692308,15.915384615384616,15.923076923076923,15.930769230769231,15.938461538461539,15.946153846153846,15.953846153846154,15.961538461538462,15.96923076923077,15.976923076923077,15.984615384615385,15.992307692307692,16.0,16.00769230769231,16.015384615384615,16.023076923076925,16.03076923076923,16.03846153846154,16.046153846153846,16.053846153846155,16.06153846153846,16.06923076923077,16.076923076923077,16.084615384615386,16.092307692307692,16.1,16.107692307692307,16.115384615384617,16.123076923076923,16.130769230769232,16.138461538461538,16.146153846153847,16.153846153846153,16.161538461538463,16.16923076923077,16.176923076923078,16.184615384615384,16.192307692307693,16.2,16.20769230769231,16.215384615384615,16.223076923076924,16.23076923076923,16.23846153846154,16.246153846153845,16.253846153846155,16.261538461538464,16.26923076923077,16.27692307692308,16.284615384615385,16.292307692307695,16.3,16.30769230769231,16.315384615384616,16.323076923076925,16.33076923076923,16.33846153846154,16.346153846153847,16.353846153846156,16.361538461538462,16.36923076923077,16.376923076923077,16.384615384615387,16.392307692307693,16.400000000000002,16.407692307692308,16.415384615384617,16.423076923076923,16.430769230769233,16.43846153846154,16.446153846153848,16.453846153846154,16.461538461538463,16.46923076923077,16.47692307692308,16.484615384615385,16.492307692307694,16.5,16.50769230769231,16.515384615384615,16.523076923076925,16.53076923076923,16.53846153846154,16.546153846153846,16.553846153846155,16.56153846153846,16.56923076923077,16.576923076923077,16.584615384615386,16.592307692307692,16.6,16.607692307692307,16.615384615384617,16.623076923076923,16.630769230769232,16.638461538461538,16.646153846153847,16.653846153846153,16.661538461538463,16.66923076923077,16.676923076923078,16.684615384615384,16.692307692307693,16.7,16.70769230769231,16.715384615384615,16.723076923076924,16.73076923076923,16.73846153846154,16.74615384615385,16.753846153846155,16.761538461538464,16.76923076923077,16.77692307692308,16.784615384615385,16.792307692307695,16.8,16.80769230769231,16.815384615384616,16.823076923076925,16.83076923076923,16.83846153846154,16.846153846153847,16.853846153846156,16.861538461538462,16.86923076923077,16.876923076923077,16.884615384615387,16.892307692307693,16.900000000000002,16.907692307692308,16.915384615384617,16.923076923076923,16.930769230769233,16.93846153846154,16.946153846153848,16.953846153846154,16.961538461538463,16.96923076923077,16.97692307692308,16.984615384615385,16.992307692307694,17.0,17.00769230769231,17.015384615384615,17.023076923076925,17.03076923076923,17.03846153846154,17.046153846153846,17.053846153846155,17.06153846153846,17.06923076923077,17.076923076923077,17.084615384615386,17.092307692307692,17.1,17.107692307692307,17.115384615384617,17.123076923076923,17.130769230769232,17.138461538461538,17.146153846153847,17.153846153846153,17.161538461538463,17.16923076923077,17.176923076923078,17.184615384615384,17.192307692307693,17.2,17.20769230769231,17.215384615384615,17.223076923076924,17.230769230769234,17.23846153846154,17.24615384615385,17.253846153846155,17.261538461538464,17.26923076923077,17.27692307692308,17.284615384615385,17.292307692307695,17.3,17.30769230769231,17.315384615384616,17.323076923076925,17.33076923076923,17.33846153846154,17.346153846153847,17.353846153846156,17.361538461538462,17.36923076923077,17.376923076923077,17.384615384615387,17.392307692307693,17.400000000000002,17.407692307692308,17.415384615384617,17.423076923076923,17.430769230769233,17.43846153846154,17.446153846153848,17.453846153846154,17.461538461538463,17.46923076923077,17.47692307692308,17.484615384615385,17.492307692307694,17.5,17.50769230769231,17.515384615384615,17.523076923076925,17.53076923076923,17.53846153846154,17.546153846153846,17.553846153846155,17.56153846153846,17.56923076923077,17.576923076923077,17.584615384615386,17.592307692307692,17.6,17.607692307692307,17.615384615384617,17.623076923076923,17.630769230769232,17.638461538461538,17.646153846153847,17.653846153846153,17.661538461538463,17.66923076923077,17.676923076923078,17.684615384615384,17.692307692307693,17.7,17.70769230769231,17.715384615384615,17.723076923076924,17.730769230769234,17.73846153846154,17.74615384615385,17.753846153846155,17.761538461538464,17.76923076923077,17.77692307692308,17.784615384615385,17.792307692307695,17.8,17.80769230769231,17.815384615384616,17.823076923076925,17.83076923076923,17.83846153846154,17.846153846153847,17.853846153846156,17.861538461538462,17.86923076923077,17.876923076923077,17.884615384615387,17.892307692307693,17.900000000000002,17.907692307692308,17.915384615384617,17.923076923076923,17.930769230769233,17.93846153846154,17.946153846153848,17.953846153846154,17.961538461538463,17.96923076923077,17.97692307692308,17.984615384615385,17.992307692307694,18.0,18.00769230769231,18.015384615384615,18.023076923076925,18.03076923076923,18.03846153846154,18.046153846153846,18.053846153846155,18.06153846153846,18.06923076923077,18.076923076923077,18.084615384615386,18.092307692307692,18.1,18.107692307692307,18.115384615384617,18.123076923076923,18.130769230769232,18.138461538461538,18.146153846153847,18.153846153846153,18.161538461538463,18.16923076923077,18.176923076923078,18.184615384615384,18.192307692307693,18.2,18.20769230769231,18.215384615384615,18.223076923076924,18.230769230769234,18.23846153846154,18.24615384615385,18.253846153846155,18.261538461538464,18.26923076923077,18.27692307692308,18.284615384615385,18.292307692307695,18.3,18.30769230769231,18.315384615384616,18.323076923076925,18.33076923076923,18.33846153846154,18.346153846153847,18.353846153846156,18.361538461538462,18.36923076923077,18.376923076923077,18.384615384615387,18.392307692307693,18.400000000000002,18.407692307692308,18.415384615384617,18.423076923076923,18.430769230769233,18.43846153846154,18.446153846153848,18.453846153846154,18.461538461538463,18.46923076923077,18.47692307692308,18.484615384615385,18.492307692307694,18.5,18.50769230769231,18.515384615384615,18.523076923076925,18.53076923076923,18.53846153846154,18.546153846153846,18.553846153846155,18.56153846153846,18.56923076923077,18.576923076923077,18.584615384615386,18.592307692307692,18.6,18.607692307692307,18.615384615384617,18.623076923076923,18.630769230769232,18.638461538461538,18.646153846153847,18.653846153846153,18.661538461538463,18.66923076923077,18.676923076923078,18.684615384615384,18.692307692307693,18.7,18.70769230769231,18.715384615384618,18.723076923076924,18.730769230769234,18.73846153846154,18.74615384615385,18.753846153846155,18.761538461538464,18.76923076923077,18.77692307692308,18.784615384615385,18.792307692307695,18.8,18.80769230769231,18.815384615384616,18.823076923076925,18.83076923076923,18.83846153846154,18.846153846153847,18.853846153846156,18.861538461538462,18.86923076923077,18.876923076923077,18.884615384615387,18.892307692307693,18.900000000000002,18.907692307692308,18.915384615384617,18.923076923076923,18.930769230769233,18.93846153846154,18.946153846153848,18.953846153846154,18.961538461538463,18.96923076923077,18.97692307692308,18.984615384615385,18.992307692307694,19.0,19.00769230769231,19.015384615384615,19.023076923076925,19.03076923076923,19.03846153846154,19.046153846153846,19.053846153846155,19.06153846153846,19.06923076923077,19.076923076923077,19.084615384615386,19.092307692307692,19.1,19.107692307692307,19.115384615384617,19.123076923076923,19.130769230769232,19.138461538461538,19.146153846153847,19.153846153846153,19.161538461538463,19.16923076923077,19.176923076923078,19.184615384615384,19.192307692307693,19.200000000000003,19.20769230769231,19.215384615384618,19.223076923076924,19.230769230769234,19.23846153846154,19.24615384615385,19.253846153846155,19.261538461538464,19.26923076923077,19.27692307692308,19.284615384615385,19.292307692307695,19.3,19.30769230769231,19.315384615384616,19.323076923076925,19.33076923076923,19.33846153846154,19.346153846153847,19.353846153846156,19.361538461538462,19.36923076923077,19.376923076923077,19.384615384615387,19.392307692307693,19.400000000000002,19.407692307692308,19.415384615384617,19.423076923076923,19.430769230769233,19.43846153846154,19.446153846153848,19.453846153846154,19.461538461538463,19.46923076923077,19.47692307692308,19.484615384615385,19.492307692307694,19.5,19.50769230769231,19.515384615384615,19.523076923076925,19.53076923076923,19.53846153846154,19.546153846153846,19.553846153846155,19.56153846153846,19.56923076923077,19.576923076923077,19.584615384615386,19.592307692307692,19.6,19.607692307692307,19.615384615384617,19.623076923076923,19.630769230769232,19.638461538461538,19.646153846153847,19.653846153846153,19.661538461538463,19.66923076923077,19.676923076923078,19.684615384615384,19.692307692307693,19.700000000000003,19.70769230769231,19.715384615384618,19.723076923076924,19.730769230769234,19.73846153846154,19.74615384615385,19.753846153846155,19.761538461538464,19.76923076923077,19.77692307692308,19.784615384615385,19.792307692307695,19.8,19.80769230769231,19.815384615384616,19.823076923076925,19.83076923076923,19.83846153846154,19.846153846153847,19.853846153846156,19.861538461538462,19.86923076923077,19.876923076923077,19.884615384615387,19.892307692307693,19.900000000000002,19.907692307692308,19.915384615384617,19.923076923076923,19.930769230769233,19.93846153846154,19.946153846153848,19.953846153846154,19.961538461538463,19.96923076923077,19.97692307692308,19.984615384615385,19.992307692307694,20.0,20.00769230769231,20.015384615384615,20.023076923076925,20.03076923076923,20.03846153846154,20.046153846153846,20.053846153846155,20.06153846153846,20.06923076923077,20.076923076923077,20.084615384615386,20.092307692307692,20.1,20.107692307692307,20.115384615384617,20.123076923076923,20.130769230769232,20.138461538461538,20.146153846153847,20.153846153846153,20.161538461538463,20.16923076923077,20.176923076923078,20.184615384615384,20.192307692307693,20.200000000000003,20.20769230769231,20.215384615384618,20.223076923076924,20.230769230769234,20.23846153846154,20.24615384615385,20.253846153846155,20.261538461538464,20.26923076923077,20.27692307692308,20.284615384615385,20.292307692307695,20.3,20.30769230769231,20.315384615384616,20.323076923076925,20.33076923076923,20.33846153846154,20.346153846153847,20.353846153846156,20.361538461538462,20.36923076923077,20.376923076923077,20.384615384615387,20.392307692307693,20.400000000000002,20.407692307692308,20.415384615384617,20.423076923076923,20.430769230769233,20.43846153846154,20.446153846153848,20.453846153846154,20.461538461538463,20.46923076923077,20.47692307692308,20.484615384615385,20.492307692307694,20.5,20.50769230769231,20.515384615384615,20.523076923076925,20.53076923076923,20.53846153846154,20.546153846153846,20.553846153846155,20.56153846153846,20.56923076923077,20.576923076923077,20.584615384615386,20.592307692307692,20.6,20.607692307692307,20.615384615384617,20.623076923076923,20.630769230769232,20.638461538461538,20.646153846153847,20.653846153846153,20.661538461538463,20.66923076923077,20.676923076923078,20.684615384615388,20.692307692307693,20.700000000000003,20.70769230769231,20.715384615384618,20.723076923076924,20.730769230769234,20.73846153846154,20.74615384615385,20.753846153846155,20.761538461538464,20.76923076923077,20.77692307692308,20.784615384615385,20.792307692307695,20.8,20.80769230769231,20.815384615384616,20.823076923076925,20.83076923076923,20.83846153846154,20.846153846153847,20.853846153846156,20.861538461538462,20.86923076923077,20.876923076923077,20.884615384615387,20.892307692307693,20.900000000000002,20.907692307692308,20.915384615384617,20.923076923076923,20.930769230769233,20.93846153846154,20.946153846153848,20.953846153846154,20.961538461538463,20.96923076923077,20.97692307692308,20.984615384615385,20.992307692307694,21.0,21.00769230769231,21.015384615384615,21.023076923076925,21.03076923076923,21.03846153846154,21.046153846153846,21.053846153846155,21.06153846153846,21.06923076923077,21.076923076923077,21.084615384615386,21.092307692307692,21.1,21.107692307692307,21.115384615384617,21.123076923076923,21.130769230769232,21.138461538461538,21.146153846153847,21.153846153846153,21.161538461538463,21.169230769230772,21.176923076923078,21.184615384615388,21.192307692307693,21.200000000000003,21.20769230769231,21.215384615384618,21.223076923076924,21.230769230769234,21.23846153846154,21.24615384615385,21.253846153846155,21.261538461538464,21.26923076923077,21.27692307692308,21.284615384615385,21.292307692307695,21.3,21.30769230769231,21.315384615384616,21.323076923076925,21.33076923076923,21.33846153846154,21.346153846153847,21.353846153846156,21.361538461538462,21.36923076923077,21.376923076923077,21.384615384615387,21.392307692307693,21.400000000000002,21.407692307692308,21.415384615384617,21.423076923076923,21.430769230769233,21.43846153846154,21.446153846153848,21.453846153846154,21.461538461538463,21.46923076923077,21.47692307692308,21.484615384615385,21.492307692307694,21.5,21.50769230769231,21.515384615384615,21.523076923076925,21.53076923076923,21.53846153846154,21.546153846153846,21.553846153846155,21.56153846153846,21.56923076923077,21.576923076923077,21.584615384615386,21.592307692307692,21.6,21.607692307692307,21.615384615384617,21.623076923076923,21.630769230769232,21.638461538461538,21.646153846153847,21.653846153846153,21.661538461538463,21.669230769230772,21.676923076923078,21.684615384615388,21.692307692307693,21.700000000000003,21.70769230769231,21.715384615384618,21.723076923076924,21.730769230769234,21.73846153846154,21.74615384615385,21.753846153846155,21.761538461538464,21.76923076923077,21.77692307692308,21.784615384615385,21.792307692307695,21.8,21.80769230769231,21.815384615384616,21.823076923076925,21.83076923076923,21.83846153846154,21.846153846153847,21.853846153846156,21.861538461538462,21.86923076923077,21.876923076923077,21.884615384615387,21.892307692307693,21.900000000000002,21.907692307692308,21.915384615384617,21.923076923076923,21.930769230769233,21.93846153846154,21.946153846153848,21.953846153846154,21.961538461538463,21.96923076923077,21.97692307692308,21.984615384615385,21.992307692307694,22.0,22.00769230769231,22.015384615384615,22.023076923076925,22.03076923076923,22.03846153846154,22.046153846153846,22.053846153846155,22.06153846153846,22.06923076923077,22.076923076923077,22.084615384615386,22.092307692307692,22.1,22.107692307692307,22.115384615384617,22.123076923076923,22.130769230769232,22.138461538461538,22.146153846153847,22.153846153846153,22.161538461538463,22.169230769230772,22.176923076923078,22.184615384615388,22.192307692307693,22.200000000000003,22.20769230769231,22.215384615384618,22.223076923076924,22.230769230769234,22.23846153846154,22.24615384615385,22.253846153846155,22.261538461538464,22.26923076923077,22.27692307692308,22.284615384615385,22.292307692307695,22.3,22.30769230769231,22.315384615384616,22.323076923076925,22.33076923076923,22.33846153846154,22.346153846153847,22.353846153846156,22.361538461538462,22.36923076923077,22.376923076923077,22.384615384615387,22.392307692307693,22.400000000000002,22.407692307692308,22.415384615384617,22.423076923076923,22.430769230769233,22.43846153846154,22.446153846153848,22.453846153846154,22.461538461538463,22.46923076923077,22.47692307692308,22.484615384615385,22.492307692307694,22.5,22.50769230769231,22.515384615384615,22.523076923076925,22.53076923076923,22.53846153846154,22.546153846153846,22.553846153846155,22.56153846153846,22.56923076923077,22.576923076923077,22.584615384615386,22.592307692307692,22.6,22.607692307692307,22.615384615384617,22.623076923076923,22.630769230769232,22.638461538461538,22.646153846153847,22.653846153846157,22.661538461538463,22.669230769230772,22.676923076923078,22.684615384615388,22.692307692307693,22.700000000000003,22.70769230769231,22.715384615384618,22.723076923076924,22.730769230769234,22.73846153846154,22.74615384615385,22.753846153846155,22.761538461538464,22.76923076923077,22.77692307692308,22.784615384615385,22.792307692307695,22.8,22.80769230769231,22.815384615384616,22.823076923076925,22.83076923076923,22.83846153846154,22.846153846153847,22.853846153846156,22.861538461538462,22.86923076923077,22.876923076923077,22.884615384615387,22.892307692307693,22.900000000000002,22.907692307692308,22.915384615384617,22.923076923076923,22.930769230769233,22.93846153846154,22.946153846153848,22.953846153846154,22.961538461538463,22.96923076923077,22.97692307692308,22.984615384615385,22.992307692307694,23.0,23.00769230769231,23.015384615384615,23.023076923076925,23.03076923076923,23.03846153846154,23.046153846153846,23.053846153846155,23.06153846153846,23.06923076923077,23.076923076923077,23.084615384615386,23.092307692307692,23.1,23.107692307692307,23.115384615384617,23.123076923076923,23.130769230769232,23.13846153846154,23.146153846153847,23.153846153846157,23.161538461538463,23.169230769230772,23.176923076923078,23.184615384615388,23.192307692307693,23.200000000000003,23.20769230769231,23.215384615384618,23.223076923076924,23.230769230769234,23.23846153846154,23.24615384615385,23.253846153846155,23.261538461538464,23.26923076923077,23.27692307692308,23.284615384615385,23.292307692307695,23.3,23.30769230769231,23.315384615384616,23.323076923076925,23.33076923076923,23.33846153846154,23.346153846153847,23.353846153846156,23.361538461538462,23.36923076923077,23.376923076923077,23.384615384615387,23.392307692307693,23.400000000000002,23.407692307692308,23.415384615384617,23.423076923076923,23.430769230769233,23.43846153846154,23.446153846153848,23.453846153846154,23.461538461538463,23.46923076923077,23.47692307692308,23.484615384615385,23.492307692307694,23.5,23.50769230769231,23.515384615384615,23.523076923076925,23.53076923076923,23.53846153846154,23.546153846153846,23.553846153846155,23.56153846153846,23.56923076923077,23.576923076923077,23.584615384615386,23.592307692307692,23.6,23.607692307692307,23.615384615384617,23.623076923076923,23.630769230769232,23.63846153846154,23.646153846153847,23.653846153846157,23.661538461538463,23.669230769230772,23.676923076923078,23.684615384615388,23.692307692307693,23.700000000000003,23.70769230769231,23.715384615384618,23.723076923076924,23.730769230769234,23.73846153846154,23.74615384615385,23.753846153846155,23.761538461538464,23.76923076923077,23.77692307692308,23.784615384615385,23.792307692307695,23.8,23.80769230769231,23.815384615384616,23.823076923076925,23.83076923076923,23.83846153846154,23.846153846153847,23.853846153846156,23.861538461538462,23.86923076923077,23.876923076923077,23.884615384615387,23.892307692307693,23.900000000000002,23.907692307692308,23.915384615384617,23.923076923076923,23.930769230769233,23.93846153846154,23.946153846153848,23.953846153846154,23.961538461538463,23.96923076923077,23.97692307692308,23.984615384615385,23.992307692307694,24.0,24.00769230769231,24.015384615384615,24.023076923076925,24.03076923076923,24.03846153846154,24.046153846153846,24.053846153846155,24.06153846153846,24.06923076923077,24.076923076923077,24.084615384615386,24.092307692307692,24.1,24.107692307692307,24.115384615384617,24.123076923076923,24.130769230769232,24.13846153846154,24.146153846153847,24.153846153846157,24.161538461538463,24.169230769230772,24.176923076923078,24.184615384615388,24.192307692307693,24.200000000000003,24.20769230769231,24.215384615384618,24.223076923076924,24.230769230769234,24.23846153846154,24.24615384615385,24.253846153846155,24.261538461538464,24.26923076923077,24.27692307692308,24.284615384615385,24.292307692307695,24.3,24.30769230769231,24.315384615384616,24.323076923076925,24.33076923076923,24.33846153846154,24.346153846153847,24.353846153846156,24.361538461538462,24.36923076923077,24.376923076923077,24.384615384615387,24.392307692307693,24.400000000000002,24.407692307692308,24.415384615384617,24.423076923076923,24.430769230769233,24.43846153846154,24.446153846153848,24.453846153846154,24.461538461538463,24.46923076923077,24.47692307692308,24.484615384615385,24.492307692307694,24.5,24.50769230769231,24.515384615384615,24.523076923076925,24.53076923076923,24.53846153846154,24.546153846153846,24.553846153846155,24.56153846153846,24.56923076923077,24.576923076923077,24.584615384615386,24.592307692307692,24.6,24.607692307692307,24.615384615384617,24.623076923076926,24.630769230769232,24.63846153846154,24.646153846153847,24.653846153846157,24.661538461538463,24.669230769230772,24.676923076923078,24.684615384615388,24.692307692307693,24.700000000000003,24.70769230769231,24.715384615384618,24.723076923076924,24.730769230769234,24.73846153846154,24.74615384615385,24.753846153846155,24.761538461538464,24.76923076923077,24.77692307692308,24.784615384615385,24.792307692307695,24.8,24.80769230769231,24.815384615384616,24.823076923076925,24.83076923076923,24.83846153846154,24.846153846153847,24.853846153846156,24.861538461538462,24.86923076923077,24.876923076923077,24.884615384615387,24.892307692307693,24.900000000000002,24.907692307692308,24.915384615384617,24.923076923076923,24.930769230769233,24.93846153846154,24.946153846153848,24.953846153846154,24.961538461538463,24.96923076923077,24.97692307692308,24.984615384615385,24.992307692307694,25.0,25.00769230769231,25.015384615384615,25.023076923076925,25.03076923076923,25.03846153846154,25.046153846153846,25.053846153846155,25.06153846153846,25.06923076923077,25.076923076923077,25.084615384615386,25.092307692307692,25.1,25.10769230769231,25.115384615384617,25.123076923076926,25.130769230769232,25.13846153846154,25.146153846153847,25.153846153846157,25.161538461538463,25.169230769230772,25.176923076923078,25.184615384615388,25.192307692307693,25.200000000000003,25.20769230769231,25.215384615384618,25.223076923076924,25.230769230769234,25.23846153846154,25.24615384615385,25.253846153846155,25.261538461538464,25.26923076923077,25.27692307692308,25.284615384615385,25.292307692307695,25.3,25.30769230769231,25.315384615384616,25.323076923076925,25.33076923076923,25.33846153846154,25.346153846153847,25.353846153846156,25.361538461538462,25.36923076923077,25.376923076923077,25.384615384615387,25.392307692307693,25.400000000000002,25.407692307692308,25.415384615384617,25.423076923076923,25.430769230769233,25.43846153846154,25.446153846153848,25.453846153846154,25.461538461538463,25.46923076923077,25.47692307692308,25.484615384615385,25.492307692307694,25.5,25.50769230769231,25.515384615384615,25.523076923076925,25.53076923076923,25.53846153846154,25.546153846153846,25.553846153846155,25.56153846153846,25.56923076923077,25.576923076923077,25.584615384615386,25.592307692307692,25.6,25.60769230769231,25.615384615384617,25.623076923076926,25.630769230769232,25.63846153846154,25.646153846153847,25.653846153846157,25.661538461538463,25.669230769230772,25.676923076923078,25.684615384615388,25.692307692307693,25.700000000000003,25.70769230769231,25.715384615384618,25.723076923076924,25.730769230769234,25.73846153846154,25.74615384615385,25.753846153846155,25.761538461538464,25.76923076923077,25.77692307692308,25.784615384615385,25.792307692307695,25.8,25.80769230769231,25.815384615384616,25.823076923076925,25.83076923076923,25.83846153846154,25.846153846153847,25.853846153846156,25.861538461538462,25.86923076923077,25.876923076923077,25.884615384615387,25.892307692307693,25.900000000000002,25.907692307692308,25.915384615384617,25.923076923076923,25.930769230769233,25.93846153846154,25.946153846153848,25.953846153846154,25.961538461538463,25.96923076923077,25.97692307692308,25.984615384615385,25.992307692307694,26.0,26.00769230769231,26.015384615384615,26.023076923076925,26.03076923076923,26.03846153846154,26.046153846153846,26.053846153846155,26.06153846153846,26.06923076923077,26.076923076923077,26.084615384615386,26.092307692307692,26.1,26.10769230769231,26.115384615384617,26.123076923076926,26.130769230769232,26.13846153846154,26.146153846153847,26.153846153846157,26.161538461538463,26.169230769230772,26.176923076923078,26.184615384615388,26.192307692307693,26.200000000000003,26.20769230769231,26.215384615384618,26.223076923076924,26.230769230769234,26.23846153846154,26.24615384615385,26.253846153846155,26.261538461538464,26.26923076923077,26.27692307692308,26.284615384615385,26.292307692307695,26.3,26.30769230769231,26.315384615384616,26.323076923076925,26.33076923076923,26.33846153846154,26.346153846153847,26.353846153846156,26.361538461538462,26.36923076923077,26.376923076923077,26.384615384615387,26.392307692307693,26.400000000000002,26.407692307692308,26.415384615384617,26.423076923076923,26.430769230769233,26.43846153846154,26.446153846153848,26.453846153846154,26.461538461538463,26.46923076923077,26.47692307692308,26.484615384615385,26.492307692307694,26.5,26.50769230769231,26.515384615384615,26.523076923076925,26.53076923076923,26.53846153846154,26.546153846153846,26.553846153846155,26.56153846153846,26.56923076923077,26.576923076923077,26.584615384615386,26.592307692307696,26.6,26.60769230769231,26.615384615384617,26.623076923076926,26.630769230769232,26.63846153846154,26.646153846153847,26.653846153846157,26.661538461538463,26.669230769230772,26.676923076923078,26.684615384615388,26.692307692307693,26.700000000000003,26.70769230769231,26.715384615384618,26.723076923076924,26.730769230769234,26.73846153846154,26.74615384615385,26.753846153846155,26.761538461538464,26.76923076923077,26.77692307692308,26.784615384615385,26.792307692307695,26.8,26.80769230769231,26.815384615384616,26.823076923076925,26.83076923076923,26.83846153846154,26.846153846153847,26.853846153846156,26.861538461538462,26.86923076923077,26.876923076923077,26.884615384615387,26.892307692307693,26.900000000000002,26.907692307692308,26.915384615384617,26.923076923076923,26.930769230769233,26.93846153846154,26.946153846153848,26.953846153846154,26.961538461538463,26.96923076923077,26.97692307692308,26.984615384615385,26.992307692307694,27.0,27.00769230769231,27.015384615384615,27.023076923076925,27.03076923076923,27.03846153846154,27.046153846153846,27.053846153846155,27.06153846153846,27.06923076923077,27.07692307692308,27.084615384615386,27.092307692307696,27.1,27.10769230769231,27.115384615384617,27.123076923076926,27.130769230769232,27.13846153846154,27.146153846153847,27.153846153846157,27.161538461538463,27.169230769230772,27.176923076923078,27.184615384615388,27.192307692307693,27.200000000000003,27.20769230769231,27.215384615384618,27.223076923076924,27.230769230769234,27.23846153846154,27.24615384615385,27.253846153846155,27.261538461538464,27.26923076923077,27.27692307692308,27.284615384615385,27.292307692307695,27.3,27.30769230769231,27.315384615384616,27.323076923076925,27.33076923076923,27.33846153846154,27.346153846153847,27.353846153846156,27.361538461538462,27.36923076923077,27.376923076923077,27.384615384615387,27.392307692307693,27.400000000000002,27.407692307692308,27.415384615384617,27.423076923076923,27.430769230769233,27.43846153846154,27.446153846153848,27.453846153846154,27.461538461538463,27.46923076923077,27.47692307692308,27.484615384615385,27.492307692307694,27.5,27.50769230769231,27.515384615384615,27.523076923076925,27.53076923076923,27.53846153846154,27.546153846153846,27.553846153846155,27.56153846153846,27.56923076923077,27.57692307692308,27.584615384615386,27.592307692307696,27.6,27.60769230769231,27.615384615384617,27.623076923076926,27.630769230769232,27.63846153846154,27.646153846153847,27.653846153846157,27.661538461538463,27.669230769230772,27.676923076923078,27.684615384615388,27.692307692307693,27.700000000000003,27.70769230769231,27.715384615384618,27.723076923076924,27.730769230769234,27.73846153846154,27.74615384615385,27.753846153846155,27.761538461538464,27.76923076923077,27.77692307692308,27.784615384615385,27.792307692307695,27.8,27.80769230769231,27.815384615384616,27.823076923076925,27.83076923076923,27.83846153846154,27.846153846153847,27.853846153846156,27.861538461538462,27.86923076923077,27.876923076923077,27.884615384615387,27.892307692307693,27.900000000000002,27.907692307692308,27.915384615384617,27.923076923076923,27.930769230769233,27.93846153846154,27.946153846153848,27.953846153846154,27.961538461538463,27.96923076923077,27.97692307692308,27.984615384615385,27.992307692307694,28.0,28.00769230769231,28.015384615384615,28.023076923076925,28.03076923076923,28.03846153846154,28.046153846153846,28.053846153846155,28.06153846153846,28.06923076923077,28.07692307692308,28.084615384615386,28.092307692307696,28.1,28.10769230769231,28.115384615384617,28.123076923076926,28.130769230769232,28.13846153846154,28.146153846153847,28.153846153846157,28.161538461538463,28.169230769230772,28.176923076923078,28.184615384615388,28.192307692307693,28.200000000000003,28.20769230769231,28.215384615384618,28.223076923076924,28.230769230769234,28.23846153846154,28.24615384615385,28.253846153846155,28.261538461538464,28.26923076923077,28.27692307692308,28.284615384615385,28.292307692307695,28.3,28.30769230769231,28.315384615384616,28.323076923076925,28.33076923076923,28.33846153846154,28.346153846153847,28.353846153846156,28.361538461538462,28.36923076923077,28.376923076923077,28.384615384615387,28.392307692307693,28.400000000000002,28.407692307692308,28.415384615384617,28.423076923076923,28.430769230769233,28.43846153846154,28.446153846153848,28.453846153846154,28.461538461538463,28.46923076923077,28.47692307692308,28.484615384615385,28.492307692307694,28.5,28.50769230769231,28.515384615384615,28.523076923076925,28.53076923076923,28.53846153846154,28.546153846153846,28.553846153846155,28.561538461538465,28.56923076923077,28.57692307692308,28.584615384615386,28.592307692307696,28.6,28.60769230769231,28.615384615384617,28.623076923076926,28.630769230769232,28.63846153846154,28.646153846153847,28.653846153846157,28.661538461538463,28.669230769230772,28.676923076923078,28.684615384615388,28.692307692307693,28.700000000000003,28.70769230769231,28.715384615384618,28.723076923076924,28.730769230769234,28.73846153846154,28.74615384615385,28.753846153846155,28.761538461538464,28.76923076923077,28.77692307692308,28.784615384615385,28.792307692307695,28.8,28.80769230769231,28.815384615384616,28.823076923076925,28.83076923076923,28.83846153846154,28.846153846153847,28.853846153846156,28.861538461538462,28.86923076923077,28.876923076923077,28.884615384615387,28.892307692307693,28.900000000000002,28.907692307692308,28.915384615384617,28.923076923076923,28.930769230769233,28.93846153846154,28.946153846153848,28.953846153846154,28.961538461538463,28.96923076923077,28.97692307692308,28.984615384615385,28.992307692307694,29.0,29.00769230769231,29.015384615384615,29.023076923076925,29.03076923076923,29.03846153846154,29.04615384615385,29.053846153846155,29.061538461538465,29.06923076923077,29.07692307692308,29.084615384615386,29.092307692307696,29.1,29.10769230769231,29.115384615384617,29.123076923076926,29.130769230769232,29.13846153846154,29.146153846153847,29.153846153846157,29.161538461538463,29.169230769230772,29.176923076923078,29.184615384615388,29.192307692307693,29.200000000000003,29.20769230769231,29.215384615384618,29.223076923076924,29.230769230769234,29.23846153846154,29.24615384615385,29.253846153846155,29.261538461538464,29.26923076923077,29.27692307692308,29.284615384615385,29.292307692307695,29.3,29.30769230769231,29.315384615384616,29.323076923076925,29.33076923076923,29.33846153846154,29.346153846153847,29.353846153846156,29.361538461538462,29.36923076923077,29.376923076923077,29.384615384615387,29.392307692307693,29.400000000000002,29.407692307692308,29.415384615384617,29.423076923076923,29.430769230769233,29.43846153846154,29.446153846153848,29.453846153846154,29.461538461538463,29.46923076923077,29.47692307692308,29.484615384615385,29.492307692307694,29.5,29.50769230769231,29.515384615384615,29.523076923076925,29.53076923076923,29.53846153846154,29.54615384615385,29.553846153846155,29.561538461538465,29.56923076923077,29.57692307692308,29.584615384615386,29.592307692307696,29.6,29.60769230769231,29.615384615384617,29.623076923076926,29.630769230769232,29.63846153846154,29.646153846153847,29.653846153846157,29.661538461538463,29.669230769230772,29.676923076923078,29.684615384615388,29.692307692307693,29.700000000000003,29.70769230769231,29.715384615384618,29.723076923076924,29.730769230769234,29.73846153846154,29.74615384615385,29.753846153846155,29.761538461538464,29.76923076923077,29.77692307692308,29.784615384615385,29.792307692307695,29.8,29.80769230769231,29.815384615384616,29.823076923076925,29.83076923076923,29.83846153846154,29.846153846153847,29.853846153846156,29.861538461538462,29.86923076923077,29.876923076923077,29.884615384615387,29.892307692307693,29.900000000000002,29.907692307692308,29.915384615384617,29.923076923076923,29.930769230769233,29.93846153846154,29.946153846153848,29.953846153846154,29.961538461538463,29.96923076923077,29.97692307692308,29.984615384615385,29.992307692307694,30.0,30.00769230769231,30.015384615384615,30.023076923076925,30.03076923076923,30.03846153846154,30.04615384615385,30.053846153846155,30.061538461538465,30.06923076923077,30.07692307692308,30.084615384615386,30.092307692307696,30.1,30.10769230769231,30.115384615384617,30.123076923076926,30.130769230769232,30.13846153846154,30.146153846153847,30.153846153846157,30.161538461538463,30.169230769230772,30.176923076923078,30.184615384615388,30.192307692307693,30.200000000000003,30.20769230769231,30.215384615384618,30.223076923076924,30.230769230769234,30.23846153846154,30.24615384615385,30.253846153846155,30.261538461538464,30.26923076923077,30.27692307692308,30.284615384615385,30.292307692307695,30.3,30.30769230769231,30.315384615384616,30.323076923076925,30.33076923076923,30.33846153846154,30.346153846153847,30.353846153846156,30.361538461538462,30.36923076923077,30.376923076923077,30.384615384615387,30.392307692307693,30.400000000000002,30.407692307692308,30.415384615384617,30.423076923076923,30.430769230769233,30.43846153846154,30.446153846153848,30.453846153846154,30.461538461538463,30.46923076923077,30.47692307692308,30.484615384615385,30.492307692307694,30.5,30.50769230769231,30.515384615384615,30.523076923076925,30.530769230769234,30.53846153846154,30.54615384615385,30.553846153846155,30.561538461538465,30.56923076923077,30.57692307692308,30.584615384615386,30.592307692307696,30.6,30.60769230769231,30.615384615384617,30.623076923076926,30.630769230769232,30.63846153846154,30.646153846153847,30.653846153846157,30.661538461538463,30.669230769230772,30.676923076923078,30.684615384615388,30.692307692307693,30.700000000000003,30.70769230769231,30.715384615384618,30.723076923076924,30.730769230769234,30.73846153846154,30.74615384615385,30.753846153846155,30.761538461538464,30.76923076923077,30.77692307692308,30.784615384615385,30.792307692307695,30.8,30.80769230769231,30.815384615384616,30.823076923076925,30.83076923076923,30.83846153846154,30.846153846153847,30.853846153846156,30.861538461538462,30.86923076923077,30.876923076923077,30.884615384615387,30.892307692307693,30.900000000000002,30.907692307692308,30.915384615384617,30.923076923076923,30.930769230769233,30.93846153846154,30.946153846153848,30.953846153846154,30.961538461538463,30.96923076923077,30.97692307692308,30.984615384615385,30.992307692307694,31.0,31.00769230769231,31.01538461538462,31.023076923076925,31.030769230769234,31.03846153846154,31.04615384615385,31.053846153846155,31.061538461538465,31.06923076923077,31.07692307692308,31.084615384615386,31.092307692307696,31.1,31.10769230769231,31.115384615384617,31.123076923076926,31.130769230769232,31.13846153846154,31.146153846153847,31.153846153846157,31.161538461538463,31.169230769230772,31.176923076923078,31.184615384615388,31.192307692307693,31.200000000000003,31.20769230769231,31.215384615384618,31.223076923076924,31.230769230769234,31.23846153846154,31.24615384615385,31.253846153846155,31.261538461538464,31.26923076923077,31.27692307692308,31.284615384615385,31.292307692307695,31.3,31.30769230769231,31.315384615384616,31.323076923076925,31.33076923076923,31.33846153846154,31.346153846153847,31.353846153846156,31.361538461538462,31.36923076923077,31.376923076923077,31.384615384615387,31.392307692307693,31.400000000000002,31.407692307692308,31.415384615384617,31.423076923076923,31.430769230769233,31.43846153846154,31.446153846153848,31.453846153846154,31.461538461538463,31.46923076923077,31.47692307692308,31.484615384615385,31.492307692307694,31.5,31.50769230769231,31.51538461538462,31.523076923076925,31.530769230769234,31.53846153846154,31.54615384615385,31.553846153846155,31.561538461538465,31.56923076923077,31.57692307692308,31.584615384615386,31.592307692307696,31.6,31.60769230769231,31.615384615384617,31.623076923076926,31.630769230769232,31.63846153846154,31.646153846153847,31.653846153846157,31.661538461538463,31.669230769230772,31.676923076923078,31.684615384615388,31.692307692307693,31.700000000000003,31.70769230769231,31.715384615384618,31.723076923076924,31.730769230769234,31.73846153846154,31.74615384615385,31.753846153846155,31.761538461538464,31.76923076923077,31.77692307692308,31.784615384615385,31.792307692307695,31.8,31.80769230769231,31.815384615384616,31.823076923076925,31.83076923076923,31.83846153846154,31.846153846153847,31.853846153846156,31.861538461538462,31.86923076923077,31.876923076923077,31.884615384615387,31.892307692307693,31.900000000000002,31.907692307692308,31.915384615384617,31.923076923076923,31.930769230769233,31.93846153846154,31.946153846153848,31.953846153846154,31.961538461538463,31.96923076923077,31.97692307692308,31.984615384615385,31.992307692307694,32.0,32.00769230769231,32.01538461538462,32.02307692307693,32.03076923076923,32.03846153846154,32.04615384615385,32.05384615384616,32.06153846153846,32.06923076923077,32.07692307692308,32.08461538461539,32.09230769230769,32.1,32.10769230769231,32.11538461538462,32.12307692307692,32.13076923076923,32.13846153846154,32.14615384615385,32.15384615384615,32.16153846153846,32.16923076923077,32.17692307692308,32.184615384615384,32.19230769230769,32.2,32.20769230769231,32.215384615384615,32.223076923076924,32.23076923076923,32.23846153846154,32.246153846153845,32.253846153846155,32.261538461538464,32.269230769230774,32.276923076923076,32.284615384615385,32.292307692307695,32.300000000000004,32.30769230769231,32.315384615384616,32.323076923076925,32.330769230769235,32.33846153846154,32.34615384615385,32.353846153846156,32.361538461538466,32.36923076923077,32.37692307692308,32.38461538461539,32.392307692307696,32.4,32.40769230769231,32.41538461538462,32.42307692307693,32.43076923076923,32.43846153846154,32.44615384615385,32.45384615384616,32.46153846153846,32.46923076923077,32.47692307692308,32.48461538461539,32.49230769230769,32.5,32.50769230769231,32.51538461538462,32.52307692307693,32.53076923076923,32.53846153846154,32.54615384615385,32.55384615384616,32.56153846153846,32.56923076923077,32.57692307692308,32.58461538461539,32.59230769230769,32.6,32.60769230769231,32.61538461538462,32.62307692307692,32.63076923076923,32.63846153846154,32.64615384615385,32.65384615384615,32.66153846153846,32.66923076923077,32.67692307692308,32.684615384615384,32.69230769230769,32.7,32.70769230769231,32.715384615384615,32.723076923076924,32.73076923076923,32.73846153846154,32.746153846153845,32.753846153846155,32.761538461538464,32.769230769230774,32.776923076923076,32.784615384615385,32.792307692307695,32.800000000000004,32.80769230769231,32.815384615384616,32.823076923076925,32.830769230769235,32.83846153846154,32.84615384615385,32.853846153846156,32.861538461538466,32.86923076923077,32.87692307692308,32.88461538461539,32.892307692307696,32.9,32.90769230769231,32.91538461538462,32.92307692307693,32.93076923076923,32.93846153846154,32.94615384615385,32.95384615384616,32.96153846153846,32.96923076923077,32.97692307692308,32.98461538461539,32.9923076923077,33.0,33.00769230769231,33.01538461538462,33.02307692307693,33.03076923076923,33.03846153846154,33.04615384615385,33.05384615384616,33.06153846153846,33.06923076923077,33.07692307692308,33.08461538461539,33.09230769230769,33.1,33.10769230769231,33.11538461538462,33.12307692307692,33.13076923076923,33.13846153846154,33.14615384615385,33.15384615384615,33.16153846153846,33.16923076923077,33.17692307692308,33.184615384615384,33.19230769230769,33.2,33.20769230769231,33.215384615384615,33.223076923076924,33.23076923076923,33.23846153846154,33.246153846153845,33.253846153846155,33.261538461538464,33.269230769230774,33.276923076923076,33.284615384615385,33.292307692307695,33.300000000000004,33.30769230769231,33.315384615384616,33.323076923076925,33.330769230769235,33.33846153846154,33.34615384615385,33.353846153846156,33.361538461538466,33.36923076923077,33.37692307692308,33.38461538461539,33.392307692307696,33.4,33.40769230769231,33.41538461538462,33.42307692307693,33.43076923076923,33.43846153846154,33.44615384615385,33.45384615384616,33.46153846153846,33.46923076923077,33.47692307692308,33.48461538461539,33.4923076923077,33.5,33.50769230769231,33.51538461538462,33.52307692307693,33.53076923076923,33.53846153846154,33.54615384615385,33.55384615384616,33.56153846153846,33.56923076923077,33.57692307692308,33.58461538461539,33.59230769230769,33.6,33.60769230769231,33.61538461538462,33.62307692307692,33.63076923076923,33.63846153846154,33.64615384615385,33.65384615384615,33.66153846153846,33.66923076923077,33.67692307692308,33.684615384615384,33.69230769230769,33.7,33.70769230769231,33.715384615384615,33.723076923076924,33.73076923076923,33.73846153846154,33.746153846153845,33.753846153846155,33.761538461538464,33.769230769230774,33.776923076923076,33.784615384615385,33.792307692307695,33.800000000000004,33.80769230769231,33.815384615384616,33.823076923076925,33.830769230769235,33.83846153846154,33.84615384615385,33.853846153846156,33.861538461538466,33.86923076923077,33.87692307692308,33.88461538461539,33.892307692307696,33.9,33.90769230769231,33.91538461538462,33.92307692307693,33.93076923076923,33.93846153846154,33.94615384615385,33.95384615384616,33.96153846153846,33.96923076923077,33.97692307692308,33.98461538461539,33.9923076923077,34.0,34.00769230769231,34.01538461538462,34.02307692307693,34.03076923076923,34.03846153846154,34.04615384615385,34.05384615384616,34.06153846153846,34.06923076923077,34.07692307692308,34.08461538461539,34.09230769230769,34.1,34.10769230769231,34.11538461538462,34.12307692307692,34.13076923076923,34.13846153846154,34.14615384615385,34.15384615384615,34.16153846153846,34.16923076923077,34.17692307692308,34.184615384615384,34.19230769230769,34.2,34.20769230769231,34.215384615384615,34.223076923076924,34.23076923076923,34.23846153846154,34.246153846153845,34.253846153846155,34.261538461538464,34.269230769230774,34.276923076923076,34.284615384615385,34.292307692307695,34.300000000000004,34.30769230769231,34.315384615384616,34.323076923076925,34.330769230769235,34.33846153846154,34.34615384615385,34.353846153846156,34.361538461538466,34.36923076923077,34.37692307692308,34.38461538461539,34.392307692307696,34.4,34.40769230769231,34.41538461538462,34.42307692307693,34.43076923076923,34.43846153846154,34.44615384615385,34.45384615384616,34.46153846153847,34.46923076923077,34.47692307692308,34.48461538461539,34.4923076923077,34.5,34.50769230769231,34.51538461538462,34.52307692307693,34.53076923076923,34.53846153846154,34.54615384615385,34.55384615384616,34.56153846153846,34.56923076923077,34.57692307692308,34.58461538461539,34.59230769230769,34.6,34.60769230769231,34.61538461538462,34.62307692307692,34.63076923076923,34.63846153846154,34.64615384615385,34.65384615384615,34.66153846153846,34.66923076923077,34.67692307692308,34.684615384615384,34.69230769230769,34.7,34.70769230769231,34.715384615384615,34.723076923076924,34.73076923076923,34.73846153846154,34.746153846153845,34.753846153846155,34.761538461538464,34.769230769230774,34.776923076923076,34.784615384615385,34.792307692307695,34.800000000000004,34.80769230769231,34.815384615384616,34.823076923076925,34.830769230769235,34.83846153846154,34.84615384615385,34.853846153846156,34.861538461538466,34.86923076923077,34.87692307692308,34.88461538461539,34.892307692307696,34.9,34.90769230769231,34.91538461538462,34.92307692307693,34.93076923076923,34.93846153846154,34.94615384615385,34.95384615384616,34.96153846153847,34.96923076923077,34.97692307692308,34.98461538461539,34.9923076923077,35.0,35.00769230769231,35.01538461538462,35.02307692307693,35.03076923076923,35.03846153846154,35.04615384615385,35.05384615384616,35.06153846153846,35.06923076923077,35.07692307692308,35.08461538461539,35.09230769230769,35.1,35.10769230769231,35.11538461538462,35.12307692307692,35.13076923076923,35.13846153846154,35.14615384615385,35.15384615384615,35.16153846153846,35.16923076923077,35.17692307692308,35.184615384615384,35.19230769230769,35.2,35.20769230769231,35.215384615384615,35.223076923076924,35.23076923076923,35.23846153846154,35.246153846153845,35.253846153846155,35.261538461538464,35.269230769230774,35.276923076923076,35.284615384615385,35.292307692307695,35.300000000000004,35.30769230769231,35.315384615384616,35.323076923076925,35.330769230769235,35.33846153846154,35.34615384615385,35.353846153846156,35.361538461538466,35.36923076923077,35.37692307692308,35.38461538461539,35.392307692307696,35.4,35.40769230769231,35.41538461538462,35.42307692307693,35.43076923076923,35.43846153846154,35.44615384615385,35.45384615384616,35.46153846153847,35.46923076923077,35.47692307692308,35.48461538461539,35.4923076923077,35.5,35.50769230769231,35.51538461538462,35.52307692307693,35.53076923076923,35.53846153846154,35.54615384615385,35.55384615384616,35.56153846153846,35.56923076923077,35.57692307692308,35.58461538461539,35.59230769230769,35.6,35.60769230769231,35.61538461538462,35.62307692307692,35.63076923076923,35.63846153846154,35.64615384615385,35.65384615384615,35.66153846153846,35.66923076923077,35.67692307692308,35.684615384615384,35.69230769230769,35.7,35.70769230769231,35.715384615384615,35.723076923076924,35.73076923076923,35.73846153846154,35.746153846153845,35.753846153846155,35.761538461538464,35.769230769230774,35.776923076923076,35.784615384615385,35.792307692307695,35.800000000000004,35.80769230769231,35.815384615384616,35.823076923076925,35.830769230769235,35.83846153846154,35.84615384615385,35.853846153846156,35.861538461538466,35.86923076923077,35.87692307692308,35.88461538461539,35.892307692307696,35.9,35.90769230769231,35.91538461538462,35.92307692307693,35.93076923076923,35.93846153846154,35.94615384615385,35.95384615384616,35.96153846153847,35.96923076923077,35.97692307692308,35.98461538461539,35.9923076923077,36.0,36.00769230769231,36.01538461538462,36.02307692307693,36.03076923076923,36.03846153846154,36.04615384615385,36.05384615384616,36.06153846153846,36.06923076923077,36.07692307692308,36.08461538461539,36.09230769230769,36.1,36.10769230769231,36.11538461538462,36.12307692307692,36.13076923076923,36.13846153846154,36.14615384615385,36.15384615384615,36.16153846153846,36.16923076923077,36.17692307692308,36.184615384615384,36.19230769230769,36.2,36.20769230769231,36.215384615384615,36.223076923076924,36.23076923076923,36.23846153846154,36.246153846153845,36.253846153846155,36.261538461538464,36.269230769230774,36.276923076923076,36.284615384615385,36.292307692307695,36.300000000000004,36.30769230769231,36.315384615384616,36.323076923076925,36.330769230769235,36.33846153846154,36.34615384615385,36.353846153846156,36.361538461538466,36.36923076923077,36.37692307692308,36.38461538461539,36.392307692307696,36.4,36.40769230769231,36.41538461538462,36.42307692307693,36.43076923076923,36.43846153846154,36.44615384615385,36.45384615384616,36.46153846153847,36.46923076923077,36.47692307692308,36.48461538461539,36.4923076923077,36.5,36.50769230769231,36.51538461538462,36.52307692307693,36.53076923076923,36.53846153846154,36.54615384615385,36.55384615384616,36.56153846153846,36.56923076923077,36.57692307692308,36.58461538461539,36.59230769230769,36.6,36.60769230769231,36.61538461538462,36.62307692307692,36.63076923076923,36.63846153846154,36.64615384615385,36.65384615384615,36.66153846153846,36.66923076923077,36.67692307692308,36.684615384615384,36.69230769230769,36.7,36.70769230769231,36.715384615384615,36.723076923076924,36.73076923076923,36.73846153846154,36.746153846153845,36.753846153846155,36.761538461538464,36.769230769230774,36.776923076923076,36.784615384615385,36.792307692307695,36.800000000000004,36.80769230769231,36.815384615384616,36.823076923076925,36.830769230769235,36.83846153846154,36.84615384615385,36.853846153846156,36.861538461538466,36.86923076923077,36.87692307692308,36.88461538461539,36.892307692307696,36.9,36.90769230769231,36.91538461538462,36.92307692307693,36.930769230769236,36.93846153846154,36.94615384615385,36.95384615384616,36.96153846153847,36.96923076923077,36.97692307692308,36.98461538461539,36.9923076923077,37.0,37.00769230769231,37.01538461538462,37.02307692307693,37.03076923076923,37.03846153846154,37.04615384615385,37.05384615384616,37.06153846153846,37.06923076923077,37.07692307692308,37.08461538461539,37.09230769230769,37.1,37.10769230769231,37.11538461538462,37.12307692307692,37.13076923076923,37.13846153846154,37.14615384615385,37.15384615384615,37.16153846153846,37.16923076923077,37.17692307692308,37.184615384615384,37.19230769230769,37.2,37.20769230769231,37.215384615384615,37.223076923076924,37.23076923076923,37.23846153846154,37.246153846153845,37.253846153846155,37.261538461538464,37.269230769230774,37.276923076923076,37.284615384615385,37.292307692307695,37.300000000000004,37.30769230769231,37.315384615384616,37.323076923076925,37.330769230769235,37.33846153846154,37.34615384615385,37.353846153846156,37.361538461538466,37.36923076923077,37.37692307692308,37.38461538461539,37.392307692307696,37.4,37.40769230769231,37.41538461538462,37.42307692307693,37.430769230769236,37.43846153846154,37.44615384615385,37.45384615384616,37.46153846153847,37.46923076923077,37.47692307692308,37.48461538461539,37.4923076923077,37.5,37.50769230769231,37.51538461538462,37.52307692307693,37.53076923076923,37.53846153846154,37.54615384615385,37.55384615384616,37.56153846153846,37.56923076923077,37.57692307692308,37.58461538461539,37.59230769230769,37.6,37.60769230769231,37.61538461538462,37.62307692307692,37.63076923076923,37.63846153846154,37.64615384615385,37.65384615384615,37.66153846153846,37.66923076923077,37.67692307692308,37.684615384615384,37.69230769230769,37.7,37.70769230769231,37.715384615384615,37.723076923076924,37.73076923076923,37.73846153846154,37.746153846153845,37.753846153846155,37.761538461538464,37.769230769230774,37.776923076923076,37.784615384615385,37.792307692307695,37.800000000000004,37.80769230769231,37.815384615384616,37.823076923076925,37.830769230769235,37.83846153846154,37.84615384615385,37.853846153846156,37.861538461538466,37.86923076923077,37.87692307692308,37.88461538461539,37.892307692307696,37.9,37.90769230769231,37.91538461538462,37.92307692307693,37.930769230769236,37.93846153846154,37.94615384615385,37.95384615384616,37.96153846153847,37.96923076923077,37.97692307692308,37.98461538461539,37.9923076923077,38.0,38.00769230769231,38.01538461538462,38.02307692307693,38.03076923076923,38.03846153846154,38.04615384615385,38.05384615384616,38.06153846153846,38.06923076923077,38.07692307692308,38.08461538461539,38.09230769230769,38.1,38.10769230769231,38.11538461538462,38.12307692307692,38.13076923076923,38.13846153846154,38.14615384615385,38.15384615384615,38.16153846153846,38.16923076923077,38.17692307692308,38.184615384615384,38.19230769230769,38.2,38.20769230769231,38.215384615384615,38.223076923076924,38.23076923076923,38.23846153846154,38.246153846153845,38.253846153846155,38.261538461538464,38.269230769230774,38.276923076923076,38.284615384615385,38.292307692307695,38.300000000000004,38.30769230769231,38.315384615384616,38.323076923076925,38.330769230769235,38.33846153846154,38.34615384615385,38.353846153846156,38.361538461538466,38.36923076923077,38.37692307692308,38.38461538461539,38.392307692307696,38.400000000000006,38.40769230769231,38.41538461538462,38.42307692307693,38.430769230769236,38.43846153846154,38.44615384615385,38.45384615384616,38.46153846153847,38.46923076923077,38.47692307692308,38.48461538461539,38.4923076923077,38.5,38.50769230769231,38.51538461538462,38.52307692307693,38.53076923076923,38.53846153846154,38.54615384615385,38.55384615384616,38.56153846153846,38.56923076923077,38.57692307692308,38.58461538461539,38.59230769230769,38.6,38.60769230769231,38.61538461538462,38.62307692307692,38.63076923076923,38.63846153846154,38.64615384615385,38.65384615384615,38.66153846153846,38.66923076923077,38.67692307692308,38.684615384615384,38.69230769230769,38.7,38.70769230769231,38.715384615384615,38.723076923076924,38.73076923076923,38.73846153846154,38.746153846153845,38.753846153846155,38.761538461538464,38.769230769230774,38.776923076923076,38.784615384615385,38.792307692307695,38.800000000000004,38.80769230769231,38.815384615384616,38.823076923076925,38.830769230769235,38.83846153846154,38.84615384615385,38.853846153846156,38.861538461538466,38.86923076923077,38.87692307692308,38.88461538461539,38.892307692307696,38.900000000000006,38.90769230769231,38.91538461538462,38.92307692307693,38.930769230769236,38.93846153846154,38.94615384615385,38.95384615384616,38.96153846153847,38.96923076923077,38.97692307692308,38.98461538461539,38.9923076923077,39.0,39.00769230769231,39.01538461538462,39.02307692307693,39.03076923076923,39.03846153846154,39.04615384615385,39.05384615384616,39.06153846153846,39.06923076923077,39.07692307692308,39.08461538461539,39.09230769230769,39.1,39.10769230769231,39.11538461538462,39.12307692307692,39.13076923076923,39.13846153846154,39.14615384615385,39.15384615384615,39.16153846153846,39.16923076923077,39.17692307692308,39.184615384615384,39.19230769230769,39.2,39.20769230769231,39.215384615384615,39.223076923076924,39.23076923076923,39.23846153846154,39.246153846153845,39.253846153846155,39.261538461538464,39.269230769230774,39.276923076923076,39.284615384615385,39.292307692307695,39.300000000000004,39.30769230769231,39.315384615384616,39.323076923076925,39.330769230769235,39.33846153846154,39.34615384615385,39.353846153846156,39.361538461538466,39.36923076923077,39.37692307692308,39.38461538461539,39.392307692307696,39.400000000000006,39.40769230769231,39.41538461538462,39.42307692307693,39.430769230769236,39.43846153846154,39.44615384615385,39.45384615384616,39.46153846153847,39.46923076923077,39.47692307692308,39.48461538461539,39.4923076923077,39.5,39.50769230769231,39.51538461538462,39.52307692307693,39.53076923076923,39.53846153846154,39.54615384615385,39.55384615384616,39.56153846153846,39.56923076923077,39.57692307692308,39.58461538461539,39.59230769230769,39.6,39.60769230769231,39.61538461538462,39.62307692307692,39.63076923076923,39.63846153846154,39.64615384615385,39.65384615384615,39.66153846153846,39.66923076923077,39.67692307692308,39.684615384615384,39.69230769230769,39.7,39.70769230769231,39.715384615384615,39.723076923076924,39.73076923076923,39.73846153846154,39.746153846153845,39.753846153846155,39.761538461538464,39.769230769230774,39.776923076923076,39.784615384615385,39.792307692307695,39.800000000000004,39.80769230769231,39.815384615384616,39.823076923076925,39.830769230769235,39.83846153846154,39.84615384615385,39.853846153846156,39.861538461538466,39.86923076923077,39.87692307692308,39.88461538461539,39.892307692307696,39.900000000000006,39.90769230769231,39.91538461538462,39.92307692307693,39.930769230769236,39.93846153846154,39.94615384615385,39.95384615384616,39.96153846153847,39.96923076923077,39.97692307692308,39.98461538461539,39.9923076923077,40.0,40.00769230769231,40.01538461538462,40.02307692307693,40.03076923076923,40.03846153846154,40.04615384615385,40.05384615384616,40.06153846153846,40.06923076923077,40.07692307692308,40.08461538461539,40.09230769230769,40.1,40.10769230769231,40.11538461538462,40.12307692307692,40.13076923076923,40.13846153846154,40.14615384615385,40.15384615384615,40.16153846153846,40.16923076923077,40.17692307692308,40.184615384615384,40.19230769230769,40.2,40.20769230769231,40.215384615384615,40.223076923076924,40.23076923076923,40.23846153846154,40.246153846153845,40.253846153846155,40.261538461538464,40.269230769230774,40.276923076923076,40.284615384615385,40.292307692307695,40.300000000000004,40.30769230769231,40.315384615384616,40.323076923076925,40.330769230769235,40.33846153846154,40.34615384615385,40.353846153846156,40.361538461538466,40.36923076923077,40.37692307692308,40.38461538461539,40.392307692307696,40.400000000000006,40.40769230769231,40.41538461538462,40.42307692307693,40.430769230769236,40.43846153846154,40.44615384615385,40.45384615384616,40.46153846153847,40.46923076923077,40.47692307692308,40.48461538461539,40.4923076923077,40.5,40.50769230769231,40.51538461538462,40.52307692307693,40.53076923076923,40.53846153846154,40.54615384615385,40.55384615384616,40.56153846153846,40.56923076923077,40.57692307692308,40.58461538461539,40.59230769230769,40.6,40.60769230769231,40.61538461538462,40.62307692307692,40.63076923076923,40.63846153846154,40.64615384615385,40.65384615384615,40.66153846153846,40.66923076923077,40.67692307692308,40.684615384615384,40.69230769230769,40.7,40.70769230769231,40.715384615384615,40.723076923076924,40.73076923076923,40.73846153846154,40.746153846153845,40.753846153846155,40.761538461538464,40.769230769230774,40.776923076923076,40.784615384615385,40.792307692307695,40.800000000000004,40.80769230769231,40.815384615384616,40.823076923076925,40.830769230769235,40.83846153846154,40.84615384615385,40.853846153846156,40.861538461538466,40.869230769230775,40.87692307692308,40.88461538461539,40.892307692307696,40.900000000000006,40.90769230769231,40.91538461538462,40.92307692307693,40.930769230769236,40.93846153846154,40.94615384615385,40.95384615384616,40.96153846153847,40.96923076923077,40.97692307692308,40.98461538461539,40.9923076923077,41.0,41.00769230769231,41.01538461538462,41.02307692307693,41.03076923076923,41.03846153846154,41.04615384615385,41.05384615384616,41.06153846153846,41.06923076923077,41.07692307692308,41.08461538461539,41.09230769230769,41.1,41.10769230769231,41.11538461538462,41.12307692307692,41.13076923076923,41.13846153846154,41.14615384615385,41.15384615384615,41.16153846153846,41.16923076923077,41.17692307692308,41.184615384615384,41.19230769230769,41.2,41.20769230769231,41.215384615384615,41.223076923076924,41.23076923076923,41.23846153846154,41.246153846153845,41.253846153846155,41.261538461538464,41.269230769230774,41.276923076923076,41.284615384615385,41.292307692307695,41.300000000000004,41.30769230769231,41.315384615384616,41.323076923076925,41.330769230769235,41.33846153846154,41.34615384615385,41.353846153846156,41.361538461538466,41.369230769230775,41.37692307692308,41.38461538461539,41.392307692307696,41.400000000000006,41.40769230769231,41.41538461538462,41.42307692307693,41.430769230769236,41.43846153846154,41.44615384615385,41.45384615384616,41.46153846153847,41.46923076923077,41.47692307692308,41.48461538461539,41.4923076923077,41.5,41.50769230769231,41.51538461538462,41.52307692307693,41.53076923076923,41.53846153846154,41.54615384615385,41.55384615384616,41.56153846153846,41.56923076923077,41.57692307692308,41.58461538461539,41.59230769230769,41.6,41.60769230769231,41.61538461538462,41.62307692307692,41.63076923076923,41.63846153846154,41.64615384615385,41.65384615384615,41.66153846153846,41.66923076923077,41.67692307692308,41.684615384615384,41.69230769230769,41.7,41.70769230769231,41.715384615384615,41.723076923076924,41.73076923076923,41.73846153846154,41.746153846153845,41.753846153846155,41.761538461538464,41.769230769230774,41.776923076923076,41.784615384615385,41.792307692307695,41.800000000000004,41.80769230769231,41.815384615384616,41.823076923076925,41.830769230769235,41.83846153846154,41.84615384615385,41.853846153846156,41.861538461538466,41.869230769230775,41.87692307692308,41.88461538461539,41.892307692307696,41.900000000000006,41.90769230769231,41.91538461538462,41.92307692307693,41.930769230769236,41.93846153846154,41.94615384615385,41.95384615384616,41.96153846153847,41.96923076923077,41.97692307692308,41.98461538461539,41.9923076923077,42.0,42.00769230769231,42.01538461538462,42.02307692307693,42.03076923076923,42.03846153846154,42.04615384615385,42.05384615384616,42.06153846153846,42.06923076923077,42.07692307692308,42.08461538461539,42.09230769230769,42.1,42.10769230769231,42.11538461538462,42.12307692307692,42.13076923076923,42.13846153846154,42.14615384615385,42.15384615384615,42.16153846153846,42.16923076923077,42.17692307692308,42.184615384615384,42.19230769230769,42.2,42.20769230769231,42.215384615384615,42.223076923076924,42.23076923076923,42.23846153846154,42.246153846153845,42.253846153846155,42.261538461538464,42.269230769230774,42.276923076923076,42.284615384615385,42.292307692307695,42.300000000000004,42.30769230769231,42.315384615384616,42.323076923076925,42.330769230769235,42.338461538461544,42.34615384615385,42.353846153846156,42.361538461538466,42.369230769230775,42.37692307692308,42.38461538461539,42.392307692307696,42.400000000000006,42.40769230769231,42.41538461538462,42.42307692307693,42.430769230769236,42.43846153846154,42.44615384615385,42.45384615384616,42.46153846153847,42.46923076923077,42.47692307692308,42.48461538461539,42.4923076923077,42.5,42.50769230769231,42.51538461538462,42.52307692307693,42.53076923076923,42.53846153846154,42.54615384615385,42.55384615384616,42.56153846153846,42.56923076923077,42.57692307692308,42.58461538461539,42.59230769230769,42.6,42.60769230769231,42.61538461538462,42.62307692307692,42.63076923076923,42.63846153846154,42.64615384615385,42.65384615384615,42.66153846153846,42.66923076923077,42.67692307692308,42.684615384615384,42.69230769230769,42.7,42.70769230769231,42.715384615384615,42.723076923076924,42.73076923076923,42.73846153846154,42.746153846153845,42.753846153846155,42.761538461538464,42.769230769230774,42.776923076923076,42.784615384615385,42.792307692307695,42.800000000000004,42.80769230769231,42.815384615384616,42.823076923076925,42.830769230769235,42.838461538461544,42.84615384615385,42.853846153846156,42.861538461538466,42.869230769230775,42.87692307692308,42.88461538461539,42.892307692307696,42.900000000000006,42.90769230769231,42.91538461538462,42.92307692307693,42.930769230769236,42.93846153846154,42.94615384615385,42.95384615384616,42.96153846153847,42.96923076923077,42.97692307692308,42.98461538461539,42.9923076923077,43.0,43.00769230769231,43.01538461538462,43.02307692307693,43.03076923076923,43.03846153846154,43.04615384615385,43.05384615384616,43.06153846153846,43.06923076923077,43.07692307692308,43.08461538461539,43.09230769230769,43.1,43.10769230769231,43.11538461538462,43.12307692307692,43.13076923076923,43.13846153846154,43.14615384615385,43.15384615384615,43.16153846153846,43.16923076923077,43.17692307692308,43.184615384615384,43.19230769230769,43.2,43.20769230769231,43.215384615384615,43.223076923076924,43.23076923076923,43.23846153846154,43.246153846153845,43.253846153846155,43.261538461538464,43.269230769230774,43.276923076923076,43.284615384615385,43.292307692307695,43.300000000000004,43.30769230769231,43.315384615384616,43.323076923076925,43.330769230769235,43.338461538461544,43.34615384615385,43.353846153846156,43.361538461538466,43.369230769230775,43.37692307692308,43.38461538461539,43.392307692307696,43.400000000000006,43.40769230769231,43.41538461538462,43.42307692307693,43.430769230769236,43.43846153846154,43.44615384615385,43.45384615384616,43.46153846153847,43.46923076923077,43.47692307692308,43.48461538461539,43.4923076923077,43.5,43.50769230769231,43.51538461538462,43.52307692307693,43.53076923076923,43.53846153846154,43.54615384615385,43.55384615384616,43.56153846153846,43.56923076923077,43.57692307692308,43.58461538461539,43.59230769230769,43.6,43.60769230769231,43.61538461538462,43.62307692307692,43.63076923076923,43.63846153846154,43.64615384615385,43.65384615384615,43.66153846153846,43.66923076923077,43.67692307692308,43.684615384615384,43.69230769230769,43.7,43.70769230769231,43.715384615384615,43.723076923076924,43.73076923076923,43.73846153846154,43.746153846153845,43.753846153846155,43.761538461538464,43.769230769230774,43.776923076923076,43.784615384615385,43.792307692307695,43.800000000000004,43.80769230769231,43.815384615384616,43.823076923076925,43.830769230769235,43.838461538461544,43.84615384615385,43.853846153846156,43.861538461538466,43.869230769230775,43.87692307692308,43.88461538461539,43.892307692307696,43.900000000000006,43.90769230769231,43.91538461538462,43.92307692307693,43.930769230769236,43.93846153846154,43.94615384615385,43.95384615384616,43.96153846153847,43.96923076923077,43.97692307692308,43.98461538461539,43.9923076923077,44.0,44.00769230769231,44.01538461538462,44.02307692307693,44.03076923076923,44.03846153846154,44.04615384615385,44.05384615384616,44.06153846153846,44.06923076923077,44.07692307692308,44.08461538461539,44.09230769230769,44.1,44.10769230769231,44.11538461538462,44.12307692307692,44.13076923076923,44.13846153846154,44.14615384615385,44.15384615384615,44.16153846153846,44.16923076923077,44.17692307692308,44.184615384615384,44.19230769230769,44.2,44.20769230769231,44.215384615384615,44.223076923076924,44.23076923076923,44.23846153846154,44.246153846153845,44.253846153846155,44.261538461538464,44.269230769230774,44.276923076923076,44.284615384615385,44.292307692307695,44.300000000000004,44.30769230769231,44.315384615384616,44.323076923076925,44.330769230769235,44.338461538461544,44.34615384615385,44.353846153846156,44.361538461538466,44.369230769230775,44.37692307692308,44.38461538461539,44.392307692307696,44.400000000000006,44.40769230769231,44.41538461538462,44.42307692307693,44.430769230769236,44.43846153846154,44.44615384615385,44.45384615384616,44.46153846153847,44.46923076923077,44.47692307692308,44.48461538461539,44.4923076923077,44.5,44.50769230769231,44.51538461538462,44.52307692307693,44.53076923076923,44.53846153846154,44.54615384615385,44.55384615384616,44.56153846153846,44.56923076923077,44.57692307692308,44.58461538461539,44.59230769230769,44.6,44.60769230769231,44.61538461538462,44.62307692307692,44.63076923076923,44.63846153846154,44.64615384615385,44.65384615384615,44.66153846153846,44.66923076923077,44.67692307692308,44.684615384615384,44.69230769230769,44.7,44.70769230769231,44.715384615384615,44.723076923076924,44.73076923076923,44.73846153846154,44.746153846153845,44.753846153846155,44.761538461538464,44.769230769230774,44.776923076923076,44.784615384615385,44.792307692307695,44.800000000000004,44.807692307692314,44.815384615384616,44.823076923076925,44.830769230769235,44.838461538461544,44.84615384615385,44.853846153846156,44.861538461538466,44.869230769230775,44.87692307692308,44.88461538461539,44.892307692307696,44.900000000000006,44.90769230769231,44.91538461538462,44.92307692307693,44.930769230769236,44.93846153846154,44.94615384615385,44.95384615384616,44.96153846153847,44.96923076923077,44.97692307692308,44.98461538461539,44.9923076923077,45.0,45.00769230769231,45.01538461538462,45.02307692307693,45.03076923076923,45.03846153846154,45.04615384615385,45.05384615384616,45.06153846153846,45.06923076923077,45.07692307692308,45.08461538461539,45.09230769230769,45.1,45.10769230769231,45.11538461538462,45.12307692307692,45.13076923076923,45.13846153846154,45.14615384615385,45.15384615384615,45.16153846153846,45.16923076923077,45.17692307692308,45.184615384615384,45.19230769230769,45.2,45.20769230769231,45.215384615384615,45.223076923076924,45.23076923076923,45.23846153846154,45.246153846153845,45.253846153846155,45.261538461538464,45.269230769230774,45.276923076923076,45.284615384615385,45.292307692307695,45.300000000000004,45.307692307692314,45.315384615384616,45.323076923076925,45.330769230769235,45.338461538461544,45.34615384615385,45.353846153846156,45.361538461538466,45.369230769230775,45.37692307692308,45.38461538461539,45.392307692307696,45.400000000000006,45.40769230769231,45.41538461538462,45.42307692307693,45.430769230769236,45.43846153846154,45.44615384615385,45.45384615384616,45.46153846153847,45.46923076923077,45.47692307692308,45.48461538461539,45.4923076923077,45.5,45.50769230769231,45.51538461538462,45.52307692307693,45.53076923076923,45.53846153846154,45.54615384615385,45.55384615384616,45.56153846153846,45.56923076923077,45.57692307692308,45.58461538461539,45.59230769230769,45.6,45.60769230769231,45.61538461538462,45.62307692307692,45.63076923076923,45.63846153846154,45.64615384615385,45.65384615384615,45.66153846153846,45.66923076923077,45.67692307692308,45.684615384615384,45.69230769230769,45.7,45.70769230769231,45.715384615384615,45.723076923076924,45.73076923076923,45.73846153846154,45.746153846153845,45.753846153846155,45.761538461538464,45.769230769230774,45.776923076923076,45.784615384615385,45.792307692307695,45.800000000000004,45.807692307692314,45.815384615384616,45.823076923076925,45.830769230769235,45.838461538461544,45.84615384615385,45.853846153846156,45.861538461538466,45.869230769230775,45.87692307692308,45.88461538461539,45.892307692307696,45.900000000000006,45.90769230769231,45.91538461538462,45.92307692307693,45.930769230769236,45.93846153846154,45.94615384615385,45.95384615384616,45.96153846153847,45.96923076923077,45.97692307692308,45.98461538461539,45.9923076923077,46.0,46.00769230769231,46.01538461538462,46.02307692307693,46.03076923076923,46.03846153846154,46.04615384615385,46.05384615384616,46.06153846153846,46.06923076923077,46.07692307692308,46.08461538461539,46.09230769230769,46.1,46.10769230769231,46.11538461538462,46.12307692307692,46.13076923076923,46.13846153846154,46.14615384615385,46.15384615384615,46.16153846153846,46.16923076923077,46.17692307692308,46.184615384615384,46.19230769230769,46.2,46.20769230769231,46.215384615384615,46.223076923076924,46.23076923076923,46.23846153846154,46.246153846153845,46.253846153846155,46.261538461538464,46.269230769230774,46.27692307692308,46.284615384615385,46.292307692307695,46.300000000000004,46.307692307692314,46.315384615384616,46.323076923076925,46.330769230769235,46.338461538461544,46.34615384615385,46.353846153846156,46.361538461538466,46.369230769230775,46.37692307692308,46.38461538461539,46.392307692307696,46.400000000000006,46.40769230769231,46.41538461538462,46.42307692307693,46.430769230769236,46.43846153846154,46.44615384615385,46.45384615384616,46.46153846153847,46.46923076923077,46.47692307692308,46.48461538461539,46.4923076923077,46.5,46.50769230769231,46.51538461538462,46.52307692307693,46.53076923076923,46.53846153846154,46.54615384615385,46.55384615384616,46.56153846153846,46.56923076923077,46.57692307692308,46.58461538461539,46.59230769230769,46.6,46.60769230769231,46.61538461538462,46.62307692307692,46.63076923076923,46.63846153846154,46.64615384615385,46.65384615384615,46.66153846153846,46.66923076923077,46.67692307692308,46.684615384615384,46.69230769230769,46.7,46.70769230769231,46.715384615384615,46.723076923076924,46.73076923076923,46.73846153846154,46.746153846153845,46.753846153846155,46.761538461538464,46.769230769230774,46.77692307692308,46.784615384615385,46.792307692307695,46.800000000000004,46.807692307692314,46.815384615384616,46.823076923076925,46.830769230769235,46.838461538461544,46.84615384615385,46.853846153846156,46.861538461538466,46.869230769230775,46.87692307692308,46.88461538461539,46.892307692307696,46.900000000000006,46.90769230769231,46.91538461538462,46.92307692307693,46.930769230769236,46.93846153846154,46.94615384615385,46.95384615384616,46.96153846153847,46.96923076923077,46.97692307692308,46.98461538461539,46.9923076923077,47.0,47.00769230769231,47.01538461538462,47.02307692307693,47.03076923076923,47.03846153846154,47.04615384615385,47.05384615384616,47.06153846153846,47.06923076923077,47.07692307692308,47.08461538461539,47.09230769230769,47.1,47.10769230769231,47.11538461538462,47.12307692307692,47.13076923076923,47.13846153846154,47.14615384615385,47.15384615384615,47.16153846153846,47.16923076923077,47.17692307692308,47.184615384615384,47.19230769230769,47.2,47.20769230769231,47.215384615384615,47.223076923076924,47.23076923076923,47.23846153846154,47.246153846153845,47.253846153846155,47.261538461538464,47.269230769230774,47.27692307692308,47.284615384615385,47.292307692307695,47.300000000000004,47.307692307692314,47.315384615384616,47.323076923076925,47.330769230769235,47.338461538461544,47.34615384615385,47.353846153846156,47.361538461538466,47.369230769230775,47.37692307692308,47.38461538461539,47.392307692307696,47.400000000000006,47.40769230769231,47.41538461538462,47.42307692307693,47.430769230769236,47.43846153846154,47.44615384615385,47.45384615384616,47.46153846153847,47.46923076923077,47.47692307692308,47.48461538461539,47.4923076923077,47.5,47.50769230769231,47.51538461538462,47.52307692307693,47.53076923076923,47.53846153846154,47.54615384615385,47.55384615384616,47.56153846153846,47.56923076923077,47.57692307692308,47.58461538461539,47.59230769230769,47.6,47.60769230769231,47.61538461538462,47.62307692307692,47.63076923076923,47.63846153846154,47.64615384615385,47.65384615384615,47.66153846153846,47.66923076923077,47.67692307692308,47.684615384615384,47.69230769230769,47.7,47.70769230769231,47.715384615384615,47.723076923076924,47.73076923076923,47.73846153846154,47.746153846153845,47.753846153846155,47.761538461538464,47.769230769230774,47.77692307692308,47.784615384615385,47.792307692307695,47.800000000000004,47.807692307692314,47.815384615384616,47.823076923076925,47.830769230769235,47.838461538461544,47.84615384615385,47.853846153846156,47.861538461538466,47.869230769230775,47.87692307692308,47.88461538461539,47.892307692307696,47.900000000000006,47.90769230769231,47.91538461538462,47.92307692307693,47.930769230769236,47.93846153846154,47.94615384615385,47.95384615384616,47.96153846153847,47.96923076923077,47.97692307692308,47.98461538461539,47.9923076923077,48.0,48.00769230769231,48.01538461538462,48.02307692307693,48.03076923076923,48.03846153846154,48.04615384615385,48.05384615384616,48.06153846153846,48.06923076923077,48.07692307692308,48.08461538461539,48.09230769230769,48.1,48.10769230769231,48.11538461538462,48.12307692307692,48.13076923076923,48.13846153846154,48.14615384615385,48.15384615384615,48.16153846153846,48.16923076923077,48.17692307692308,48.184615384615384,48.19230769230769,48.2,48.20769230769231,48.215384615384615,48.223076923076924,48.23076923076923,48.23846153846154,48.246153846153845,48.253846153846155,48.261538461538464,48.269230769230774,48.27692307692308,48.284615384615385,48.292307692307695,48.300000000000004,48.307692307692314,48.315384615384616,48.323076923076925,48.330769230769235,48.338461538461544,48.34615384615385,48.353846153846156,48.361538461538466,48.369230769230775,48.37692307692308,48.38461538461539,48.392307692307696,48.400000000000006,48.40769230769231,48.41538461538462,48.42307692307693,48.430769230769236,48.43846153846154,48.44615384615385,48.45384615384616,48.46153846153847,48.46923076923077,48.47692307692308,48.48461538461539,48.4923076923077,48.5,48.50769230769231,48.51538461538462,48.52307692307693,48.53076923076923,48.53846153846154,48.54615384615385,48.55384615384616,48.56153846153846,48.56923076923077,48.57692307692308,48.58461538461539,48.59230769230769,48.6,48.60769230769231,48.61538461538462,48.62307692307692,48.63076923076923,48.63846153846154,48.64615384615385,48.65384615384615,48.66153846153846,48.66923076923077,48.67692307692308,48.684615384615384,48.69230769230769,48.7,48.70769230769231,48.715384615384615,48.723076923076924,48.73076923076923,48.73846153846154,48.74615384615385,48.753846153846155,48.761538461538464,48.769230769230774,48.77692307692308,48.784615384615385,48.792307692307695,48.800000000000004,48.807692307692314,48.815384615384616,48.823076923076925,48.830769230769235,48.838461538461544,48.84615384615385,48.853846153846156,48.861538461538466,48.869230769230775,48.87692307692308,48.88461538461539,48.892307692307696,48.900000000000006,48.90769230769231,48.91538461538462,48.92307692307693,48.930769230769236,48.93846153846154,48.94615384615385,48.95384615384616,48.96153846153847,48.96923076923077,48.97692307692308,48.98461538461539,48.9923076923077,49.0,49.00769230769231,49.01538461538462,49.02307692307693,49.03076923076923,49.03846153846154,49.04615384615385,49.05384615384616,49.06153846153846,49.06923076923077,49.07692307692308,49.08461538461539,49.09230769230769,49.1,49.10769230769231,49.11538461538462,49.12307692307692,49.13076923076923,49.13846153846154,49.14615384615385,49.15384615384615,49.16153846153846,49.16923076923077,49.17692307692308,49.184615384615384,49.19230769230769,49.2,49.20769230769231,49.215384615384615,49.223076923076924,49.23076923076923,49.23846153846154,49.24615384615385,49.253846153846155,49.261538461538464,49.269230769230774,49.27692307692308,49.284615384615385,49.292307692307695,49.300000000000004,49.307692307692314,49.315384615384616,49.323076923076925,49.330769230769235,49.338461538461544,49.34615384615385,49.353846153846156,49.361538461538466,49.369230769230775,49.37692307692308,49.38461538461539,49.392307692307696,49.400000000000006,49.40769230769231,49.41538461538462,49.42307692307693,49.430769230769236,49.43846153846154,49.44615384615385,49.45384615384616,49.46153846153847,49.46923076923077,49.47692307692308,49.48461538461539,49.4923076923077,49.5,49.50769230769231,49.51538461538462,49.52307692307693,49.53076923076923,49.53846153846154,49.54615384615385,49.55384615384616,49.56153846153846,49.56923076923077,49.57692307692308,49.58461538461539,49.59230769230769,49.6,49.60769230769231,49.61538461538462,49.62307692307692,49.63076923076923,49.63846153846154,49.64615384615385,49.65384615384615,49.66153846153846,49.66923076923077,49.67692307692308,49.684615384615384,49.69230769230769,49.7,49.70769230769231,49.715384615384615,49.723076923076924,49.73076923076923,49.73846153846154,49.74615384615385,49.753846153846155,49.761538461538464,49.769230769230774,49.77692307692308,49.784615384615385,49.792307692307695,49.800000000000004,49.807692307692314,49.815384615384616,49.823076923076925,49.830769230769235,49.838461538461544,49.84615384615385,49.853846153846156,49.861538461538466,49.869230769230775,49.87692307692308,49.88461538461539,49.892307692307696,49.900000000000006,49.90769230769231,49.91538461538462,49.92307692307693,49.930769230769236,49.93846153846154,49.94615384615385,49.95384615384616,49.96153846153847,49.96923076923077,49.97692307692308,49.98461538461539,49.9923076923077,50.0,50.00769230769231,50.01538461538462,50.02307692307693,50.03076923076923,50.03846153846154,50.04615384615385,50.05384615384616,50.06153846153846,50.06923076923077,50.07692307692308,50.08461538461539,50.09230769230769,50.1,50.10769230769231,50.11538461538462,50.12307692307692,50.13076923076923,50.13846153846154,50.14615384615385,50.15384615384615,50.16153846153846,50.16923076923077,50.17692307692308,50.184615384615384,50.19230769230769,50.2,50.20769230769231,50.21538461538462,50.223076923076924,50.23076923076923,50.23846153846154,50.24615384615385,50.253846153846155,50.261538461538464,50.269230769230774,50.27692307692308,50.284615384615385,50.292307692307695,50.300000000000004,50.307692307692314,50.315384615384616,50.323076923076925,50.330769230769235,50.338461538461544,50.34615384615385,50.353846153846156,50.361538461538466,50.369230769230775,50.37692307692308,50.38461538461539,50.392307692307696,50.400000000000006,50.40769230769231,50.41538461538462,50.42307692307693,50.430769230769236,50.43846153846154,50.44615384615385,50.45384615384616,50.46153846153847,50.46923076923077,50.47692307692308,50.48461538461539,50.4923076923077,50.5,50.50769230769231,50.51538461538462,50.52307692307693,50.53076923076923,50.53846153846154,50.54615384615385,50.55384615384616,50.56153846153846,50.56923076923077,50.57692307692308,50.58461538461539,50.59230769230769,50.6,50.60769230769231,50.61538461538462,50.62307692307692,50.63076923076923,50.63846153846154,50.64615384615385,50.65384615384615,50.66153846153846,50.66923076923077,50.67692307692308,50.684615384615384,50.69230769230769,50.7,50.70769230769231,50.71538461538462,50.723076923076924,50.73076923076923,50.73846153846154,50.74615384615385,50.753846153846155,50.761538461538464,50.769230769230774,50.77692307692308,50.784615384615385,50.792307692307695,50.800000000000004,50.807692307692314,50.815384615384616,50.823076923076925,50.830769230769235,50.838461538461544,50.84615384615385,50.853846153846156,50.861538461538466,50.869230769230775,50.87692307692308,50.88461538461539,50.892307692307696,50.900000000000006,50.90769230769231,50.91538461538462,50.92307692307693,50.930769230769236,50.93846153846154,50.94615384615385,50.95384615384616,50.96153846153847,50.96923076923077,50.97692307692308,50.98461538461539,50.9923076923077,51.0,51.00769230769231,51.01538461538462,51.02307692307693,51.03076923076923,51.03846153846154,51.04615384615385,51.05384615384616,51.06153846153846,51.06923076923077,51.07692307692308,51.08461538461539,51.09230769230769,51.1,51.10769230769231,51.11538461538462,51.12307692307692,51.13076923076923,51.13846153846154,51.14615384615385,51.15384615384615,51.16153846153846,51.16923076923077,51.17692307692308,51.184615384615384,51.19230769230769,51.2,51.20769230769231,51.21538461538462,51.223076923076924,51.23076923076923,51.23846153846154,51.24615384615385,51.253846153846155,51.261538461538464,51.269230769230774,51.27692307692308,51.284615384615385,51.292307692307695,51.300000000000004,51.307692307692314,51.315384615384616,51.323076923076925,51.330769230769235,51.338461538461544,51.34615384615385,51.353846153846156,51.361538461538466,51.369230769230775,51.37692307692308,51.38461538461539,51.392307692307696,51.400000000000006,51.40769230769231,51.41538461538462,51.42307692307693,51.430769230769236,51.43846153846154,51.44615384615385,51.45384615384616,51.46153846153847,51.46923076923077,51.47692307692308,51.48461538461539,51.4923076923077,51.5,51.50769230769231,51.51538461538462,51.52307692307693,51.53076923076923,51.53846153846154,51.54615384615385,51.55384615384616,51.56153846153846,51.56923076923077,51.57692307692308,51.58461538461539,51.59230769230769,51.6,51.60769230769231,51.61538461538462,51.62307692307692,51.63076923076923,51.63846153846154,51.64615384615385,51.65384615384615,51.66153846153846,51.66923076923077,51.67692307692308,51.684615384615384,51.69230769230769,51.7,51.70769230769231,51.71538461538462,51.723076923076924,51.73076923076923,51.73846153846154,51.74615384615385,51.753846153846155,51.761538461538464,51.769230769230774,51.77692307692308,51.784615384615385,51.792307692307695,51.800000000000004,51.807692307692314,51.815384615384616,51.823076923076925,51.830769230769235,51.838461538461544,51.84615384615385,51.853846153846156,51.861538461538466,51.869230769230775,51.87692307692308,51.88461538461539,51.892307692307696,51.900000000000006,51.90769230769231,51.91538461538462,51.92307692307693,51.930769230769236,51.93846153846154,51.94615384615385,51.95384615384616,51.96153846153847,51.96923076923077,51.97692307692308,51.98461538461539,51.9923076923077,52.0,52.00769230769231,52.01538461538462,52.02307692307693,52.03076923076923,52.03846153846154,52.04615384615385,52.05384615384616,52.06153846153846,52.06923076923077,52.07692307692308,52.08461538461539,52.09230769230769,52.1,52.10769230769231,52.11538461538462,52.12307692307692,52.13076923076923,52.13846153846154,52.14615384615385,52.15384615384615,52.16153846153846,52.16923076923077,52.17692307692308,52.184615384615384,52.19230769230769,52.2,52.20769230769231,52.21538461538462,52.223076923076924,52.23076923076923,52.23846153846154,52.24615384615385,52.253846153846155,52.261538461538464,52.269230769230774,52.27692307692308,52.284615384615385,52.292307692307695,52.300000000000004,52.307692307692314,52.315384615384616,52.323076923076925,52.330769230769235,52.338461538461544,52.34615384615385,52.353846153846156,52.361538461538466,52.369230769230775,52.37692307692308,52.38461538461539,52.392307692307696,52.400000000000006,52.40769230769231,52.41538461538462,52.42307692307693,52.430769230769236,52.43846153846154,52.44615384615385,52.45384615384616,52.46153846153847,52.46923076923077,52.47692307692308,52.48461538461539,52.4923076923077,52.5,52.50769230769231,52.51538461538462,52.52307692307693,52.53076923076923,52.53846153846154,52.54615384615385,52.55384615384616,52.56153846153846,52.56923076923077,52.57692307692308,52.58461538461539,52.59230769230769,52.6,52.60769230769231,52.61538461538462,52.62307692307692,52.63076923076923,52.63846153846154,52.64615384615385,52.65384615384615,52.66153846153846,52.66923076923077,52.67692307692308,52.68461538461539,52.69230769230769,52.7,52.70769230769231,52.71538461538462,52.723076923076924,52.73076923076923,52.73846153846154,52.74615384615385,52.753846153846155,52.761538461538464,52.769230769230774,52.77692307692308,52.784615384615385,52.792307692307695,52.800000000000004,52.807692307692314,52.815384615384616,52.823076923076925,52.830769230769235,52.838461538461544,52.84615384615385,52.853846153846156,52.861538461538466,52.869230769230775,52.87692307692308,52.88461538461539,52.892307692307696,52.900000000000006,52.90769230769231,52.91538461538462,52.92307692307693,52.930769230769236,52.93846153846154,52.94615384615385,52.95384615384616,52.96153846153847,52.96923076923077,52.97692307692308,52.98461538461539,52.9923076923077,53.0,53.00769230769231,53.01538461538462,53.02307692307693,53.03076923076923,53.03846153846154,53.04615384615385,53.05384615384616,53.06153846153846,53.06923076923077,53.07692307692308,53.08461538461539,53.09230769230769,53.1,53.10769230769231,53.11538461538462,53.12307692307692,53.13076923076923,53.13846153846154,53.14615384615385,53.15384615384615,53.16153846153846,53.16923076923077,53.17692307692308,53.18461538461539,53.19230769230769,53.2,53.20769230769231,53.21538461538462,53.223076923076924,53.23076923076923,53.23846153846154,53.24615384615385,53.253846153846155,53.261538461538464,53.269230769230774,53.27692307692308,53.284615384615385,53.292307692307695,53.300000000000004,53.307692307692314,53.315384615384616,53.323076923076925,53.330769230769235,53.338461538461544,53.34615384615385,53.353846153846156,53.361538461538466,53.369230769230775,53.37692307692308,53.38461538461539,53.392307692307696,53.400000000000006,53.40769230769231,53.41538461538462,53.42307692307693,53.430769230769236,53.43846153846154,53.44615384615385,53.45384615384616,53.46153846153847,53.46923076923077,53.47692307692308,53.48461538461539,53.4923076923077,53.5,53.50769230769231,53.51538461538462,53.52307692307693,53.53076923076923,53.53846153846154,53.54615384615385,53.55384615384616,53.56153846153846,53.56923076923077,53.57692307692308,53.58461538461539,53.59230769230769,53.6,53.60769230769231,53.61538461538462,53.62307692307692,53.63076923076923,53.63846153846154,53.64615384615385,53.65384615384615,53.66153846153846,53.66923076923077,53.67692307692308,53.68461538461539,53.69230769230769,53.7,53.70769230769231,53.71538461538462,53.723076923076924,53.73076923076923,53.73846153846154,53.74615384615385,53.753846153846155,53.761538461538464,53.769230769230774,53.77692307692308,53.784615384615385,53.792307692307695,53.800000000000004,53.807692307692314,53.815384615384616,53.823076923076925,53.830769230769235,53.838461538461544,53.84615384615385,53.853846153846156,53.861538461538466,53.869230769230775,53.87692307692308,53.88461538461539,53.892307692307696,53.900000000000006,53.90769230769231,53.91538461538462,53.92307692307693,53.930769230769236,53.93846153846154,53.94615384615385,53.95384615384616,53.96153846153847,53.96923076923077,53.97692307692308,53.98461538461539,53.9923076923077,54.0,54.00769230769231,54.01538461538462,54.02307692307693,54.03076923076923,54.03846153846154,54.04615384615385,54.05384615384616,54.06153846153846,54.06923076923077,54.07692307692308,54.08461538461539,54.09230769230769,54.1,54.10769230769231,54.11538461538462,54.12307692307692,54.13076923076923,54.13846153846154,54.14615384615385,54.15384615384616,54.16153846153846,54.16923076923077,54.17692307692308,54.18461538461539,54.19230769230769,54.2,54.20769230769231,54.21538461538462,54.223076923076924,54.23076923076923,54.23846153846154,54.24615384615385,54.253846153846155,54.261538461538464,54.269230769230774,54.27692307692308,54.284615384615385,54.292307692307695,54.300000000000004,54.307692307692314,54.315384615384616,54.323076923076925,54.330769230769235,54.338461538461544,54.34615384615385,54.353846153846156,54.361538461538466,54.369230769230775,54.37692307692308,54.38461538461539,54.392307692307696,54.400000000000006,54.40769230769231,54.41538461538462,54.42307692307693,54.430769230769236,54.43846153846154,54.44615384615385,54.45384615384616,54.46153846153847,54.46923076923077,54.47692307692308,54.48461538461539,54.4923076923077,54.5,54.50769230769231,54.51538461538462,54.52307692307693,54.53076923076923,54.53846153846154,54.54615384615385,54.55384615384616,54.56153846153846,54.56923076923077,54.57692307692308,54.58461538461539,54.59230769230769,54.6,54.60769230769231,54.61538461538462,54.62307692307692,54.63076923076923,54.63846153846154,54.64615384615385,54.65384615384616,54.66153846153846,54.66923076923077,54.67692307692308,54.68461538461539,54.69230769230769,54.7,54.70769230769231,54.71538461538462,54.723076923076924,54.73076923076923,54.73846153846154,54.74615384615385,54.753846153846155,54.761538461538464,54.769230769230774,54.77692307692308,54.784615384615385,54.792307692307695,54.800000000000004,54.807692307692314,54.815384615384616,54.823076923076925,54.830769230769235,54.838461538461544,54.84615384615385,54.853846153846156,54.861538461538466,54.869230769230775,54.87692307692308,54.88461538461539,54.892307692307696,54.900000000000006,54.90769230769231,54.91538461538462,54.92307692307693,54.930769230769236,54.93846153846154,54.94615384615385,54.95384615384616,54.96153846153847,54.96923076923077,54.97692307692308,54.98461538461539,54.9923076923077,55.0,55.00769230769231,55.01538461538462,55.02307692307693,55.03076923076923,55.03846153846154,55.04615384615385,55.05384615384616,55.06153846153846,55.06923076923077,55.07692307692308,55.08461538461539,55.09230769230769,55.1,55.10769230769231,55.11538461538462,55.12307692307692,55.13076923076923,55.13846153846154,55.14615384615385,55.15384615384616,55.16153846153846,55.16923076923077,55.17692307692308,55.18461538461539,55.19230769230769,55.2,55.20769230769231,55.21538461538462,55.223076923076924,55.23076923076923,55.23846153846154,55.24615384615385,55.253846153846155,55.261538461538464,55.269230769230774,55.27692307692308,55.284615384615385,55.292307692307695,55.300000000000004,55.307692307692314,55.315384615384616,55.323076923076925,55.330769230769235,55.338461538461544,55.34615384615385,55.353846153846156,55.361538461538466,55.369230769230775,55.37692307692308,55.38461538461539,55.392307692307696,55.400000000000006,55.40769230769231,55.41538461538462,55.42307692307693,55.430769230769236,55.43846153846154,55.44615384615385,55.45384615384616,55.46153846153847,55.46923076923077,55.47692307692308,55.48461538461539,55.4923076923077,55.5,55.50769230769231,55.51538461538462,55.52307692307693,55.53076923076923,55.53846153846154,55.54615384615385,55.55384615384616,55.56153846153846,55.56923076923077,55.57692307692308,55.58461538461539,55.59230769230769,55.6,55.60769230769231,55.61538461538462,55.62307692307692,55.63076923076923,55.63846153846154,55.64615384615385,55.65384615384616,55.66153846153846,55.66923076923077,55.67692307692308,55.68461538461539,55.69230769230769,55.7,55.70769230769231,55.71538461538462,55.723076923076924,55.73076923076923,55.73846153846154,55.74615384615385,55.753846153846155,55.761538461538464,55.769230769230774,55.77692307692308,55.784615384615385,55.792307692307695,55.800000000000004,55.807692307692314,55.815384615384616,55.823076923076925,55.830769230769235,55.838461538461544,55.84615384615385,55.853846153846156,55.861538461538466,55.869230769230775,55.87692307692308,55.88461538461539,55.892307692307696,55.900000000000006,55.90769230769231,55.91538461538462,55.92307692307693,55.930769230769236,55.93846153846154,55.94615384615385,55.95384615384616,55.96153846153847,55.96923076923077,55.97692307692308,55.98461538461539,55.9923076923077,56.0,56.00769230769231,56.01538461538462,56.02307692307693,56.03076923076923,56.03846153846154,56.04615384615385,56.05384615384616,56.06153846153846,56.06923076923077,56.07692307692308,56.08461538461539,56.09230769230769,56.1,56.10769230769231,56.11538461538462,56.12307692307692,56.13076923076923,56.13846153846154,56.14615384615385,56.15384615384616,56.16153846153846,56.16923076923077,56.17692307692308,56.18461538461539,56.19230769230769,56.2,56.20769230769231,56.21538461538462,56.223076923076924,56.23076923076923,56.23846153846154,56.24615384615385,56.253846153846155,56.261538461538464,56.269230769230774,56.27692307692308,56.284615384615385,56.292307692307695,56.300000000000004,56.307692307692314,56.315384615384616,56.323076923076925,56.330769230769235,56.338461538461544,56.34615384615385,56.353846153846156,56.361538461538466,56.369230769230775,56.37692307692308,56.38461538461539,56.392307692307696,56.400000000000006,56.40769230769231,56.41538461538462,56.42307692307693,56.430769230769236,56.43846153846154,56.44615384615385,56.45384615384616,56.46153846153847,56.46923076923077,56.47692307692308,56.48461538461539,56.4923076923077,56.5,56.50769230769231,56.51538461538462,56.52307692307693,56.53076923076923,56.53846153846154,56.54615384615385,56.55384615384616,56.56153846153846,56.56923076923077,56.57692307692308,56.58461538461539,56.59230769230769,56.6,56.60769230769231,56.61538461538462,56.62307692307693,56.63076923076923,56.63846153846154,56.64615384615385,56.65384615384616,56.66153846153846,56.66923076923077,56.67692307692308,56.68461538461539,56.69230769230769,56.7,56.70769230769231,56.71538461538462,56.723076923076924,56.73076923076923,56.73846153846154,56.74615384615385,56.753846153846155,56.761538461538464,56.769230769230774,56.77692307692308,56.784615384615385,56.792307692307695,56.800000000000004,56.807692307692314,56.815384615384616,56.823076923076925,56.830769230769235,56.838461538461544,56.84615384615385,56.853846153846156,56.861538461538466,56.869230769230775,56.87692307692308,56.88461538461539,56.892307692307696,56.900000000000006,56.90769230769231,56.91538461538462,56.92307692307693,56.930769230769236,56.93846153846154,56.94615384615385,56.95384615384616,56.96153846153847,56.96923076923077,56.97692307692308,56.98461538461539,56.9923076923077,57.0,57.00769230769231,57.01538461538462,57.02307692307693,57.03076923076923,57.03846153846154,57.04615384615385,57.05384615384616,57.06153846153846,57.06923076923077,57.07692307692308,57.08461538461539,57.09230769230769,57.1,57.10769230769231,57.11538461538462,57.12307692307693,57.13076923076923,57.13846153846154,57.14615384615385,57.15384615384616,57.16153846153846,57.16923076923077,57.17692307692308,57.18461538461539,57.19230769230769,57.2,57.20769230769231,57.21538461538462,57.223076923076924,57.23076923076923,57.23846153846154,57.24615384615385,57.253846153846155,57.261538461538464,57.269230769230774,57.27692307692308,57.284615384615385,57.292307692307695,57.300000000000004,57.307692307692314,57.315384615384616,57.323076923076925,57.330769230769235,57.338461538461544,57.34615384615385,57.353846153846156,57.361538461538466,57.369230769230775,57.37692307692308,57.38461538461539,57.392307692307696,57.400000000000006,57.40769230769231,57.41538461538462,57.42307692307693,57.430769230769236,57.43846153846154,57.44615384615385,57.45384615384616,57.46153846153847,57.46923076923077,57.47692307692308,57.48461538461539,57.4923076923077,57.5,57.50769230769231,57.51538461538462,57.52307692307693,57.53076923076923,57.53846153846154,57.54615384615385,57.55384615384616,57.56153846153846,57.56923076923077,57.57692307692308,57.58461538461539,57.59230769230769,57.6,57.60769230769231,57.61538461538462,57.62307692307693,57.63076923076923,57.63846153846154,57.64615384615385,57.65384615384616,57.66153846153846,57.66923076923077,57.67692307692308,57.68461538461539,57.69230769230769,57.7,57.70769230769231,57.71538461538462,57.723076923076924,57.73076923076923,57.73846153846154,57.74615384615385,57.753846153846155,57.761538461538464,57.769230769230774,57.77692307692308,57.784615384615385,57.792307692307695,57.800000000000004,57.807692307692314,57.815384615384616,57.823076923076925,57.830769230769235,57.838461538461544,57.84615384615385,57.853846153846156,57.861538461538466,57.869230769230775,57.87692307692308,57.88461538461539,57.892307692307696,57.900000000000006,57.90769230769231,57.91538461538462,57.92307692307693,57.930769230769236,57.93846153846154,57.94615384615385,57.95384615384616,57.96153846153847,57.96923076923077,57.97692307692308,57.98461538461539,57.9923076923077,58.0,58.00769230769231,58.01538461538462,58.02307692307693,58.03076923076923,58.03846153846154,58.04615384615385,58.05384615384616,58.06153846153846,58.06923076923077,58.07692307692308,58.08461538461539,58.0923076923077,58.1,58.10769230769231,58.11538461538462,58.12307692307693,58.13076923076923,58.13846153846154,58.14615384615385,58.15384615384616,58.16153846153846,58.16923076923077,58.17692307692308,58.18461538461539,58.19230769230769,58.2,58.20769230769231,58.21538461538462,58.223076923076924,58.23076923076923,58.23846153846154,58.24615384615385,58.253846153846155,58.261538461538464,58.269230769230774,58.27692307692308,58.284615384615385,58.292307692307695,58.300000000000004,58.307692307692314,58.315384615384616,58.323076923076925,58.330769230769235,58.338461538461544,58.34615384615385,58.353846153846156,58.361538461538466,58.369230769230775,58.37692307692308,58.38461538461539,58.392307692307696,58.400000000000006,58.40769230769231,58.41538461538462,58.42307692307693,58.430769230769236,58.43846153846154,58.44615384615385,58.45384615384616,58.46153846153847,58.46923076923077,58.47692307692308,58.48461538461539,58.4923076923077,58.5,58.50769230769231,58.51538461538462,58.52307692307693,58.53076923076923,58.53846153846154,58.54615384615385,58.55384615384616,58.56153846153846,58.56923076923077,58.57692307692308,58.58461538461539,58.5923076923077,58.6,58.60769230769231,58.61538461538462,58.62307692307693,58.63076923076923,58.63846153846154,58.64615384615385,58.65384615384616,58.66153846153846,58.66923076923077,58.67692307692308,58.68461538461539,58.69230769230769,58.7,58.70769230769231,58.71538461538462,58.723076923076924,58.73076923076923,58.73846153846154,58.74615384615385,58.753846153846155,58.761538461538464,58.769230769230774,58.77692307692308,58.784615384615385,58.792307692307695,58.800000000000004,58.807692307692314,58.815384615384616,58.823076923076925,58.830769230769235,58.838461538461544,58.84615384615385,58.853846153846156,58.861538461538466,58.869230769230775,58.87692307692308,58.88461538461539,58.892307692307696,58.900000000000006,58.90769230769231,58.91538461538462,58.92307692307693,58.930769230769236,58.93846153846154,58.94615384615385,58.95384615384616,58.96153846153847,58.96923076923077,58.97692307692308,58.98461538461539,58.9923076923077,59.0,59.00769230769231,59.01538461538462,59.02307692307693,59.03076923076923,59.03846153846154,59.04615384615385,59.05384615384616,59.06153846153846,59.06923076923077,59.07692307692308,59.08461538461539,59.0923076923077,59.1,59.10769230769231,59.11538461538462,59.12307692307693,59.13076923076923,59.13846153846154,59.14615384615385,59.15384615384616,59.16153846153846,59.16923076923077,59.17692307692308,59.18461538461539,59.19230769230769,59.2,59.20769230769231,59.21538461538462,59.223076923076924,59.23076923076923,59.23846153846154,59.24615384615385,59.253846153846155,59.261538461538464,59.269230769230774,59.27692307692308,59.284615384615385,59.292307692307695,59.300000000000004,59.307692307692314,59.315384615384616,59.323076923076925,59.330769230769235,59.338461538461544,59.34615384615385,59.353846153846156,59.361538461538466,59.369230769230775,59.37692307692308,59.38461538461539,59.392307692307696,59.400000000000006,59.40769230769231,59.41538461538462,59.42307692307693,59.430769230769236,59.43846153846154,59.44615384615385,59.45384615384616,59.46153846153847,59.46923076923077,59.47692307692308,59.48461538461539,59.4923076923077,59.5,59.50769230769231,59.51538461538462,59.52307692307693,59.53076923076923,59.53846153846154,59.54615384615385,59.55384615384616,59.56153846153846,59.56923076923077,59.57692307692308,59.58461538461539,59.5923076923077,59.6,59.60769230769231,59.61538461538462,59.62307692307693,59.63076923076923,59.63846153846154,59.64615384615385,59.65384615384616,59.66153846153846,59.66923076923077,59.67692307692308,59.68461538461539,59.69230769230769,59.7,59.70769230769231,59.71538461538462,59.723076923076924,59.73076923076923,59.73846153846154,59.74615384615385,59.753846153846155,59.761538461538464,59.769230769230774,59.77692307692308,59.784615384615385,59.792307692307695,59.800000000000004,59.807692307692314,59.815384615384616,59.823076923076925,59.830769230769235,59.838461538461544,59.84615384615385,59.853846153846156,59.861538461538466,59.869230769230775,59.87692307692308,59.88461538461539,59.892307692307696,59.900000000000006,59.90769230769231,59.91538461538462,59.92307692307693,59.930769230769236,59.93846153846154,59.94615384615385,59.95384615384616,59.96153846153847,59.96923076923077,59.97692307692308,59.98461538461539,59.9923076923077,60.0,60.00769230769231,60.01538461538462,60.02307692307693,60.03076923076923,60.03846153846154,60.04615384615385,60.05384615384616,60.06153846153846,60.06923076923077,60.07692307692308,60.08461538461539,60.0923076923077,60.1,60.10769230769231,60.11538461538462,60.12307692307693,60.13076923076923,60.13846153846154,60.14615384615385,60.15384615384616,60.16153846153846,60.16923076923077,60.17692307692308,60.18461538461539,60.19230769230769,60.2,60.20769230769231,60.21538461538462,60.223076923076924,60.23076923076923,60.23846153846154,60.24615384615385,60.253846153846155,60.261538461538464,60.269230769230774,60.27692307692308,60.284615384615385,60.292307692307695,60.300000000000004,60.307692307692314,60.315384615384616,60.323076923076925,60.330769230769235,60.338461538461544,60.34615384615385,60.353846153846156,60.361538461538466,60.369230769230775,60.37692307692308,60.38461538461539,60.392307692307696,60.400000000000006,60.40769230769231,60.41538461538462,60.42307692307693,60.430769230769236,60.43846153846154,60.44615384615385,60.45384615384616,60.46153846153847,60.46923076923077,60.47692307692308,60.48461538461539,60.4923076923077,60.5,60.50769230769231,60.51538461538462,60.52307692307693,60.53076923076923,60.53846153846154,60.54615384615385,60.55384615384616,60.56153846153847,60.56923076923077,60.57692307692308,60.58461538461539,60.5923076923077,60.6,60.60769230769231,60.61538461538462,60.62307692307693,60.63076923076923,60.63846153846154,60.64615384615385,60.65384615384616,60.66153846153846,60.66923076923077,60.67692307692308,60.68461538461539,60.69230769230769,60.7,60.70769230769231,60.71538461538462,60.723076923076924,60.73076923076923,60.73846153846154,60.74615384615385,60.753846153846155,60.761538461538464,60.769230769230774,60.77692307692308,60.784615384615385,60.792307692307695,60.800000000000004,60.807692307692314,60.815384615384616,60.823076923076925,60.830769230769235,60.838461538461544,60.84615384615385,60.853846153846156,60.861538461538466,60.869230769230775,60.87692307692308,60.88461538461539,60.892307692307696,60.900000000000006,60.90769230769231,60.91538461538462,60.92307692307693,60.930769230769236,60.93846153846154,60.94615384615385,60.95384615384616,60.96153846153847,60.96923076923077,60.97692307692308,60.98461538461539,60.9923076923077,61.0,61.00769230769231,61.01538461538462,61.02307692307693,61.03076923076923,61.03846153846154,61.04615384615385,61.05384615384616,61.06153846153847,61.06923076923077,61.07692307692308,61.08461538461539,61.0923076923077,61.1,61.10769230769231,61.11538461538462,61.12307692307693,61.13076923076923,61.13846153846154,61.14615384615385,61.15384615384616,61.16153846153846,61.16923076923077,61.17692307692308,61.18461538461539,61.19230769230769,61.2,61.20769230769231,61.21538461538462,61.223076923076924,61.23076923076923,61.23846153846154,61.24615384615385,61.253846153846155,61.261538461538464,61.269230769230774,61.27692307692308,61.284615384615385,61.292307692307695,61.300000000000004,61.307692307692314,61.315384615384616,61.323076923076925,61.330769230769235,61.338461538461544,61.34615384615385,61.353846153846156,61.361538461538466,61.369230769230775,61.37692307692308,61.38461538461539,61.392307692307696,61.400000000000006,61.40769230769231,61.41538461538462,61.42307692307693,61.430769230769236,61.43846153846154,61.44615384615385,61.45384615384616,61.46153846153847,61.46923076923077,61.47692307692308,61.48461538461539,61.4923076923077,61.5,61.50769230769231,61.51538461538462,61.52307692307693,61.53076923076923,61.53846153846154,61.54615384615385,61.55384615384616,61.56153846153847,61.56923076923077,61.57692307692308,61.58461538461539,61.5923076923077,61.6,61.60769230769231,61.61538461538462,61.62307692307693,61.63076923076923,61.63846153846154,61.64615384615385,61.65384615384616,61.66153846153846,61.66923076923077,61.67692307692308,61.68461538461539,61.69230769230769,61.7,61.70769230769231,61.71538461538462,61.723076923076924,61.73076923076923,61.73846153846154,61.74615384615385,61.753846153846155,61.761538461538464,61.769230769230774,61.77692307692308,61.784615384615385,61.792307692307695,61.800000000000004,61.807692307692314,61.815384615384616,61.823076923076925,61.830769230769235,61.838461538461544,61.84615384615385,61.853846153846156,61.861538461538466,61.869230769230775,61.87692307692308,61.88461538461539,61.892307692307696,61.900000000000006,61.90769230769231,61.91538461538462,61.92307692307693,61.930769230769236,61.93846153846154,61.94615384615385,61.95384615384616,61.96153846153847,61.96923076923077,61.97692307692308,61.98461538461539,61.9923076923077,62.0,62.00769230769231,62.01538461538462,62.02307692307693,62.03076923076924,62.03846153846154,62.04615384615385,62.05384615384616,62.06153846153847,62.06923076923077,62.07692307692308,62.08461538461539,62.0923076923077,62.1,62.10769230769231,62.11538461538462,62.12307692307693,62.13076923076923,62.13846153846154,62.14615384615385,62.15384615384616,62.16153846153846,62.16923076923077,62.17692307692308,62.18461538461539,62.19230769230769,62.2,62.20769230769231,62.21538461538462,62.223076923076924,62.23076923076923,62.23846153846154,62.24615384615385,62.253846153846155,62.261538461538464,62.269230769230774,62.27692307692308,62.284615384615385,62.292307692307695,62.300000000000004,62.307692307692314,62.315384615384616,62.323076923076925,62.330769230769235,62.338461538461544,62.34615384615385,62.353846153846156,62.361538461538466,62.369230769230775,62.37692307692308,62.38461538461539,62.392307692307696,62.400000000000006,62.40769230769231,62.41538461538462,62.42307692307693,62.430769230769236,62.43846153846154,62.44615384615385,62.45384615384616,62.46153846153847,62.46923076923077,62.47692307692308,62.48461538461539,62.4923076923077,62.5,62.50769230769231,62.51538461538462,62.52307692307693,62.53076923076924,62.53846153846154,62.54615384615385,62.55384615384616,62.56153846153847,62.56923076923077,62.57692307692308,62.58461538461539,62.5923076923077,62.6,62.60769230769231,62.61538461538462,62.62307692307693,62.63076923076923,62.63846153846154,62.64615384615385,62.65384615384616,62.66153846153846,62.66923076923077,62.67692307692308,62.68461538461539,62.69230769230769,62.7,62.70769230769231,62.71538461538462,62.723076923076924,62.73076923076923,62.73846153846154,62.74615384615385,62.753846153846155,62.761538461538464,62.769230769230774,62.77692307692308,62.784615384615385,62.792307692307695,62.800000000000004,62.807692307692314,62.815384615384616,62.823076923076925,62.830769230769235,62.838461538461544,62.84615384615385,62.853846153846156,62.861538461538466,62.869230769230775,62.87692307692308,62.88461538461539,62.892307692307696,62.900000000000006,62.90769230769231,62.91538461538462,62.92307692307693,62.930769230769236,62.93846153846154,62.94615384615385,62.95384615384616,62.96153846153847,62.96923076923077,62.97692307692308,62.98461538461539,62.9923076923077,63.0,63.00769230769231,63.01538461538462,63.02307692307693,63.03076923076924,63.03846153846154,63.04615384615385,63.05384615384616,63.06153846153847,63.06923076923077,63.07692307692308,63.08461538461539,63.0923076923077,63.1,63.10769230769231,63.11538461538462,63.12307692307693,63.13076923076923,63.13846153846154,63.14615384615385,63.15384615384616,63.16153846153846,63.16923076923077,63.17692307692308,63.18461538461539,63.19230769230769,63.2,63.20769230769231,63.21538461538462,63.223076923076924,63.23076923076923,63.23846153846154,63.24615384615385,63.253846153846155,63.261538461538464,63.269230769230774,63.27692307692308,63.284615384615385,63.292307692307695,63.300000000000004,63.307692307692314,63.315384615384616,63.323076923076925,63.330769230769235,63.338461538461544,63.34615384615385,63.353846153846156,63.361538461538466,63.369230769230775,63.37692307692308,63.38461538461539,63.392307692307696,63.400000000000006,63.40769230769231,63.41538461538462,63.42307692307693,63.430769230769236,63.43846153846154,63.44615384615385,63.45384615384616,63.46153846153847,63.46923076923077,63.47692307692308,63.48461538461539,63.4923076923077,63.5,63.50769230769231,63.51538461538462,63.52307692307693,63.53076923076924,63.53846153846154,63.54615384615385,63.55384615384616,63.56153846153847,63.56923076923077,63.57692307692308,63.58461538461539,63.5923076923077,63.6,63.60769230769231,63.61538461538462,63.62307692307693,63.63076923076923,63.63846153846154,63.64615384615385,63.65384615384616,63.66153846153846,63.66923076923077,63.67692307692308,63.68461538461539,63.69230769230769,63.7,63.70769230769231,63.71538461538462,63.723076923076924,63.73076923076923,63.73846153846154,63.74615384615385,63.753846153846155,63.761538461538464,63.769230769230774,63.77692307692308,63.784615384615385,63.792307692307695,63.800000000000004,63.807692307692314,63.815384615384616,63.823076923076925,63.830769230769235,63.838461538461544,63.84615384615385,63.853846153846156,63.861538461538466,63.869230769230775,63.87692307692308,63.88461538461539,63.892307692307696,63.900000000000006,63.90769230769231,63.91538461538462,63.92307692307693,63.930769230769236,63.93846153846154,63.94615384615385,63.95384615384616,63.96153846153847,63.96923076923077,63.97692307692308,63.98461538461539,63.9923076923077,64.0,64.00769230769231,64.01538461538462,64.02307692307693,64.03076923076924,64.03846153846155,64.04615384615386,64.05384615384615,64.06153846153846,64.06923076923077,64.07692307692308,64.08461538461539,64.0923076923077,64.10000000000001,64.10769230769232,64.11538461538461,64.12307692307692,64.13076923076923,64.13846153846154,64.14615384615385,64.15384615384616,64.16153846153847,64.16923076923078,64.17692307692307,64.18461538461538,64.1923076923077,64.2,64.20769230769231,64.21538461538462,64.22307692307693,64.23076923076924,64.23846153846154,64.24615384615385,64.25384615384615,64.26153846153846,64.26923076923077,64.27692307692308,64.28461538461539,64.2923076923077,64.3,64.3076923076923,64.31538461538462,64.32307692307693,64.33076923076923,64.33846153846154,64.34615384615385,64.35384615384616,64.36153846153846,64.36923076923077,64.37692307692308,64.38461538461539,64.3923076923077,64.4,64.40769230769232,64.41538461538462,64.42307692307692,64.43076923076923,64.43846153846154,64.44615384615385,64.45384615384616,64.46153846153847,64.46923076923078,64.47692307692309,64.48461538461538,64.49230769230769,64.5,64.50769230769231,64.51538461538462,64.52307692307693,64.53076923076924,64.53846153846155,64.54615384615386,64.55384615384615,64.56153846153846,64.56923076923077,64.57692307692308,64.58461538461539,64.5923076923077,64.60000000000001,64.60769230769232,64.61538461538461,64.62307692307692,64.63076923076923,64.63846153846154,64.64615384615385,64.65384615384616,64.66153846153847,64.66923076923078,64.67692307692307,64.68461538461538,64.6923076923077,64.7,64.70769230769231,64.71538461538462,64.72307692307693,64.73076923076924,64.73846153846154,64.74615384615385,64.75384615384615,64.76153846153846,64.76923076923077,64.77692307692308,64.78461538461539,64.7923076923077,64.8,64.8076923076923,64.81538461538462,64.82307692307693,64.83076923076923,64.83846153846154,64.84615384615385,64.85384615384616,64.86153846153846,64.86923076923077,64.87692307692308,64.88461538461539,64.8923076923077,64.9,64.90769230769232,64.91538461538462,64.92307692307692,64.93076923076923,64.93846153846154,64.94615384615385,64.95384615384616,64.96153846153847,64.96923076923078,64.97692307692309,64.98461538461538,64.99230769230769,65.0,65.00769230769231,65.01538461538462,65.02307692307693,65.03076923076924,65.03846153846155,65.04615384615386,65.05384615384615,65.06153846153846,65.06923076923077,65.07692307692308,65.08461538461539,65.0923076923077,65.10000000000001,65.10769230769232,65.11538461538461,65.12307692307692,65.13076923076923,65.13846153846154,65.14615384615385,65.15384615384616,65.16153846153847,65.16923076923078,65.17692307692307,65.18461538461538,65.1923076923077,65.2,65.20769230769231,65.21538461538462,65.22307692307693,65.23076923076924,65.23846153846154,65.24615384615385,65.25384615384615,65.26153846153846,65.26923076923077,65.27692307692308,65.28461538461539,65.2923076923077,65.3,65.3076923076923,65.31538461538462,65.32307692307693,65.33076923076923,65.33846153846154,65.34615384615385,65.35384615384616,65.36153846153846,65.36923076923077,65.37692307692308,65.38461538461539,65.3923076923077,65.4,65.40769230769232,65.41538461538462,65.42307692307692,65.43076923076923,65.43846153846154,65.44615384615385,65.45384615384616,65.46153846153847,65.46923076923078,65.47692307692309,65.4846153846154,65.49230769230769,65.5,65.50769230769231,65.51538461538462,65.52307692307693,65.53076923076924,65.53846153846155,65.54615384615386,65.55384615384615,65.56153846153846,65.56923076923077,65.57692307692308,65.58461538461539,65.5923076923077,65.60000000000001,65.60769230769232,65.61538461538461,65.62307692307692,65.63076923076923,65.63846153846154,65.64615384615385,65.65384615384616,65.66153846153847,65.66923076923078,65.67692307692307,65.68461538461538,65.6923076923077,65.7,65.70769230769231,65.71538461538462,65.72307692307693,65.73076923076924,65.73846153846154,65.74615384615385,65.75384615384615,65.76153846153846,65.76923076923077,65.77692307692308,65.78461538461539,65.7923076923077,65.8,65.8076923076923,65.81538461538462,65.82307692307693,65.83076923076923,65.83846153846154,65.84615384615385,65.85384615384616,65.86153846153846,65.86923076923077,65.87692307692308,65.88461538461539,65.8923076923077,65.9,65.90769230769232,65.91538461538462,65.92307692307692,65.93076923076923,65.93846153846154,65.94615384615385,65.95384615384616,65.96153846153847,65.96923076923078,65.97692307692309,65.9846153846154,65.99230769230769,66.0,66.00769230769231,66.01538461538462,66.02307692307693,66.03076923076924,66.03846153846155,66.04615384615386,66.05384615384615,66.06153846153846,66.06923076923077,66.07692307692308,66.08461538461539,66.0923076923077,66.10000000000001,66.10769230769232,66.11538461538461,66.12307692307692,66.13076923076923,66.13846153846154,66.14615384615385,66.15384615384616,66.16153846153847,66.16923076923078,66.17692307692307,66.18461538461538,66.1923076923077,66.2,66.20769230769231,66.21538461538462,66.22307692307693,66.23076923076924,66.23846153846154,66.24615384615385,66.25384615384615,66.26153846153846,66.26923076923077,66.27692307692308,66.28461538461539,66.2923076923077,66.3,66.3076923076923,66.31538461538462,66.32307692307693,66.33076923076923,66.33846153846154,66.34615384615385,66.35384615384616,66.36153846153846,66.36923076923077,66.37692307692308,66.38461538461539,66.3923076923077,66.4,66.40769230769232,66.41538461538462,66.42307692307692,66.43076923076923,66.43846153846154,66.44615384615385,66.45384615384616,66.46153846153847,66.46923076923078,66.47692307692309,66.4846153846154,66.49230769230769,66.5,66.50769230769231,66.51538461538462,66.52307692307693,66.53076923076924,66.53846153846155,66.54615384615386,66.55384615384615,66.56153846153846,66.56923076923077,66.57692307692308,66.58461538461539,66.5923076923077,66.60000000000001,66.60769230769232,66.61538461538461,66.62307692307692,66.63076923076923,66.63846153846154,66.64615384615385,66.65384615384616,66.66153846153847,66.66923076923078,66.67692307692307,66.68461538461538,66.6923076923077,66.7,66.70769230769231,66.71538461538462,66.72307692307693,66.73076923076924,66.73846153846154,66.74615384615385,66.75384615384615,66.76153846153846,66.76923076923077,66.77692307692308,66.78461538461539,66.7923076923077,66.8,66.8076923076923,66.81538461538462,66.82307692307693,66.83076923076923,66.83846153846154,66.84615384615385,66.85384615384616,66.86153846153846,66.86923076923077,66.87692307692308,66.88461538461539,66.8923076923077,66.9,66.90769230769232,66.91538461538462,66.92307692307692,66.93076923076923,66.93846153846154,66.94615384615385,66.95384615384616,66.96153846153847,66.96923076923078,66.97692307692309,66.9846153846154,66.99230769230769,67.0,67.00769230769231,67.01538461538462,67.02307692307693,67.03076923076924,67.03846153846155,67.04615384615386,67.05384615384615,67.06153846153846,67.06923076923077,67.07692307692308,67.08461538461539,67.0923076923077,67.10000000000001,67.10769230769232,67.11538461538461,67.12307692307692,67.13076923076923,67.13846153846154,67.14615384615385,67.15384615384616,67.16153846153847,67.16923076923078,67.17692307692307,67.18461538461538,67.1923076923077,67.2,67.20769230769231,67.21538461538462,67.22307692307693,67.23076923076924,67.23846153846154,67.24615384615385,67.25384615384615,67.26153846153846,67.26923076923077,67.27692307692308,67.28461538461539,67.2923076923077,67.3,67.3076923076923,67.31538461538462,67.32307692307693,67.33076923076923,67.33846153846154,67.34615384615385,67.35384615384616,67.36153846153846,67.36923076923077,67.37692307692308,67.38461538461539,67.3923076923077,67.4,67.40769230769232,67.41538461538462,67.42307692307692,67.43076923076923,67.43846153846154,67.44615384615385,67.45384615384616,67.46153846153847,67.46923076923078,67.47692307692309,67.4846153846154,67.49230769230769,67.5,67.50769230769231,67.51538461538462,67.52307692307693,67.53076923076924,67.53846153846155,67.54615384615386,67.55384615384615,67.56153846153846,67.56923076923077,67.57692307692308,67.58461538461539,67.5923076923077,67.60000000000001,67.60769230769232,67.61538461538461,67.62307692307692,67.63076923076923,67.63846153846154,67.64615384615385,67.65384615384616,67.66153846153847,67.66923076923078,67.67692307692307,67.68461538461538,67.6923076923077,67.7,67.70769230769231,67.71538461538462,67.72307692307693,67.73076923076924,67.73846153846154,67.74615384615385,67.75384615384615,67.76153846153846,67.76923076923077,67.77692307692308,67.78461538461539,67.7923076923077,67.8,67.8076923076923,67.81538461538462,67.82307692307693,67.83076923076923,67.83846153846154,67.84615384615385,67.85384615384616,67.86153846153846,67.86923076923077,67.87692307692308,67.88461538461539,67.8923076923077,67.9,67.90769230769232,67.91538461538462,67.92307692307692,67.93076923076923,67.93846153846154,67.94615384615385,67.95384615384616,67.96153846153847,67.96923076923078,67.97692307692309,67.9846153846154,67.99230769230769,68.0,68.00769230769231,68.01538461538462,68.02307692307693,68.03076923076924,68.03846153846155,68.04615384615386,68.05384615384615,68.06153846153846,68.06923076923077,68.07692307692308,68.08461538461539,68.0923076923077,68.10000000000001,68.10769230769232,68.11538461538461,68.12307692307692,68.13076923076923,68.13846153846154,68.14615384615385,68.15384615384616,68.16153846153847,68.16923076923078,68.17692307692307,68.18461538461538,68.1923076923077,68.2,68.20769230769231,68.21538461538462,68.22307692307693,68.23076923076924,68.23846153846154,68.24615384615385,68.25384615384615,68.26153846153846,68.26923076923077,68.27692307692308,68.28461538461539,68.2923076923077,68.3,68.3076923076923,68.31538461538462,68.32307692307693,68.33076923076923,68.33846153846154,68.34615384615385,68.35384615384616,68.36153846153846,68.36923076923077,68.37692307692308,68.38461538461539,68.3923076923077,68.4,68.40769230769232,68.41538461538462,68.42307692307692,68.43076923076923,68.43846153846154,68.44615384615385,68.45384615384616,68.46153846153847,68.46923076923078,68.47692307692309,68.4846153846154,68.49230769230769,68.5,68.50769230769231,68.51538461538462,68.52307692307693,68.53076923076924,68.53846153846155,68.54615384615386,68.55384615384615,68.56153846153846,68.56923076923077,68.57692307692308,68.58461538461539,68.5923076923077,68.60000000000001,68.60769230769232,68.61538461538461,68.62307692307692,68.63076923076923,68.63846153846154,68.64615384615385,68.65384615384616,68.66153846153847,68.66923076923078,68.67692307692307,68.68461538461538,68.6923076923077,68.7,68.70769230769231,68.71538461538462,68.72307692307693,68.73076923076924,68.73846153846154,68.74615384615385,68.75384615384615,68.76153846153846,68.76923076923077,68.77692307692308,68.78461538461539,68.7923076923077,68.8,68.8076923076923,68.81538461538462,68.82307692307693,68.83076923076923,68.83846153846154,68.84615384615385,68.85384615384616,68.86153846153846,68.86923076923077,68.87692307692308,68.88461538461539,68.8923076923077,68.9,68.90769230769232,68.91538461538462,68.92307692307693,68.93076923076923,68.93846153846154,68.94615384615385,68.95384615384616,68.96153846153847,68.96923076923078,68.97692307692309,68.9846153846154,68.99230769230769,69.0,69.00769230769231,69.01538461538462,69.02307692307693,69.03076923076924,69.03846153846155,69.04615384615386,69.05384615384615,69.06153846153846,69.06923076923077,69.07692307692308,69.08461538461539,69.0923076923077,69.10000000000001,69.10769230769232,69.11538461538461,69.12307692307692,69.13076923076923,69.13846153846154,69.14615384615385,69.15384615384616,69.16153846153847,69.16923076923078,69.17692307692307,69.18461538461538,69.1923076923077,69.2,69.20769230769231,69.21538461538462,69.22307692307693,69.23076923076924,69.23846153846154,69.24615384615385,69.25384615384615,69.26153846153846,69.26923076923077,69.27692307692308,69.28461538461539,69.2923076923077,69.3,69.3076923076923,69.31538461538462,69.32307692307693,69.33076923076923,69.33846153846154,69.34615384615385,69.35384615384616,69.36153846153846,69.36923076923077,69.37692307692308,69.38461538461539,69.3923076923077,69.4,69.40769230769232,69.41538461538462,69.42307692307693,69.43076923076923,69.43846153846154,69.44615384615385,69.45384615384616,69.46153846153847,69.46923076923078,69.47692307692309,69.4846153846154,69.49230769230769,69.5,69.50769230769231,69.51538461538462,69.52307692307693,69.53076923076924,69.53846153846155,69.54615384615386,69.55384615384615,69.56153846153846,69.56923076923077,69.57692307692308,69.58461538461539,69.5923076923077,69.60000000000001,69.60769230769232,69.61538461538461,69.62307692307692,69.63076923076923,69.63846153846154,69.64615384615385,69.65384615384616,69.66153846153847,69.66923076923078,69.67692307692307,69.68461538461538,69.6923076923077,69.7,69.70769230769231,69.71538461538462,69.72307692307693,69.73076923076924,69.73846153846154,69.74615384615385,69.75384615384615,69.76153846153846,69.76923076923077,69.77692307692308,69.78461538461539,69.7923076923077,69.8,69.8076923076923,69.81538461538462,69.82307692307693,69.83076923076923,69.83846153846154,69.84615384615385,69.85384615384616,69.86153846153846,69.86923076923077,69.87692307692308,69.88461538461539,69.8923076923077,69.9,69.90769230769232,69.91538461538462,69.92307692307693,69.93076923076923,69.93846153846154,69.94615384615385,69.95384615384616,69.96153846153847,69.96923076923078,69.97692307692309,69.9846153846154,69.99230769230769,70.0,70.00769230769231,70.01538461538462,70.02307692307693,70.03076923076924,70.03846153846155,70.04615384615386,70.05384615384615,70.06153846153846,70.06923076923077,70.07692307692308,70.08461538461539,70.0923076923077,70.10000000000001,70.10769230769232,70.11538461538461,70.12307692307692,70.13076923076923,70.13846153846154,70.14615384615385,70.15384615384616,70.16153846153847,70.16923076923078,70.17692307692307,70.18461538461538,70.1923076923077,70.2,70.20769230769231,70.21538461538462,70.22307692307693,70.23076923076924,70.23846153846154,70.24615384615385,70.25384615384615,70.26153846153846,70.26923076923077,70.27692307692308,70.28461538461539,70.2923076923077,70.3,70.3076923076923,70.31538461538462,70.32307692307693,70.33076923076923,70.33846153846154,70.34615384615385,70.35384615384616,70.36153846153846,70.36923076923077,70.37692307692308,70.38461538461539,70.3923076923077,70.4,70.40769230769232,70.41538461538462,70.42307692307693,70.43076923076923,70.43846153846154,70.44615384615385,70.45384615384616,70.46153846153847,70.46923076923078,70.47692307692309,70.4846153846154,70.49230769230769,70.5,70.50769230769231,70.51538461538462,70.52307692307693,70.53076923076924,70.53846153846155,70.54615384615386,70.55384615384615,70.56153846153846,70.56923076923077,70.57692307692308,70.58461538461539,70.5923076923077,70.60000000000001,70.60769230769232,70.61538461538461,70.62307692307692,70.63076923076923,70.63846153846154,70.64615384615385,70.65384615384616,70.66153846153847,70.66923076923078,70.67692307692307,70.68461538461538,70.6923076923077,70.7,70.70769230769231,70.71538461538462,70.72307692307693,70.73076923076924,70.73846153846154,70.74615384615385,70.75384615384615,70.76153846153846,70.76923076923077,70.77692307692308,70.78461538461539,70.7923076923077,70.8,70.8076923076923,70.81538461538462,70.82307692307693,70.83076923076923,70.83846153846154,70.84615384615385,70.85384615384616,70.86153846153846,70.86923076923077,70.87692307692308,70.88461538461539,70.8923076923077,70.9,70.90769230769232,70.91538461538462,70.92307692307693,70.93076923076923,70.93846153846154,70.94615384615385,70.95384615384616,70.96153846153847,70.96923076923078,70.97692307692309,70.9846153846154,70.99230769230769,71.0,71.00769230769231,71.01538461538462,71.02307692307693,71.03076923076924,71.03846153846155,71.04615384615386,71.05384615384615,71.06153846153846,71.06923076923077,71.07692307692308,71.08461538461539,71.0923076923077,71.10000000000001,71.10769230769232,71.11538461538461,71.12307692307692,71.13076923076923,71.13846153846154,71.14615384615385,71.15384615384616,71.16153846153847,71.16923076923078,71.17692307692307,71.18461538461538,71.1923076923077,71.2,71.20769230769231,71.21538461538462,71.22307692307693,71.23076923076924,71.23846153846154,71.24615384615385,71.25384615384615,71.26153846153846,71.26923076923077,71.27692307692308,71.28461538461539,71.2923076923077,71.3,71.3076923076923,71.31538461538462,71.32307692307693,71.33076923076923,71.33846153846154,71.34615384615385,71.35384615384616,71.36153846153846,71.36923076923077,71.37692307692308,71.38461538461539,71.3923076923077,71.4,71.40769230769232,71.41538461538462,71.42307692307693,71.43076923076923,71.43846153846154,71.44615384615385,71.45384615384616,71.46153846153847,71.46923076923078,71.47692307692309,71.4846153846154,71.49230769230769,71.5,71.50769230769231,71.51538461538462,71.52307692307693,71.53076923076924,71.53846153846155,71.54615384615386,71.55384615384615,71.56153846153846,71.56923076923077,71.57692307692308,71.58461538461539,71.5923076923077,71.60000000000001,71.60769230769232,71.61538461538461,71.62307692307692,71.63076923076923,71.63846153846154,71.64615384615385,71.65384615384616,71.66153846153847,71.66923076923078,71.67692307692307,71.68461538461538,71.6923076923077,71.7,71.70769230769231,71.71538461538462,71.72307692307693,71.73076923076924,71.73846153846154,71.74615384615385,71.75384615384615,71.76153846153846,71.76923076923077,71.77692307692308,71.78461538461539,71.7923076923077,71.8,71.8076923076923,71.81538461538462,71.82307692307693,71.83076923076923,71.83846153846154,71.84615384615385,71.85384615384616,71.86153846153846,71.86923076923077,71.87692307692308,71.88461538461539,71.8923076923077,71.9,71.90769230769232,71.91538461538462,71.92307692307693,71.93076923076923,71.93846153846154,71.94615384615385,71.95384615384616,71.96153846153847,71.96923076923078,71.97692307692309,71.9846153846154,71.99230769230769,72.0,72.00769230769231,72.01538461538462,72.02307692307693,72.03076923076924,72.03846153846155,72.04615384615386,72.05384615384615,72.06153846153846,72.06923076923077,72.07692307692308,72.08461538461539,72.0923076923077,72.10000000000001,72.10769230769232,72.11538461538461,72.12307692307692,72.13076923076923,72.13846153846154,72.14615384615385,72.15384615384616,72.16153846153847,72.16923076923078,72.17692307692307,72.18461538461538,72.1923076923077,72.2,72.20769230769231,72.21538461538462,72.22307692307693,72.23076923076924,72.23846153846154,72.24615384615385,72.25384615384615,72.26153846153846,72.26923076923077,72.27692307692308,72.28461538461539,72.2923076923077,72.3,72.3076923076923,72.31538461538462,72.32307692307693,72.33076923076923,72.33846153846154,72.34615384615385,72.35384615384616,72.36153846153846,72.36923076923077,72.37692307692308,72.38461538461539,72.3923076923077,72.4,72.40769230769232,72.41538461538462,72.42307692307693,72.43076923076923,72.43846153846154,72.44615384615385,72.45384615384616,72.46153846153847,72.46923076923078,72.47692307692309,72.4846153846154,72.49230769230769,72.5,72.50769230769231,72.51538461538462,72.52307692307693,72.53076923076924,72.53846153846155,72.54615384615386,72.55384615384615,72.56153846153846,72.56923076923077,72.57692307692308,72.58461538461539,72.5923076923077,72.60000000000001,72.60769230769232,72.61538461538461,72.62307692307692,72.63076923076923,72.63846153846154,72.64615384615385,72.65384615384616,72.66153846153847,72.66923076923078,72.67692307692307,72.68461538461538,72.6923076923077,72.7,72.70769230769231,72.71538461538462,72.72307692307693,72.73076923076924,72.73846153846154,72.74615384615385,72.75384615384615,72.76153846153846,72.76923076923077,72.77692307692308,72.78461538461539,72.7923076923077,72.8,72.8076923076923,72.81538461538462,72.82307692307693,72.83076923076923,72.83846153846154,72.84615384615385,72.85384615384616,72.86153846153846,72.86923076923077,72.87692307692308,72.88461538461539,72.8923076923077,72.9,72.90769230769232,72.91538461538462,72.92307692307693,72.93076923076923,72.93846153846154,72.94615384615385,72.95384615384616,72.96153846153847,72.96923076923078,72.97692307692309,72.9846153846154,72.99230769230769,73.0,73.00769230769231,73.01538461538462,73.02307692307693,73.03076923076924,73.03846153846155,73.04615384615386,73.05384615384615,73.06153846153846,73.06923076923077,73.07692307692308,73.08461538461539,73.0923076923077,73.10000000000001,73.10769230769232,73.11538461538461,73.12307692307692,73.13076923076923,73.13846153846154,73.14615384615385,73.15384615384616,73.16153846153847,73.16923076923078,73.17692307692307,73.18461538461538,73.1923076923077,73.2,73.20769230769231,73.21538461538462,73.22307692307693,73.23076923076924,73.23846153846154,73.24615384615385,73.25384615384615,73.26153846153846,73.26923076923077,73.27692307692308,73.28461538461539,73.2923076923077,73.3,73.3076923076923,73.31538461538462,73.32307692307693,73.33076923076923,73.33846153846154,73.34615384615385,73.35384615384616,73.36153846153847,73.36923076923077,73.37692307692308,73.38461538461539,73.3923076923077,73.4,73.40769230769232,73.41538461538462,73.42307692307693,73.43076923076923,73.43846153846154,73.44615384615385,73.45384615384616,73.46153846153847,73.46923076923078,73.47692307692309,73.4846153846154,73.49230769230769,73.5,73.50769230769231,73.51538461538462,73.52307692307693,73.53076923076924,73.53846153846155,73.54615384615386,73.55384615384615,73.56153846153846,73.56923076923077,73.57692307692308,73.58461538461539,73.5923076923077,73.60000000000001,73.60769230769232,73.61538461538461,73.62307692307692,73.63076923076923,73.63846153846154,73.64615384615385,73.65384615384616,73.66153846153847,73.66923076923078,73.67692307692307,73.68461538461538,73.6923076923077,73.7,73.70769230769231,73.71538461538462,73.72307692307693,73.73076923076924,73.73846153846154,73.74615384615385,73.75384615384615,73.76153846153846,73.76923076923077,73.77692307692308,73.78461538461539,73.7923076923077,73.8,73.8076923076923,73.81538461538462,73.82307692307693,73.83076923076923,73.83846153846154,73.84615384615385,73.85384615384616,73.86153846153847,73.86923076923077,73.87692307692308,73.88461538461539,73.8923076923077,73.9,73.90769230769232,73.91538461538462,73.92307692307693,73.93076923076923,73.93846153846154,73.94615384615385,73.95384615384616,73.96153846153847,73.96923076923078,73.97692307692309,73.9846153846154,73.99230769230769,74.0,74.00769230769231,74.01538461538462,74.02307692307693,74.03076923076924,74.03846153846155,74.04615384615386,74.05384615384615,74.06153846153846,74.06923076923077,74.07692307692308,74.08461538461539,74.0923076923077,74.10000000000001,74.10769230769232,74.11538461538461,74.12307692307692,74.13076923076923,74.13846153846154,74.14615384615385,74.15384615384616,74.16153846153847,74.16923076923078,74.17692307692307,74.18461538461538,74.1923076923077,74.2,74.20769230769231,74.21538461538462,74.22307692307693,74.23076923076924,74.23846153846154,74.24615384615385,74.25384615384615,74.26153846153846,74.26923076923077,74.27692307692308,74.28461538461539,74.2923076923077,74.3,74.3076923076923,74.31538461538462,74.32307692307693,74.33076923076923,74.33846153846154,74.34615384615385,74.35384615384616,74.36153846153847,74.36923076923077,74.37692307692308,74.38461538461539,74.3923076923077,74.4,74.40769230769232,74.41538461538462,74.42307692307693,74.43076923076923,74.43846153846154,74.44615384615385,74.45384615384616,74.46153846153847,74.46923076923078,74.47692307692309,74.4846153846154,74.49230769230769,74.5,74.50769230769231,74.51538461538462,74.52307692307693,74.53076923076924,74.53846153846155,74.54615384615386,74.55384615384615,74.56153846153846,74.56923076923077,74.57692307692308,74.58461538461539,74.5923076923077,74.60000000000001,74.60769230769232,74.61538461538461,74.62307692307692,74.63076923076923,74.63846153846154,74.64615384615385,74.65384615384616,74.66153846153847,74.66923076923078,74.67692307692307,74.68461538461538,74.6923076923077,74.7,74.70769230769231,74.71538461538462,74.72307692307693,74.73076923076924,74.73846153846154,74.74615384615385,74.75384615384615,74.76153846153846,74.76923076923077,74.77692307692308,74.78461538461539,74.7923076923077,74.8,74.8076923076923,74.81538461538462,74.82307692307693,74.83076923076923,74.83846153846154,74.84615384615385,74.85384615384616,74.86153846153847,74.86923076923077,74.87692307692308,74.88461538461539,74.8923076923077,74.9,74.90769230769232,74.91538461538462,74.92307692307693,74.93076923076923,74.93846153846154,74.94615384615385,74.95384615384616,74.96153846153847,74.96923076923078,74.97692307692309,74.9846153846154,74.99230769230769,75.0,75.00769230769231,75.01538461538462,75.02307692307693,75.03076923076924,75.03846153846155,75.04615384615386,75.05384615384615,75.06153846153846,75.06923076923077,75.07692307692308,75.08461538461539,75.0923076923077,75.10000000000001,75.10769230769232,75.11538461538461,75.12307692307692,75.13076923076923,75.13846153846154,75.14615384615385,75.15384615384616,75.16153846153847,75.16923076923078,75.17692307692307,75.18461538461538,75.1923076923077,75.2,75.20769230769231,75.21538461538462,75.22307692307693,75.23076923076924,75.23846153846154,75.24615384615385,75.25384615384615,75.26153846153846,75.26923076923077,75.27692307692308,75.28461538461539,75.2923076923077,75.3,75.3076923076923,75.31538461538462,75.32307692307693,75.33076923076923,75.33846153846154,75.34615384615385,75.35384615384616,75.36153846153847,75.36923076923077,75.37692307692308,75.38461538461539,75.3923076923077,75.4,75.40769230769232,75.41538461538462,75.42307692307693,75.43076923076923,75.43846153846154,75.44615384615385,75.45384615384616,75.46153846153847,75.46923076923078,75.47692307692309,75.4846153846154,75.49230769230769,75.5,75.50769230769231,75.51538461538462,75.52307692307693,75.53076923076924,75.53846153846155,75.54615384615386,75.55384615384615,75.56153846153846,75.56923076923077,75.57692307692308,75.58461538461539,75.5923076923077,75.60000000000001,75.60769230769232,75.61538461538461,75.62307692307692,75.63076923076923,75.63846153846154,75.64615384615385,75.65384615384616,75.66153846153847,75.66923076923078,75.67692307692307,75.68461538461538,75.6923076923077,75.7,75.70769230769231,75.71538461538462,75.72307692307693,75.73076923076924,75.73846153846154,75.74615384615385,75.75384615384615,75.76153846153846,75.76923076923077,75.77692307692308,75.78461538461539,75.7923076923077,75.8,75.8076923076923,75.81538461538462,75.82307692307693,75.83076923076923,75.83846153846154,75.84615384615385,75.85384615384616,75.86153846153847,75.86923076923077,75.87692307692308,75.88461538461539,75.8923076923077,75.9,75.90769230769232,75.91538461538462,75.92307692307693,75.93076923076923,75.93846153846154,75.94615384615385,75.95384615384616,75.96153846153847,75.96923076923078,75.97692307692309,75.9846153846154,75.99230769230769,76.0,76.00769230769231,76.01538461538462,76.02307692307693,76.03076923076924,76.03846153846155,76.04615384615386,76.05384615384615,76.06153846153846,76.06923076923077,76.07692307692308,76.08461538461539,76.0923076923077,76.10000000000001,76.10769230769232,76.11538461538461,76.12307692307692,76.13076923076923,76.13846153846154,76.14615384615385,76.15384615384616,76.16153846153847,76.16923076923078,76.17692307692307,76.18461538461538,76.1923076923077,76.2,76.20769230769231,76.21538461538462,76.22307692307693,76.23076923076924,76.23846153846154,76.24615384615385,76.25384615384615,76.26153846153846,76.26923076923077,76.27692307692308,76.28461538461539,76.2923076923077,76.3,76.3076923076923,76.31538461538462,76.32307692307693,76.33076923076923,76.33846153846154,76.34615384615385,76.35384615384616,76.36153846153847,76.36923076923077,76.37692307692308,76.38461538461539,76.3923076923077,76.4,76.40769230769232,76.41538461538462,76.42307692307693,76.43076923076923,76.43846153846154,76.44615384615385,76.45384615384616,76.46153846153847,76.46923076923078,76.47692307692309,76.4846153846154,76.49230769230769,76.5,76.50769230769231,76.51538461538462,76.52307692307693,76.53076923076924,76.53846153846155,76.54615384615386,76.55384615384615,76.56153846153846,76.56923076923077,76.57692307692308,76.58461538461539,76.5923076923077,76.60000000000001,76.60769230769232,76.61538461538461,76.62307692307692,76.63076923076923,76.63846153846154,76.64615384615385,76.65384615384616,76.66153846153847,76.66923076923078,76.67692307692307,76.68461538461538,76.6923076923077,76.7,76.70769230769231,76.71538461538462,76.72307692307693,76.73076923076924,76.73846153846154,76.74615384615385,76.75384615384615,76.76153846153846,76.76923076923077,76.77692307692308,76.78461538461539,76.7923076923077,76.80000000000001,76.8076923076923,76.81538461538462,76.82307692307693,76.83076923076923,76.83846153846154,76.84615384615385,76.85384615384616,76.86153846153847,76.86923076923077,76.87692307692308,76.88461538461539,76.8923076923077,76.9,76.90769230769232,76.91538461538462,76.92307692307693,76.93076923076923,76.93846153846154,76.94615384615385,76.95384615384616,76.96153846153847,76.96923076923078,76.97692307692309,76.9846153846154,76.99230769230769,77.0,77.00769230769231,77.01538461538462,77.02307692307693,77.03076923076924,77.03846153846155,77.04615384615386,77.05384615384615,77.06153846153846,77.06923076923077,77.07692307692308,77.08461538461539,77.0923076923077,77.10000000000001,77.10769230769232,77.11538461538461,77.12307692307692,77.13076923076923,77.13846153846154,77.14615384615385,77.15384615384616,77.16153846153847,77.16923076923078,77.17692307692307,77.18461538461538,77.1923076923077,77.2,77.20769230769231,77.21538461538462,77.22307692307693,77.23076923076924,77.23846153846154,77.24615384615385,77.25384615384615,77.26153846153846,77.26923076923077,77.27692307692308,77.28461538461539,77.2923076923077,77.30000000000001,77.3076923076923,77.31538461538462,77.32307692307693,77.33076923076923,77.33846153846154,77.34615384615385,77.35384615384616,77.36153846153847,77.36923076923077,77.37692307692308,77.38461538461539,77.3923076923077,77.4,77.40769230769232,77.41538461538462,77.42307692307693,77.43076923076923,77.43846153846154,77.44615384615385,77.45384615384616,77.46153846153847,77.46923076923078,77.47692307692309,77.4846153846154,77.49230769230769,77.5,77.50769230769231,77.51538461538462,77.52307692307693,77.53076923076924,77.53846153846155,77.54615384615386,77.55384615384615,77.56153846153846,77.56923076923077,77.57692307692308,77.58461538461539,77.5923076923077,77.60000000000001,77.60769230769232,77.61538461538461,77.62307692307692,77.63076923076923,77.63846153846154,77.64615384615385,77.65384615384616,77.66153846153847,77.66923076923078,77.67692307692307,77.68461538461538,77.6923076923077,77.7,77.70769230769231,77.71538461538462,77.72307692307693,77.73076923076924,77.73846153846154,77.74615384615385,77.75384615384615,77.76153846153846,77.76923076923077,77.77692307692308,77.78461538461539,77.7923076923077,77.80000000000001,77.8076923076923,77.81538461538462,77.82307692307693,77.83076923076923,77.83846153846154,77.84615384615385,77.85384615384616,77.86153846153847,77.86923076923077,77.87692307692308,77.88461538461539,77.8923076923077,77.9,77.90769230769232,77.91538461538462,77.92307692307693,77.93076923076923,77.93846153846154,77.94615384615385,77.95384615384616,77.96153846153847,77.96923076923078,77.97692307692309,77.9846153846154,77.99230769230769,78.0,78.00769230769231,78.01538461538462,78.02307692307693,78.03076923076924,78.03846153846155,78.04615384615386,78.05384615384615,78.06153846153846,78.06923076923077,78.07692307692308,78.08461538461539,78.0923076923077,78.10000000000001,78.10769230769232,78.11538461538461,78.12307692307692,78.13076923076923,78.13846153846154,78.14615384615385,78.15384615384616,78.16153846153847,78.16923076923078,78.17692307692307,78.18461538461538,78.1923076923077,78.2,78.20769230769231,78.21538461538462,78.22307692307693,78.23076923076924,78.23846153846154,78.24615384615385,78.25384615384615,78.26153846153846,78.26923076923077,78.27692307692308,78.28461538461539,78.2923076923077,78.30000000000001,78.3076923076923,78.31538461538462,78.32307692307693,78.33076923076923,78.33846153846154,78.34615384615385,78.35384615384616,78.36153846153847,78.36923076923077,78.37692307692308,78.38461538461539,78.3923076923077,78.4,78.40769230769232,78.41538461538462,78.42307692307693,78.43076923076923,78.43846153846154,78.44615384615385,78.45384615384616,78.46153846153847,78.46923076923078,78.47692307692309,78.4846153846154,78.49230769230769,78.5,78.50769230769231,78.51538461538462,78.52307692307693,78.53076923076924,78.53846153846155,78.54615384615386,78.55384615384615,78.56153846153846,78.56923076923077,78.57692307692308,78.58461538461539,78.5923076923077,78.60000000000001,78.60769230769232,78.61538461538461,78.62307692307692,78.63076923076923,78.63846153846154,78.64615384615385,78.65384615384616,78.66153846153847,78.66923076923078,78.67692307692307,78.68461538461538,78.6923076923077,78.7,78.70769230769231,78.71538461538462,78.72307692307693,78.73076923076924,78.73846153846154,78.74615384615385,78.75384615384615,78.76153846153846,78.76923076923077,78.77692307692308,78.78461538461539,78.7923076923077,78.80000000000001,78.8076923076923,78.81538461538462,78.82307692307693,78.83076923076923,78.83846153846154,78.84615384615385,78.85384615384616,78.86153846153847,78.86923076923077,78.87692307692308,78.88461538461539,78.8923076923077,78.9,78.90769230769232,78.91538461538462,78.92307692307693,78.93076923076923,78.93846153846154,78.94615384615385,78.95384615384616,78.96153846153847,78.96923076923078,78.97692307692309,78.9846153846154,78.99230769230769,79.0,79.00769230769231,79.01538461538462,79.02307692307693,79.03076923076924,79.03846153846155,79.04615384615386,79.05384615384615,79.06153846153846,79.06923076923077,79.07692307692308,79.08461538461539,79.0923076923077,79.10000000000001,79.10769230769232,79.11538461538461,79.12307692307692,79.13076923076923,79.13846153846154,79.14615384615385,79.15384615384616,79.16153846153847,79.16923076923078,79.17692307692307,79.18461538461538,79.1923076923077,79.2,79.20769230769231,79.21538461538462,79.22307692307693,79.23076923076924,79.23846153846154,79.24615384615385,79.25384615384615,79.26153846153846,79.26923076923077,79.27692307692308,79.28461538461539,79.2923076923077,79.30000000000001,79.3076923076923,79.31538461538462,79.32307692307693,79.33076923076923,79.33846153846154,79.34615384615385,79.35384615384616,79.36153846153847,79.36923076923077,79.37692307692308,79.38461538461539,79.3923076923077,79.4,79.40769230769232,79.41538461538462,79.42307692307693,79.43076923076923,79.43846153846154,79.44615384615385,79.45384615384616,79.46153846153847,79.46923076923078,79.47692307692309,79.4846153846154,79.49230769230769,79.5,79.50769230769231,79.51538461538462,79.52307692307693,79.53076923076924,79.53846153846155,79.54615384615386,79.55384615384615,79.56153846153846,79.56923076923077,79.57692307692308,79.58461538461539,79.5923076923077,79.60000000000001,79.60769230769232,79.61538461538461,79.62307692307692,79.63076923076923,79.63846153846154,79.64615384615385,79.65384615384616,79.66153846153847,79.66923076923078,79.67692307692307,79.68461538461538,79.6923076923077,79.7,79.70769230769231,79.71538461538462,79.72307692307693,79.73076923076924,79.73846153846154,79.74615384615385,79.75384615384615,79.76153846153846,79.76923076923077,79.77692307692308,79.78461538461539,79.7923076923077,79.80000000000001,79.8076923076923,79.81538461538462,79.82307692307693,79.83076923076923,79.83846153846154,79.84615384615385,79.85384615384616,79.86153846153847,79.86923076923077,79.87692307692308,79.88461538461539,79.8923076923077,79.9,79.90769230769232,79.91538461538462,79.92307692307693,79.93076923076923,79.93846153846154,79.94615384615385,79.95384615384616,79.96153846153847,79.96923076923078,79.97692307692309,79.9846153846154,79.99230769230769,80.0,80.00769230769231,80.01538461538462,80.02307692307693,80.03076923076924,80.03846153846155,80.04615384615386,80.05384615384615,80.06153846153846,80.06923076923077,80.07692307692308,80.08461538461539,80.0923076923077,80.10000000000001,80.10769230769232,80.11538461538461,80.12307692307692,80.13076923076923,80.13846153846154,80.14615384615385,80.15384615384616,80.16153846153847,80.16923076923078,80.17692307692307,80.18461538461538,80.1923076923077,80.2,80.20769230769231,80.21538461538462,80.22307692307693,80.23076923076924,80.23846153846154,80.24615384615385,80.25384615384615,80.26153846153846,80.26923076923077,80.27692307692308,80.28461538461539,80.2923076923077,80.30000000000001,80.3076923076923,80.31538461538462,80.32307692307693,80.33076923076923,80.33846153846154,80.34615384615385,80.35384615384616,80.36153846153847,80.36923076923077,80.37692307692308,80.38461538461539,80.3923076923077,80.4,80.40769230769232,80.41538461538462,80.42307692307693,80.43076923076923,80.43846153846154,80.44615384615385,80.45384615384616,80.46153846153847,80.46923076923078,80.47692307692309,80.4846153846154,80.49230769230769,80.5,80.50769230769231,80.51538461538462,80.52307692307693,80.53076923076924,80.53846153846155,80.54615384615386,80.55384615384615,80.56153846153846,80.56923076923077,80.57692307692308,80.58461538461539,80.5923076923077,80.60000000000001,80.60769230769232,80.61538461538461,80.62307692307692,80.63076923076923,80.63846153846154,80.64615384615385,80.65384615384616,80.66153846153847,80.66923076923078,80.67692307692307,80.68461538461538,80.6923076923077,80.7,80.70769230769231,80.71538461538462,80.72307692307693,80.73076923076924,80.73846153846154,80.74615384615385,80.75384615384615,80.76153846153846,80.76923076923077,80.77692307692308,80.78461538461539,80.7923076923077,80.80000000000001,80.8076923076923,80.81538461538462,80.82307692307693,80.83076923076923,80.83846153846154,80.84615384615385,80.85384615384616,80.86153846153847,80.86923076923077,80.87692307692308,80.88461538461539,80.8923076923077,80.9,80.90769230769232,80.91538461538462,80.92307692307693,80.93076923076923,80.93846153846154,80.94615384615385,80.95384615384616,80.96153846153847,80.96923076923078,80.97692307692309,80.9846153846154,80.99230769230769,81.0,81.00769230769231,81.01538461538462,81.02307692307693,81.03076923076924,81.03846153846155,81.04615384615386,81.05384615384615,81.06153846153846,81.06923076923077,81.07692307692308,81.08461538461539,81.0923076923077,81.10000000000001,81.10769230769232,81.11538461538461,81.12307692307692,81.13076923076923,81.13846153846154,81.14615384615385,81.15384615384616,81.16153846153847,81.16923076923078,81.17692307692307,81.18461538461538,81.1923076923077,81.2,81.20769230769231,81.21538461538462,81.22307692307693,81.23076923076924,81.23846153846155,81.24615384615385,81.25384615384615,81.26153846153846,81.26923076923077,81.27692307692308,81.28461538461539,81.2923076923077,81.30000000000001,81.3076923076923,81.31538461538462,81.32307692307693,81.33076923076923,81.33846153846154,81.34615384615385,81.35384615384616,81.36153846153847,81.36923076923077,81.37692307692308,81.38461538461539,81.3923076923077,81.4,81.40769230769232,81.41538461538462,81.42307692307693,81.43076923076923,81.43846153846154,81.44615384615385,81.45384615384616,81.46153846153847,81.46923076923078,81.47692307692309,81.4846153846154,81.49230769230769,81.5,81.50769230769231,81.51538461538462,81.52307692307693,81.53076923076924,81.53846153846155,81.54615384615386,81.55384615384615,81.56153846153846,81.56923076923077,81.57692307692308,81.58461538461539,81.5923076923077,81.60000000000001,81.60769230769232,81.61538461538461,81.62307692307692,81.63076923076923,81.63846153846154,81.64615384615385,81.65384615384616,81.66153846153847,81.66923076923078,81.67692307692307,81.68461538461538,81.6923076923077,81.7,81.70769230769231,81.71538461538462,81.72307692307693,81.73076923076924,81.73846153846155,81.74615384615385,81.75384615384615,81.76153846153846,81.76923076923077,81.77692307692308,81.78461538461539,81.7923076923077,81.80000000000001,81.8076923076923,81.81538461538462,81.82307692307693,81.83076923076923,81.83846153846154,81.84615384615385,81.85384615384616,81.86153846153847,81.86923076923077,81.87692307692308,81.88461538461539,81.8923076923077,81.9,81.90769230769232,81.91538461538462,81.92307692307693,81.93076923076923,81.93846153846154,81.94615384615385,81.95384615384616,81.96153846153847,81.96923076923078,81.97692307692309,81.9846153846154,81.99230769230769,82.0,82.00769230769231,82.01538461538462,82.02307692307693,82.03076923076924,82.03846153846155,82.04615384615386,82.05384615384615,82.06153846153846,82.06923076923077,82.07692307692308,82.08461538461539,82.0923076923077,82.10000000000001,82.10769230769232,82.11538461538461,82.12307692307692,82.13076923076923,82.13846153846154,82.14615384615385,82.15384615384616,82.16153846153847,82.16923076923078,82.17692307692307,82.18461538461538,82.1923076923077,82.2,82.20769230769231,82.21538461538462,82.22307692307693,82.23076923076924,82.23846153846155,82.24615384615385,82.25384615384615,82.26153846153846,82.26923076923077,82.27692307692308,82.28461538461539,82.2923076923077,82.30000000000001,82.3076923076923,82.31538461538462,82.32307692307693,82.33076923076923,82.33846153846154,82.34615384615385,82.35384615384616,82.36153846153847,82.36923076923077,82.37692307692308,82.38461538461539,82.3923076923077,82.4,82.40769230769232,82.41538461538462,82.42307692307693,82.43076923076923,82.43846153846154,82.44615384615385,82.45384615384616,82.46153846153847,82.46923076923078,82.47692307692309,82.4846153846154,82.49230769230769,82.5,82.50769230769231,82.51538461538462,82.52307692307693,82.53076923076924,82.53846153846155,82.54615384615386,82.55384615384615,82.56153846153846,82.56923076923077,82.57692307692308,82.58461538461539,82.5923076923077,82.60000000000001,82.60769230769232,82.61538461538461,82.62307692307692,82.63076923076923,82.63846153846154,82.64615384615385,82.65384615384616,82.66153846153847,82.66923076923078,82.67692307692307,82.68461538461538,82.6923076923077,82.7,82.70769230769231,82.71538461538462,82.72307692307693,82.73076923076924,82.73846153846155,82.74615384615385,82.75384615384615,82.76153846153846,82.76923076923077,82.77692307692308,82.78461538461539,82.7923076923077,82.80000000000001,82.8076923076923,82.81538461538462,82.82307692307693,82.83076923076923,82.83846153846154,82.84615384615385,82.85384615384616,82.86153846153847,82.86923076923077,82.87692307692308,82.88461538461539,82.8923076923077,82.9,82.90769230769232,82.91538461538462,82.92307692307693,82.93076923076923,82.93846153846154,82.94615384615385,82.95384615384616,82.96153846153847,82.96923076923078,82.97692307692309,82.9846153846154,82.99230769230769,83.0,83.00769230769231,83.01538461538462,83.02307692307693,83.03076923076924,83.03846153846155,83.04615384615386,83.05384615384615,83.06153846153846,83.06923076923077,83.07692307692308,83.08461538461539,83.0923076923077,83.10000000000001,83.10769230769232,83.11538461538461,83.12307692307692,83.13076923076923,83.13846153846154,83.14615384615385,83.15384615384616,83.16153846153847,83.16923076923078,83.17692307692307,83.18461538461538,83.1923076923077,83.2,83.20769230769231,83.21538461538462,83.22307692307693,83.23076923076924,83.23846153846155,83.24615384615385,83.25384615384615,83.26153846153846,83.26923076923077,83.27692307692308,83.28461538461539,83.2923076923077,83.30000000000001,83.3076923076923,83.31538461538462,83.32307692307693,83.33076923076923,83.33846153846154,83.34615384615385,83.35384615384616,83.36153846153847,83.36923076923077,83.37692307692308,83.38461538461539,83.3923076923077,83.4,83.40769230769232,83.41538461538462,83.42307692307693,83.43076923076923,83.43846153846154,83.44615384615385,83.45384615384616,83.46153846153847,83.46923076923078,83.47692307692309,83.4846153846154,83.49230769230769,83.5,83.50769230769231,83.51538461538462,83.52307692307693,83.53076923076924,83.53846153846155,83.54615384615386,83.55384615384615,83.56153846153846,83.56923076923077,83.57692307692308,83.58461538461539,83.5923076923077,83.60000000000001,83.60769230769232,83.61538461538461,83.62307692307692,83.63076923076923,83.63846153846154,83.64615384615385,83.65384615384616,83.66153846153847,83.66923076923078,83.67692307692307,83.68461538461538,83.6923076923077,83.7,83.70769230769231,83.71538461538462,83.72307692307693,83.73076923076924,83.73846153846155,83.74615384615385,83.75384615384615,83.76153846153846,83.76923076923077,83.77692307692308,83.78461538461539,83.7923076923077,83.80000000000001,83.8076923076923,83.81538461538462,83.82307692307693,83.83076923076923,83.83846153846154,83.84615384615385,83.85384615384616,83.86153846153847,83.86923076923077,83.87692307692308,83.88461538461539,83.8923076923077,83.9,83.90769230769232,83.91538461538462,83.92307692307693,83.93076923076923,83.93846153846154,83.94615384615385,83.95384615384616,83.96153846153847,83.96923076923078,83.97692307692309,83.9846153846154,83.99230769230769,84.0,84.00769230769231,84.01538461538462,84.02307692307693,84.03076923076924,84.03846153846155,84.04615384615386,84.05384615384615,84.06153846153846,84.06923076923077,84.07692307692308,84.08461538461539,84.0923076923077,84.10000000000001,84.10769230769232,84.11538461538461,84.12307692307692,84.13076923076923,84.13846153846154,84.14615384615385,84.15384615384616,84.16153846153847,84.16923076923078,84.17692307692307,84.18461538461538,84.1923076923077,84.2,84.20769230769231,84.21538461538462,84.22307692307693,84.23076923076924,84.23846153846155,84.24615384615385,84.25384615384615,84.26153846153846,84.26923076923077,84.27692307692308,84.28461538461539,84.2923076923077,84.30000000000001,84.3076923076923,84.31538461538462,84.32307692307693,84.33076923076923,84.33846153846154,84.34615384615385,84.35384615384616,84.36153846153847,84.36923076923077,84.37692307692308,84.38461538461539,84.3923076923077,84.4,84.40769230769232,84.41538461538462,84.42307692307693,84.43076923076923,84.43846153846154,84.44615384615385,84.45384615384616,84.46153846153847,84.46923076923078,84.47692307692309,84.4846153846154,84.49230769230769,84.5,84.50769230769231,84.51538461538462,84.52307692307693,84.53076923076924,84.53846153846155,84.54615384615386,84.55384615384615,84.56153846153846,84.56923076923077,84.57692307692308,84.58461538461539,84.5923076923077,84.60000000000001,84.60769230769232,84.61538461538461,84.62307692307692,84.63076923076923,84.63846153846154,84.64615384615385,84.65384615384616,84.66153846153847,84.66923076923078,84.67692307692309,84.68461538461538,84.6923076923077,84.7,84.70769230769231,84.71538461538462,84.72307692307693,84.73076923076924,84.73846153846155,84.74615384615385,84.75384615384615,84.76153846153846,84.76923076923077,84.77692307692308,84.78461538461539,84.7923076923077,84.80000000000001,84.8076923076923,84.81538461538462,84.82307692307693,84.83076923076923,84.83846153846154,84.84615384615385,84.85384615384616,84.86153846153847,84.86923076923077,84.87692307692308,84.88461538461539,84.8923076923077,84.9,84.90769230769232,84.91538461538462,84.92307692307693,84.93076923076923,84.93846153846154,84.94615384615385,84.95384615384616,84.96153846153847,84.96923076923078,84.97692307692309,84.9846153846154,84.99230769230769,85.0,85.00769230769231,85.01538461538462,85.02307692307693,85.03076923076924,85.03846153846155,85.04615384615386,85.05384615384615,85.06153846153846,85.06923076923077,85.07692307692308,85.08461538461539,85.0923076923077,85.10000000000001,85.10769230769232,85.11538461538461,85.12307692307692,85.13076923076923,85.13846153846154,85.14615384615385,85.15384615384616,85.16153846153847,85.16923076923078,85.17692307692309,85.18461538461538,85.1923076923077,85.2,85.20769230769231,85.21538461538462,85.22307692307693,85.23076923076924,85.23846153846155,85.24615384615385,85.25384615384615,85.26153846153846,85.26923076923077,85.27692307692308,85.28461538461539,85.2923076923077,85.30000000000001,85.3076923076923,85.31538461538462,85.32307692307693,85.33076923076923,85.33846153846154,85.34615384615385,85.35384615384616,85.36153846153847,85.36923076923077,85.37692307692308,85.38461538461539,85.3923076923077,85.4,85.40769230769232,85.41538461538462,85.42307692307693,85.43076923076923,85.43846153846154,85.44615384615385,85.45384615384616,85.46153846153847,85.46923076923078,85.47692307692309,85.4846153846154,85.49230769230769,85.5,85.50769230769231,85.51538461538462,85.52307692307693,85.53076923076924,85.53846153846155,85.54615384615386,85.55384615384615,85.56153846153846,85.56923076923077,85.57692307692308,85.58461538461539,85.5923076923077,85.60000000000001,85.60769230769232,85.61538461538461,85.62307692307692,85.63076923076923,85.63846153846154,85.64615384615385,85.65384615384616,85.66153846153847,85.66923076923078,85.67692307692309,85.68461538461538,85.6923076923077,85.7,85.70769230769231,85.71538461538462,85.72307692307693,85.73076923076924,85.73846153846155,85.74615384615385,85.75384615384615,85.76153846153846,85.76923076923077,85.77692307692308,85.78461538461539,85.7923076923077,85.80000000000001,85.8076923076923,85.81538461538462,85.82307692307693,85.83076923076923,85.83846153846154,85.84615384615385,85.85384615384616,85.86153846153847,85.86923076923077,85.87692307692308,85.88461538461539,85.8923076923077,85.9,85.90769230769232,85.91538461538462,85.92307692307693,85.93076923076923,85.93846153846154,85.94615384615385,85.95384615384616,85.96153846153847,85.96923076923078,85.97692307692309,85.9846153846154,85.99230769230769,86.0,86.00769230769231,86.01538461538462,86.02307692307693,86.03076923076924,86.03846153846155,86.04615384615386,86.05384615384615,86.06153846153846,86.06923076923077,86.07692307692308,86.08461538461539,86.0923076923077,86.10000000000001,86.10769230769232,86.11538461538461,86.12307692307692,86.13076923076923,86.13846153846154,86.14615384615385,86.15384615384616,86.16153846153847,86.16923076923078,86.17692307692309,86.18461538461538,86.1923076923077,86.2,86.20769230769231,86.21538461538462,86.22307692307693,86.23076923076924,86.23846153846155,86.24615384615385,86.25384615384615,86.26153846153846,86.26923076923077,86.27692307692308,86.28461538461539,86.2923076923077,86.30000000000001,86.3076923076923,86.31538461538462,86.32307692307693,86.33076923076923,86.33846153846154,86.34615384615385,86.35384615384616,86.36153846153847,86.36923076923077,86.37692307692308,86.38461538461539,86.3923076923077,86.4,86.40769230769232,86.41538461538462,86.42307692307693,86.43076923076923,86.43846153846154,86.44615384615385,86.45384615384616,86.46153846153847,86.46923076923078,86.47692307692309,86.4846153846154,86.49230769230769,86.5,86.50769230769231,86.51538461538462,86.52307692307693,86.53076923076924,86.53846153846155,86.54615384615386,86.55384615384615,86.56153846153846,86.56923076923077,86.57692307692308,86.58461538461539,86.5923076923077,86.60000000000001,86.60769230769232,86.61538461538461,86.62307692307692,86.63076923076923,86.63846153846154,86.64615384615385,86.65384615384616,86.66153846153847,86.66923076923078,86.67692307692309,86.68461538461538,86.6923076923077,86.7,86.70769230769231,86.71538461538462,86.72307692307693,86.73076923076924,86.73846153846155,86.74615384615385,86.75384615384615,86.76153846153846,86.76923076923077,86.77692307692308,86.78461538461539,86.7923076923077,86.80000000000001,86.8076923076923,86.81538461538462,86.82307692307693,86.83076923076923,86.83846153846154,86.84615384615385,86.85384615384616,86.86153846153847,86.86923076923077,86.87692307692308,86.88461538461539,86.8923076923077,86.9,86.90769230769232,86.91538461538462,86.92307692307693,86.93076923076923,86.93846153846154,86.94615384615385,86.95384615384616,86.96153846153847,86.96923076923078,86.97692307692309,86.9846153846154,86.99230769230769,87.0,87.00769230769231,87.01538461538462,87.02307692307693,87.03076923076924,87.03846153846155,87.04615384615386,87.05384615384615,87.06153846153846,87.06923076923077,87.07692307692308,87.08461538461539,87.0923076923077,87.10000000000001,87.10769230769232,87.11538461538461,87.12307692307692,87.13076923076923,87.13846153846154,87.14615384615385,87.15384615384616,87.16153846153847,87.16923076923078,87.17692307692309,87.18461538461538,87.1923076923077,87.2,87.20769230769231,87.21538461538462,87.22307692307693,87.23076923076924,87.23846153846155,87.24615384615385,87.25384615384615,87.26153846153846,87.26923076923077,87.27692307692308,87.28461538461539,87.2923076923077,87.30000000000001,87.3076923076923,87.31538461538462,87.32307692307693,87.33076923076923,87.33846153846154,87.34615384615385,87.35384615384616,87.36153846153847,87.36923076923077,87.37692307692308,87.38461538461539,87.3923076923077,87.4,87.40769230769232,87.41538461538462,87.42307692307693,87.43076923076923,87.43846153846154,87.44615384615385,87.45384615384616,87.46153846153847,87.46923076923078,87.47692307692309,87.4846153846154,87.49230769230769,87.5,87.50769230769231,87.51538461538462,87.52307692307693,87.53076923076924,87.53846153846155,87.54615384615386,87.55384615384615,87.56153846153846,87.56923076923077,87.57692307692308,87.58461538461539,87.5923076923077,87.60000000000001,87.60769230769232,87.61538461538461,87.62307692307692,87.63076923076923,87.63846153846154,87.64615384615385,87.65384615384616,87.66153846153847,87.66923076923078,87.67692307692309,87.68461538461538,87.6923076923077,87.7,87.70769230769231,87.71538461538462,87.72307692307693,87.73076923076924,87.73846153846155,87.74615384615385,87.75384615384615,87.76153846153846,87.76923076923077,87.77692307692308,87.78461538461539,87.7923076923077,87.80000000000001,87.8076923076923,87.81538461538462,87.82307692307693,87.83076923076923,87.83846153846154,87.84615384615385,87.85384615384616,87.86153846153847,87.86923076923077,87.87692307692308,87.88461538461539,87.8923076923077,87.9,87.90769230769232,87.91538461538462,87.92307692307693,87.93076923076923,87.93846153846154,87.94615384615385,87.95384615384616,87.96153846153847,87.96923076923078,87.97692307692309,87.9846153846154,87.99230769230769,88.0,88.00769230769231,88.01538461538462,88.02307692307693,88.03076923076924,88.03846153846155,88.04615384615386,88.05384615384615,88.06153846153846,88.06923076923077,88.07692307692308,88.08461538461539,88.0923076923077,88.10000000000001,88.10769230769232,88.11538461538461,88.12307692307692,88.13076923076923,88.13846153846154,88.14615384615385,88.15384615384616,88.16153846153847,88.16923076923078,88.17692307692309,88.18461538461538,88.1923076923077,88.2,88.20769230769231,88.21538461538462,88.22307692307693,88.23076923076924,88.23846153846155,88.24615384615385,88.25384615384615,88.26153846153846,88.26923076923077,88.27692307692308,88.28461538461539,88.2923076923077,88.30000000000001,88.3076923076923,88.31538461538462,88.32307692307693,88.33076923076923,88.33846153846154,88.34615384615385,88.35384615384616,88.36153846153847,88.36923076923077,88.37692307692308,88.38461538461539,88.3923076923077,88.4,88.40769230769232,88.41538461538462,88.42307692307693,88.43076923076923,88.43846153846154,88.44615384615385,88.45384615384616,88.46153846153847,88.46923076923078,88.47692307692309,88.4846153846154,88.49230769230769,88.5,88.50769230769231,88.51538461538462,88.52307692307693,88.53076923076924,88.53846153846155,88.54615384615386,88.55384615384615,88.56153846153846,88.56923076923077,88.57692307692308,88.58461538461539,88.5923076923077,88.60000000000001,88.60769230769232,88.61538461538461,88.62307692307692,88.63076923076923,88.63846153846154,88.64615384615385,88.65384615384616,88.66153846153847,88.66923076923078,88.67692307692309,88.68461538461538,88.6923076923077,88.7,88.70769230769231,88.71538461538462,88.72307692307693,88.73076923076924,88.73846153846155,88.74615384615385,88.75384615384615,88.76153846153846,88.76923076923077,88.77692307692308,88.78461538461539,88.7923076923077,88.80000000000001,88.8076923076923,88.81538461538462,88.82307692307693,88.83076923076923,88.83846153846154,88.84615384615385,88.85384615384616,88.86153846153847,88.86923076923077,88.87692307692308,88.88461538461539,88.8923076923077,88.9,88.90769230769232,88.91538461538462,88.92307692307693,88.93076923076923,88.93846153846154,88.94615384615385,88.95384615384616,88.96153846153847,88.96923076923078,88.97692307692309,88.9846153846154,88.99230769230769,89.0,89.00769230769231,89.01538461538462,89.02307692307693,89.03076923076924,89.03846153846155,89.04615384615386,89.05384615384615,89.06153846153846,89.06923076923077,89.07692307692308,89.08461538461539,89.0923076923077,89.10000000000001,89.10769230769232,89.11538461538463,89.12307692307692,89.13076923076923,89.13846153846154,89.14615384615385,89.15384615384616,89.16153846153847,89.16923076923078,89.17692307692309,89.18461538461538,89.1923076923077,89.2,89.20769230769231,89.21538461538462,89.22307692307693,89.23076923076924,89.23846153846155,89.24615384615385,89.25384615384615,89.26153846153846,89.26923076923077,89.27692307692308,89.28461538461539,89.2923076923077,89.30000000000001,89.3076923076923,89.31538461538462,89.32307692307693,89.33076923076923,89.33846153846154,89.34615384615385,89.35384615384616,89.36153846153847,89.36923076923077,89.37692307692308,89.38461538461539,89.3923076923077,89.4,89.40769230769232,89.41538461538462,89.42307692307693,89.43076923076923,89.43846153846154,89.44615384615385,89.45384615384616,89.46153846153847,89.46923076923078,89.47692307692309,89.4846153846154,89.49230769230769,89.5,89.50769230769231,89.51538461538462,89.52307692307693,89.53076923076924,89.53846153846155,89.54615384615386,89.55384615384615,89.56153846153846,89.56923076923077,89.57692307692308,89.58461538461539,89.5923076923077,89.60000000000001,89.60769230769232,89.61538461538463,89.62307692307692,89.63076923076923,89.63846153846154,89.64615384615385,89.65384615384616,89.66153846153847,89.66923076923078,89.67692307692309,89.68461538461538,89.6923076923077,89.7,89.70769230769231,89.71538461538462,89.72307692307693,89.73076923076924,89.73846153846155,89.74615384615385,89.75384615384615,89.76153846153846,89.76923076923077,89.77692307692308,89.78461538461539,89.7923076923077,89.80000000000001,89.8076923076923,89.81538461538462,89.82307692307693,89.83076923076923,89.83846153846154,89.84615384615385,89.85384615384616,89.86153846153847,89.86923076923077,89.87692307692308,89.88461538461539,89.8923076923077,89.9,89.90769230769232,89.91538461538462,89.92307692307693,89.93076923076923,89.93846153846154,89.94615384615385,89.95384615384616,89.96153846153847,89.96923076923078,89.97692307692309,89.9846153846154,89.99230769230769,90.0,90.00769230769231,90.01538461538462,90.02307692307693,90.03076923076924,90.03846153846155,90.04615384615386,90.05384615384615,90.06153846153846,90.06923076923077,90.07692307692308,90.08461538461539,90.0923076923077,90.10000000000001,90.10769230769232,90.11538461538463,90.12307692307692,90.13076923076923,90.13846153846154,90.14615384615385,90.15384615384616,90.16153846153847,90.16923076923078,90.17692307692309,90.18461538461538,90.1923076923077,90.2,90.20769230769231,90.21538461538462,90.22307692307693,90.23076923076924,90.23846153846155,90.24615384615385,90.25384615384615,90.26153846153846,90.26923076923077,90.27692307692308,90.28461538461539,90.2923076923077,90.30000000000001,90.3076923076923,90.31538461538462,90.32307692307693,90.33076923076923,90.33846153846154,90.34615384615385,90.35384615384616,90.36153846153847,90.36923076923077,90.37692307692308,90.38461538461539,90.3923076923077,90.4,90.40769230769232,90.41538461538462,90.42307692307693,90.43076923076923,90.43846153846154,90.44615384615385,90.45384615384616,90.46153846153847,90.46923076923078,90.47692307692309,90.4846153846154,90.49230769230769,90.5,90.50769230769231,90.51538461538462,90.52307692307693,90.53076923076924,90.53846153846155,90.54615384615386,90.55384615384615,90.56153846153846,90.56923076923077,90.57692307692308,90.58461538461539,90.5923076923077,90.60000000000001,90.60769230769232,90.61538461538463,90.62307692307692,90.63076923076923,90.63846153846154,90.64615384615385,90.65384615384616,90.66153846153847,90.66923076923078,90.67692307692309,90.68461538461538,90.6923076923077,90.7,90.70769230769231,90.71538461538462,90.72307692307693,90.73076923076924,90.73846153846155,90.74615384615385,90.75384615384615,90.76153846153846,90.76923076923077,90.77692307692308,90.78461538461539,90.7923076923077,90.80000000000001,90.8076923076923,90.81538461538462,90.82307692307693,90.83076923076923,90.83846153846154,90.84615384615385,90.85384615384616,90.86153846153847,90.86923076923077,90.87692307692308,90.88461538461539,90.8923076923077,90.9,90.90769230769232,90.91538461538462,90.92307692307693,90.93076923076923,90.93846153846154,90.94615384615385,90.95384615384616,90.96153846153847,90.96923076923078,90.97692307692309,90.9846153846154,90.99230769230769,91.0,91.00769230769231,91.01538461538462,91.02307692307693,91.03076923076924,91.03846153846155,91.04615384615386,91.05384615384615,91.06153846153846,91.06923076923077,91.07692307692308,91.08461538461539,91.0923076923077,91.10000000000001,91.10769230769232,91.11538461538463,91.12307692307692,91.13076923076923,91.13846153846154,91.14615384615385,91.15384615384616,91.16153846153847,91.16923076923078,91.17692307692309,91.18461538461538,91.1923076923077,91.2,91.20769230769231,91.21538461538462,91.22307692307693,91.23076923076924,91.23846153846155,91.24615384615385,91.25384615384615,91.26153846153846,91.26923076923077,91.27692307692308,91.28461538461539,91.2923076923077,91.30000000000001,91.3076923076923,91.31538461538462,91.32307692307693,91.33076923076923,91.33846153846154,91.34615384615385,91.35384615384616,91.36153846153847,91.36923076923077,91.37692307692308,91.38461538461539,91.3923076923077,91.4,91.40769230769232,91.41538461538462,91.42307692307693,91.43076923076923,91.43846153846154,91.44615384615385,91.45384615384616,91.46153846153847,91.46923076923078,91.47692307692309,91.4846153846154,91.49230769230769,91.5,91.50769230769231,91.51538461538462,91.52307692307693,91.53076923076924,91.53846153846155,91.54615384615386,91.55384615384615,91.56153846153846,91.56923076923077,91.57692307692308,91.58461538461539,91.5923076923077,91.60000000000001,91.60769230769232,91.61538461538463,91.62307692307692,91.63076923076923,91.63846153846154,91.64615384615385,91.65384615384616,91.66153846153847,91.66923076923078,91.67692307692309,91.68461538461538,91.6923076923077,91.7,91.70769230769231,91.71538461538462,91.72307692307693,91.73076923076924,91.73846153846155,91.74615384615385,91.75384615384615,91.76153846153846,91.76923076923077,91.77692307692308,91.78461538461539,91.7923076923077,91.80000000000001,91.8076923076923,91.81538461538462,91.82307692307693,91.83076923076923,91.83846153846154,91.84615384615385,91.85384615384616,91.86153846153847,91.86923076923077,91.87692307692308,91.88461538461539,91.8923076923077,91.9,91.90769230769232,91.91538461538462,91.92307692307693,91.93076923076923,91.93846153846154,91.94615384615385,91.95384615384616,91.96153846153847,91.96923076923078,91.97692307692309,91.9846153846154,91.99230769230769,92.0,92.00769230769231,92.01538461538462,92.02307692307693,92.03076923076924,92.03846153846155,92.04615384615386,92.05384615384615,92.06153846153846,92.06923076923077,92.07692307692308,92.08461538461539,92.0923076923077,92.10000000000001,92.10769230769232,92.11538461538463,92.12307692307692,92.13076923076923,92.13846153846154,92.14615384615385,92.15384615384616,92.16153846153847,92.16923076923078,92.17692307692309,92.18461538461538,92.1923076923077,92.2,92.20769230769231,92.21538461538462,92.22307692307693,92.23076923076924,92.23846153846155,92.24615384615385,92.25384615384615,92.26153846153846,92.26923076923077,92.27692307692308,92.28461538461539,92.2923076923077,92.30000000000001,92.3076923076923,92.31538461538462,92.32307692307693,92.33076923076923,92.33846153846154,92.34615384615385,92.35384615384616,92.36153846153847,92.36923076923077,92.37692307692308,92.38461538461539,92.3923076923077,92.4,92.40769230769232,92.41538461538462,92.42307692307693,92.43076923076923,92.43846153846154,92.44615384615385,92.45384615384616,92.46153846153847,92.46923076923078,92.47692307692309,92.4846153846154,92.49230769230769,92.5,92.50769230769231,92.51538461538462,92.52307692307693,92.53076923076924,92.53846153846155,92.54615384615386,92.55384615384617,92.56153846153846,92.56923076923077,92.57692307692308,92.58461538461539,92.5923076923077,92.60000000000001,92.60769230769232,92.61538461538463,92.62307692307692,92.63076923076923,92.63846153846154,92.64615384615385,92.65384615384616,92.66153846153847,92.66923076923078,92.67692307692309,92.68461538461538,92.6923076923077,92.7,92.70769230769231,92.71538461538462,92.72307692307693,92.73076923076924,92.73846153846155,92.74615384615385,92.75384615384615,92.76153846153846,92.76923076923077,92.77692307692308,92.78461538461539,92.7923076923077,92.80000000000001,92.8076923076923,92.81538461538462,92.82307692307693,92.83076923076923,92.83846153846154,92.84615384615385,92.85384615384616,92.86153846153847,92.86923076923077,92.87692307692308,92.88461538461539,92.8923076923077,92.9,92.90769230769232,92.91538461538462,92.92307692307693,92.93076923076923,92.93846153846154,92.94615384615385,92.95384615384616,92.96153846153847,92.96923076923078,92.97692307692309,92.9846153846154,92.99230769230769,93.0,93.00769230769231,93.01538461538462,93.02307692307693,93.03076923076924,93.03846153846155,93.04615384615386,93.05384615384617,93.06153846153846,93.06923076923077,93.07692307692308,93.08461538461539,93.0923076923077,93.10000000000001,93.10769230769232,93.11538461538463,93.12307692307692,93.13076923076923,93.13846153846154,93.14615384615385,93.15384615384616,93.16153846153847,93.16923076923078,93.17692307692309,93.18461538461538,93.1923076923077,93.2,93.20769230769231,93.21538461538462,93.22307692307693,93.23076923076924,93.23846153846155,93.24615384615385,93.25384615384615,93.26153846153846,93.26923076923077,93.27692307692308,93.28461538461539,93.2923076923077,93.30000000000001,93.3076923076923,93.31538461538462,93.32307692307693,93.33076923076923,93.33846153846154,93.34615384615385,93.35384615384616,93.36153846153847,93.36923076923077,93.37692307692308,93.38461538461539,93.3923076923077,93.4,93.40769230769232,93.41538461538462,93.42307692307693,93.43076923076923,93.43846153846154,93.44615384615385,93.45384615384616,93.46153846153847,93.46923076923078,93.47692307692309,93.4846153846154,93.49230769230769,93.5,93.50769230769231,93.51538461538462,93.52307692307693,93.53076923076924,93.53846153846155,93.54615384615386,93.55384615384617,93.56153846153846,93.56923076923077,93.57692307692308,93.58461538461539,93.5923076923077,93.60000000000001,93.60769230769232,93.61538461538463,93.62307692307692,93.63076923076923,93.63846153846154,93.64615384615385,93.65384615384616,93.66153846153847,93.66923076923078,93.67692307692309,93.68461538461538,93.6923076923077,93.7,93.70769230769231,93.71538461538462,93.72307692307693,93.73076923076924,93.73846153846155,93.74615384615385,93.75384615384615,93.76153846153846,93.76923076923077,93.77692307692308,93.78461538461539,93.7923076923077,93.80000000000001,93.8076923076923,93.81538461538462,93.82307692307693,93.83076923076923,93.83846153846154,93.84615384615385,93.85384615384616,93.86153846153847,93.86923076923077,93.87692307692308,93.88461538461539,93.8923076923077,93.9,93.90769230769232,93.91538461538462,93.92307692307693,93.93076923076923,93.93846153846154,93.94615384615385,93.95384615384616,93.96153846153847,93.96923076923078,93.97692307692309,93.9846153846154,93.99230769230769,94.0,94.00769230769231,94.01538461538462,94.02307692307693,94.03076923076924,94.03846153846155,94.04615384615386,94.05384615384617,94.06153846153846,94.06923076923077,94.07692307692308,94.08461538461539,94.0923076923077,94.10000000000001,94.10769230769232,94.11538461538463,94.12307692307692,94.13076923076923,94.13846153846154,94.14615384615385,94.15384615384616,94.16153846153847,94.16923076923078,94.17692307692309,94.18461538461538,94.1923076923077,94.2,94.20769230769231,94.21538461538462,94.22307692307693,94.23076923076924,94.23846153846155,94.24615384615385,94.25384615384615,94.26153846153846,94.26923076923077,94.27692307692308,94.28461538461539,94.2923076923077,94.30000000000001,94.3076923076923,94.31538461538462,94.32307692307693,94.33076923076923,94.33846153846154,94.34615384615385,94.35384615384616,94.36153846153847,94.36923076923077,94.37692307692308,94.38461538461539,94.3923076923077,94.4,94.40769230769232,94.41538461538462,94.42307692307693,94.43076923076923,94.43846153846154,94.44615384615385,94.45384615384616,94.46153846153847,94.46923076923078,94.47692307692309,94.4846153846154,94.49230769230769,94.5,94.50769230769231,94.51538461538462,94.52307692307693,94.53076923076924,94.53846153846155,94.54615384615386,94.55384615384617,94.56153846153846,94.56923076923077,94.57692307692308,94.58461538461539,94.5923076923077,94.60000000000001,94.60769230769232,94.61538461538463,94.62307692307692,94.63076923076923,94.63846153846154,94.64615384615385,94.65384615384616,94.66153846153847,94.66923076923078,94.67692307692309,94.68461538461538,94.6923076923077,94.7,94.70769230769231,94.71538461538462,94.72307692307693,94.73076923076924,94.73846153846155,94.74615384615385,94.75384615384615,94.76153846153846,94.76923076923077,94.77692307692308,94.78461538461539,94.7923076923077,94.80000000000001,94.8076923076923,94.81538461538462,94.82307692307693,94.83076923076923,94.83846153846154,94.84615384615385,94.85384615384616,94.86153846153847,94.86923076923077,94.87692307692308,94.88461538461539,94.8923076923077,94.9,94.90769230769232,94.91538461538462,94.92307692307693,94.93076923076923,94.93846153846154,94.94615384615385,94.95384615384616,94.96153846153847,94.96923076923078,94.97692307692309,94.9846153846154,94.99230769230769,95.0,95.00769230769231,95.01538461538462,95.02307692307693,95.03076923076924,95.03846153846155,95.04615384615386,95.05384615384617,95.06153846153846,95.06923076923077,95.07692307692308,95.08461538461539,95.0923076923077,95.10000000000001,95.10769230769232,95.11538461538463,95.12307692307692,95.13076923076923,95.13846153846154,95.14615384615385,95.15384615384616,95.16153846153847,95.16923076923078,95.17692307692309,95.18461538461538,95.1923076923077,95.2,95.20769230769231,95.21538461538462,95.22307692307693,95.23076923076924,95.23846153846155,95.24615384615385,95.25384615384615,95.26153846153846,95.26923076923077,95.27692307692308,95.28461538461539,95.2923076923077,95.30000000000001,95.3076923076923,95.31538461538462,95.32307692307693,95.33076923076923,95.33846153846154,95.34615384615385,95.35384615384616,95.36153846153847,95.36923076923077,95.37692307692308,95.38461538461539,95.3923076923077,95.4,95.40769230769232,95.41538461538462,95.42307692307693,95.43076923076923,95.43846153846154,95.44615384615385,95.45384615384616,95.46153846153847,95.46923076923078,95.47692307692309,95.4846153846154,95.49230769230769,95.5,95.50769230769231,95.51538461538462,95.52307692307693,95.53076923076924,95.53846153846155,95.54615384615386,95.55384615384617,95.56153846153846,95.56923076923077,95.57692307692308,95.58461538461539,95.5923076923077,95.60000000000001,95.60769230769232,95.61538461538463,95.62307692307692,95.63076923076923,95.63846153846154,95.64615384615385,95.65384615384616,95.66153846153847,95.66923076923078,95.67692307692309,95.68461538461538,95.6923076923077,95.7,95.70769230769231,95.71538461538462,95.72307692307693,95.73076923076924,95.73846153846155,95.74615384615385,95.75384615384615,95.76153846153846,95.76923076923077,95.77692307692308,95.78461538461539,95.7923076923077,95.80000000000001,95.8076923076923,95.81538461538462,95.82307692307693,95.83076923076923,95.83846153846154,95.84615384615385,95.85384615384616,95.86153846153847,95.86923076923077,95.87692307692308,95.88461538461539,95.8923076923077,95.9,95.90769230769232,95.91538461538462,95.92307692307693,95.93076923076923,95.93846153846154,95.94615384615385,95.95384615384616,95.96153846153847,95.96923076923078,95.97692307692309,95.9846153846154,95.99230769230769,96.0,96.00769230769231,96.01538461538462,96.02307692307693,96.03076923076924,96.03846153846155,96.04615384615386,96.05384615384617,96.06153846153846,96.06923076923077,96.07692307692308,96.08461538461539,96.0923076923077,96.10000000000001,96.10769230769232,96.11538461538463,96.12307692307692,96.13076923076923,96.13846153846154,96.14615384615385,96.15384615384616,96.16153846153847,96.16923076923078,96.17692307692309,96.18461538461538,96.1923076923077,96.2,96.20769230769231,96.21538461538462,96.22307692307693,96.23076923076924,96.23846153846155,96.24615384615385,96.25384615384615,96.26153846153846,96.26923076923077,96.27692307692308,96.28461538461539,96.2923076923077,96.30000000000001,96.3076923076923,96.31538461538462,96.32307692307693,96.33076923076923,96.33846153846154,96.34615384615385,96.35384615384616,96.36153846153847,96.36923076923077,96.37692307692308,96.38461538461539,96.3923076923077,96.4,96.40769230769232,96.41538461538462,96.42307692307693,96.43076923076923,96.43846153846154,96.44615384615385,96.45384615384616,96.46153846153847,96.46923076923078,96.47692307692309,96.4846153846154,96.49230769230769,96.5,96.50769230769231,96.51538461538462,96.52307692307693,96.53076923076924,96.53846153846155,96.54615384615386,96.55384615384617,96.56153846153846,96.56923076923077,96.57692307692308,96.58461538461539,96.5923076923077,96.60000000000001,96.60769230769232,96.61538461538463,96.62307692307692,96.63076923076923,96.63846153846154,96.64615384615385,96.65384615384616,96.66153846153847,96.66923076923078,96.67692307692309,96.68461538461538,96.6923076923077,96.7,96.70769230769231,96.71538461538462,96.72307692307693,96.73076923076924,96.73846153846155,96.74615384615385,96.75384615384615,96.76153846153846,96.76923076923077,96.77692307692308,96.78461538461539,96.7923076923077,96.80000000000001,96.8076923076923,96.81538461538462,96.82307692307693,96.83076923076923,96.83846153846154,96.84615384615385,96.85384615384616,96.86153846153847,96.86923076923077,96.87692307692308,96.88461538461539,96.8923076923077,96.9,96.90769230769232,96.91538461538462,96.92307692307693,96.93076923076923,96.93846153846154,96.94615384615385,96.95384615384616,96.96153846153847,96.96923076923078,96.97692307692309,96.9846153846154,96.9923076923077,97.0,97.00769230769231,97.01538461538462,97.02307692307693,97.03076923076924,97.03846153846155,97.04615384615386,97.05384615384617,97.06153846153846,97.06923076923077,97.07692307692308,97.08461538461539,97.0923076923077,97.10000000000001,97.10769230769232,97.11538461538463,97.12307692307692,97.13076923076923,97.13846153846154,97.14615384615385,97.15384615384616,97.16153846153847,97.16923076923078,97.17692307692309,97.18461538461538,97.1923076923077,97.2,97.20769230769231,97.21538461538462,97.22307692307693,97.23076923076924,97.23846153846155,97.24615384615385,97.25384615384615,97.26153846153846,97.26923076923077,97.27692307692308,97.28461538461539,97.2923076923077,97.30000000000001,97.3076923076923,97.31538461538462,97.32307692307693,97.33076923076923,97.33846153846154,97.34615384615385,97.35384615384616,97.36153846153847,97.36923076923077,97.37692307692308,97.38461538461539,97.3923076923077,97.4,97.40769230769232,97.41538461538462,97.42307692307693,97.43076923076923,97.43846153846154,97.44615384615385,97.45384615384616,97.46153846153847,97.46923076923078,97.47692307692309,97.4846153846154,97.4923076923077,97.5,97.50769230769231,97.51538461538462,97.52307692307693,97.53076923076924,97.53846153846155,97.54615384615386,97.55384615384617,97.56153846153846,97.56923076923077,97.57692307692308,97.58461538461539,97.5923076923077,97.60000000000001,97.60769230769232,97.61538461538463,97.62307692307692,97.63076923076923,97.63846153846154,97.64615384615385,97.65384615384616,97.66153846153847,97.66923076923078,97.67692307692309,97.68461538461538,97.6923076923077,97.7,97.70769230769231,97.71538461538462,97.72307692307693,97.73076923076924,97.73846153846155,97.74615384615385,97.75384615384615,97.76153846153846,97.76923076923077,97.77692307692308,97.78461538461539,97.7923076923077,97.80000000000001,97.8076923076923,97.81538461538462,97.82307692307693,97.83076923076923,97.83846153846154,97.84615384615385,97.85384615384616,97.86153846153847,97.86923076923077,97.87692307692308,97.88461538461539,97.8923076923077,97.9,97.90769230769232,97.91538461538462,97.92307692307693,97.93076923076923,97.93846153846154,97.94615384615385,97.95384615384616,97.96153846153847,97.96923076923078,97.97692307692309,97.9846153846154,97.9923076923077,98.0,98.00769230769231,98.01538461538462,98.02307692307693,98.03076923076924,98.03846153846155,98.04615384615386,98.05384615384617,98.06153846153846,98.06923076923077,98.07692307692308,98.08461538461539,98.0923076923077,98.10000000000001,98.10769230769232,98.11538461538463,98.12307692307692,98.13076923076923,98.13846153846154,98.14615384615385,98.15384615384616,98.16153846153847,98.16923076923078,98.17692307692309,98.18461538461538,98.1923076923077,98.2,98.20769230769231,98.21538461538462,98.22307692307693,98.23076923076924,98.23846153846155,98.24615384615385,98.25384615384615,98.26153846153846,98.26923076923077,98.27692307692308,98.28461538461539,98.2923076923077,98.30000000000001,98.3076923076923,98.31538461538462,98.32307692307693,98.33076923076923,98.33846153846154,98.34615384615385,98.35384615384616,98.36153846153847,98.36923076923077,98.37692307692308,98.38461538461539,98.3923076923077,98.4,98.40769230769232,98.41538461538462,98.42307692307693,98.43076923076923,98.43846153846154,98.44615384615385,98.45384615384616,98.46153846153847,98.46923076923078,98.47692307692309,98.4846153846154,98.4923076923077,98.5,98.50769230769231,98.51538461538462,98.52307692307693,98.53076923076924,98.53846153846155,98.54615384615386,98.55384615384617,98.56153846153846,98.56923076923077,98.57692307692308,98.58461538461539,98.5923076923077,98.60000000000001,98.60769230769232,98.61538461538463,98.62307692307692,98.63076923076923,98.63846153846154,98.64615384615385,98.65384615384616,98.66153846153847,98.66923076923078,98.67692307692309,98.68461538461538,98.6923076923077,98.7,98.70769230769231,98.71538461538462,98.72307692307693,98.73076923076924,98.73846153846155,98.74615384615385,98.75384615384615,98.76153846153846,98.76923076923077,98.77692307692308,98.78461538461539,98.7923076923077,98.80000000000001,98.8076923076923,98.81538461538462,98.82307692307693,98.83076923076923,98.83846153846154,98.84615384615385,98.85384615384616,98.86153846153847,98.86923076923077,98.87692307692308,98.88461538461539,98.8923076923077,98.9,98.90769230769232,98.91538461538462,98.92307692307693,98.93076923076923,98.93846153846154,98.94615384615385,98.95384615384616,98.96153846153847,98.96923076923078,98.97692307692309,98.9846153846154,98.9923076923077,99.0,99.00769230769231,99.01538461538462,99.02307692307693,99.03076923076924,99.03846153846155,99.04615384615386,99.05384615384617,99.06153846153846,99.06923076923077,99.07692307692308,99.08461538461539,99.0923076923077,99.10000000000001,99.10769230769232,99.11538461538463,99.12307692307692,99.13076923076923,99.13846153846154,99.14615384615385,99.15384615384616,99.16153846153847,99.16923076923078,99.17692307692309,99.18461538461538,99.1923076923077,99.2,99.20769230769231,99.21538461538462,99.22307692307693,99.23076923076924,99.23846153846155,99.24615384615385,99.25384615384615,99.26153846153846,99.26923076923077,99.27692307692308,99.28461538461539,99.2923076923077,99.30000000000001,99.3076923076923,99.31538461538462,99.32307692307693,99.33076923076923,99.33846153846154,99.34615384615385,99.35384615384616,99.36153846153847,99.36923076923077,99.37692307692308,99.38461538461539,99.3923076923077,99.4,99.40769230769232,99.41538461538462,99.42307692307693,99.43076923076923,99.43846153846154,99.44615384615385,99.45384615384616,99.46153846153847,99.46923076923078,99.47692307692309,99.4846153846154,99.4923076923077,99.5,99.50769230769231,99.51538461538462,99.52307692307693,99.53076923076924,99.53846153846155,99.54615384615386,99.55384615384617,99.56153846153846,99.56923076923077,99.57692307692308,99.58461538461539,99.5923076923077,99.60000000000001,99.60769230769232,99.61538461538463,99.62307692307692,99.63076923076923,99.63846153846154,99.64615384615385,99.65384615384616,99.66153846153847,99.66923076923078,99.67692307692309,99.68461538461538,99.6923076923077,99.7,99.70769230769231,99.71538461538462,99.72307692307693,99.73076923076924,99.73846153846155,99.74615384615385,99.75384615384615,99.76153846153846,99.76923076923077,99.77692307692308,99.78461538461539,99.7923076923077,99.80000000000001,99.8076923076923,99.81538461538462,99.82307692307693,99.83076923076923,99.83846153846154,99.84615384615385,99.85384615384616,99.86153846153847,99.86923076923077,99.87692307692308,99.88461538461539,99.8923076923077,99.9,99.90769230769232,99.91538461538462,99.92307692307693,99.93076923076923,99.93846153846154,99.94615384615385,99.95384615384616,99.96153846153847,99.96923076923078,99.97692307692309,99.9846153846154,99.9923076923077,100.0,100.00769230769231,100.01538461538462,100.02307692307693,100.03076923076924,100.03846153846155,100.04615384615386,100.05384615384617,100.06153846153846,100.06923076923077,100.07692307692308,100.08461538461539,100.0923076923077,100.10000000000001,100.10769230769232,100.11538461538463,100.12307692307692,100.13076923076923,100.13846153846154,100.14615384615385,100.15384615384616,100.16153846153847,100.16923076923078,100.17692307692309,100.18461538461538,100.1923076923077,100.2,100.20769230769231,100.21538461538462,100.22307692307693,100.23076923076924,100.23846153846155,100.24615384615385,100.25384615384615,100.26153846153846,100.26923076923077,100.27692307692308,100.28461538461539,100.2923076923077,100.30000000000001,100.3076923076923,100.31538461538462,100.32307692307693,100.33076923076923,100.33846153846154,100.34615384615385,100.35384615384616,100.36153846153847,100.36923076923077,100.37692307692308,100.38461538461539,100.3923076923077,100.4,100.40769230769232,100.41538461538462,100.42307692307693,100.43076923076924,100.43846153846154,100.44615384615385,100.45384615384616,100.46153846153847,100.46923076923078,100.47692307692309,100.4846153846154,100.4923076923077,100.5,100.50769230769231,100.51538461538462,100.52307692307693,100.53076923076924,100.53846153846155,100.54615384615386,100.55384615384617,100.56153846153846,100.56923076923077,100.57692307692308,100.58461538461539,100.5923076923077,100.60000000000001,100.60769230769232,100.61538461538463,100.62307692307692,100.63076923076923,100.63846153846154,100.64615384615385,100.65384615384616,100.66153846153847,100.66923076923078,100.67692307692309,100.68461538461538,100.6923076923077,100.7,100.70769230769231,100.71538461538462,100.72307692307693,100.73076923076924,100.73846153846155,100.74615384615385,100.75384615384615,100.76153846153846,100.76923076923077,100.77692307692308,100.78461538461539,100.7923076923077,100.80000000000001,100.8076923076923,100.81538461538462,100.82307692307693,100.83076923076923,100.83846153846154,100.84615384615385,100.85384615384616,100.86153846153847,100.86923076923077,100.87692307692308,100.88461538461539,100.8923076923077,100.9,100.90769230769232,100.91538461538462,100.92307692307693,100.93076923076924,100.93846153846154,100.94615384615385,100.95384615384616,100.96153846153847,100.96923076923078,100.97692307692309,100.9846153846154,100.9923076923077,101.0,101.00769230769231,101.01538461538462,101.02307692307693,101.03076923076924,101.03846153846155,101.04615384615386,101.05384615384617,101.06153846153846,101.06923076923077,101.07692307692308,101.08461538461539,101.0923076923077,101.10000000000001,101.10769230769232,101.11538461538463,101.12307692307692,101.13076923076923,101.13846153846154,101.14615384615385,101.15384615384616,101.16153846153847,101.16923076923078,101.17692307692309,101.18461538461538,101.1923076923077,101.2,101.20769230769231,101.21538461538462,101.22307692307693,101.23076923076924,101.23846153846155,101.24615384615385,101.25384615384615,101.26153846153846,101.26923076923077,101.27692307692308,101.28461538461539,101.2923076923077,101.30000000000001,101.3076923076923,101.31538461538462,101.32307692307693,101.33076923076923,101.33846153846154,101.34615384615385,101.35384615384616,101.36153846153847,101.36923076923077,101.37692307692308,101.38461538461539,101.3923076923077,101.4,101.40769230769232,101.41538461538462,101.42307692307693,101.43076923076924,101.43846153846154,101.44615384615385,101.45384615384616,101.46153846153847,101.46923076923078,101.47692307692309,101.4846153846154,101.4923076923077,101.5,101.50769230769231,101.51538461538462,101.52307692307693,101.53076923076924,101.53846153846155,101.54615384615386,101.55384615384617,101.56153846153846,101.56923076923077,101.57692307692308,101.58461538461539,101.5923076923077,101.60000000000001,101.60769230769232,101.61538461538463,101.62307692307692,101.63076923076923,101.63846153846154,101.64615384615385,101.65384615384616,101.66153846153847,101.66923076923078,101.67692307692309,101.68461538461538,101.6923076923077,101.7,101.70769230769231,101.71538461538462,101.72307692307693,101.73076923076924,101.73846153846155,101.74615384615385,101.75384615384615,101.76153846153846,101.76923076923077,101.77692307692308,101.78461538461539,101.7923076923077,101.80000000000001,101.8076923076923,101.81538461538462,101.82307692307693,101.83076923076923,101.83846153846154,101.84615384615385,101.85384615384616,101.86153846153847,101.86923076923077,101.87692307692308,101.88461538461539,101.8923076923077,101.9,101.90769230769232,101.91538461538462,101.92307692307693,101.93076923076924,101.93846153846154,101.94615384615385,101.95384615384616,101.96153846153847,101.96923076923078,101.97692307692309,101.9846153846154,101.9923076923077,102.0,102.00769230769231,102.01538461538462,102.02307692307693,102.03076923076924,102.03846153846155,102.04615384615386,102.05384615384617,102.06153846153846,102.06923076923077,102.07692307692308,102.08461538461539,102.0923076923077,102.10000000000001,102.10769230769232,102.11538461538463,102.12307692307692,102.13076923076923,102.13846153846154,102.14615384615385,102.15384615384616,102.16153846153847,102.16923076923078,102.17692307692309,102.18461538461538,102.1923076923077,102.2,102.20769230769231,102.21538461538462,102.22307692307693,102.23076923076924,102.23846153846155,102.24615384615385,102.25384615384615,102.26153846153846,102.26923076923077,102.27692307692308,102.28461538461539,102.2923076923077,102.30000000000001,102.3076923076923,102.31538461538462,102.32307692307693,102.33076923076923,102.33846153846154,102.34615384615385,102.35384615384616,102.36153846153847,102.36923076923077,102.37692307692308,102.38461538461539,102.3923076923077,102.4,102.40769230769232,102.41538461538462,102.42307692307693,102.43076923076924,102.43846153846154,102.44615384615385,102.45384615384616,102.46153846153847,102.46923076923078,102.47692307692309,102.4846153846154,102.4923076923077,102.5,102.50769230769231,102.51538461538462,102.52307692307693,102.53076923076924,102.53846153846155,102.54615384615386,102.55384615384617,102.56153846153846,102.56923076923077,102.57692307692308,102.58461538461539,102.5923076923077,102.60000000000001,102.60769230769232,102.61538461538463,102.62307692307692,102.63076923076923,102.63846153846154,102.64615384615385,102.65384615384616,102.66153846153847,102.66923076923078,102.67692307692309,102.68461538461538,102.6923076923077,102.7,102.70769230769231,102.71538461538462,102.72307692307693,102.73076923076924,102.73846153846155,102.74615384615385,102.75384615384615,102.76153846153846,102.76923076923077,102.77692307692308,102.78461538461539,102.7923076923077,102.80000000000001,102.8076923076923,102.81538461538462,102.82307692307693,102.83076923076923,102.83846153846154,102.84615384615385,102.85384615384616,102.86153846153847,102.86923076923077,102.87692307692308,102.88461538461539,102.8923076923077,102.9,102.90769230769232,102.91538461538462,102.92307692307693,102.93076923076924,102.93846153846154,102.94615384615385,102.95384615384616,102.96153846153847,102.96923076923078,102.97692307692309,102.9846153846154,102.9923076923077,103.0,103.00769230769231,103.01538461538462,103.02307692307693,103.03076923076924,103.03846153846155,103.04615384615386,103.05384615384617,103.06153846153846,103.06923076923077,103.07692307692308,103.08461538461539,103.0923076923077,103.10000000000001,103.10769230769232,103.11538461538463,103.12307692307692,103.13076923076923,103.13846153846154,103.14615384615385,103.15384615384616,103.16153846153847,103.16923076923078,103.17692307692309,103.18461538461538,103.1923076923077,103.2,103.20769230769231,103.21538461538462,103.22307692307693,103.23076923076924,103.23846153846155,103.24615384615385,103.25384615384615,103.26153846153846,103.26923076923077,103.27692307692308,103.28461538461539,103.2923076923077,103.30000000000001,103.3076923076923,103.31538461538462,103.32307692307693,103.33076923076923,103.33846153846154,103.34615384615385,103.35384615384616,103.36153846153847,103.36923076923077,103.37692307692308,103.38461538461539,103.3923076923077,103.4,103.40769230769232,103.41538461538462,103.42307692307693,103.43076923076924,103.43846153846154,103.44615384615385,103.45384615384616,103.46153846153847,103.46923076923078,103.47692307692309,103.4846153846154,103.4923076923077,103.5,103.50769230769231,103.51538461538462,103.52307692307693,103.53076923076924,103.53846153846155,103.54615384615386,103.55384615384617,103.56153846153846,103.56923076923077,103.57692307692308,103.58461538461539,103.5923076923077,103.60000000000001,103.60769230769232,103.61538461538463,103.62307692307692,103.63076923076923,103.63846153846154,103.64615384615385,103.65384615384616,103.66153846153847,103.66923076923078,103.67692307692309,103.68461538461538,103.6923076923077,103.7,103.70769230769231,103.71538461538462,103.72307692307693,103.73076923076924,103.73846153846155,103.74615384615385,103.75384615384615,103.76153846153846,103.76923076923077,103.77692307692308,103.78461538461539,103.7923076923077,103.80000000000001,103.8076923076923,103.81538461538462,103.82307692307693,103.83076923076923,103.83846153846154,103.84615384615385,103.85384615384616,103.86153846153847,103.86923076923077,103.87692307692308,103.88461538461539,103.8923076923077,103.9,103.90769230769232,103.91538461538462,103.92307692307693,103.93076923076924,103.93846153846154,103.94615384615385,103.95384615384616,103.96153846153847,103.96923076923078,103.97692307692309,103.9846153846154,103.9923076923077,104.0,104.00769230769231,104.01538461538462,104.02307692307693,104.03076923076924,104.03846153846155,104.04615384615386,104.05384615384617,104.06153846153846,104.06923076923077,104.07692307692308,104.08461538461539,104.0923076923077,104.10000000000001,104.10769230769232,104.11538461538463,104.12307692307692,104.13076923076923,104.13846153846154,104.14615384615385,104.15384615384616,104.16153846153847,104.16923076923078,104.17692307692309,104.18461538461538,104.1923076923077,104.2,104.20769230769231,104.21538461538462,104.22307692307693,104.23076923076924,104.23846153846155,104.24615384615385,104.25384615384615,104.26153846153846,104.26923076923077,104.27692307692308,104.28461538461539,104.2923076923077,104.30000000000001,104.3076923076923,104.31538461538462,104.32307692307693,104.33076923076923,104.33846153846154,104.34615384615385,104.35384615384616,104.36153846153847,104.36923076923077,104.37692307692308,104.38461538461539,104.3923076923077,104.4,104.40769230769232,104.41538461538462,104.42307692307693,104.43076923076924,104.43846153846154,104.44615384615385,104.45384615384616,104.46153846153847,104.46923076923078,104.47692307692309,104.4846153846154,104.4923076923077,104.5,104.50769230769231,104.51538461538462,104.52307692307693,104.53076923076924,104.53846153846155,104.54615384615386,104.55384615384617,104.56153846153846,104.56923076923077,104.57692307692308,104.58461538461539,104.5923076923077,104.60000000000001,104.60769230769232,104.61538461538463,104.62307692307692,104.63076923076923,104.63846153846154,104.64615384615385,104.65384615384616,104.66153846153847,104.66923076923078,104.67692307692309,104.68461538461538,104.6923076923077,104.7,104.70769230769231,104.71538461538462,104.72307692307693,104.73076923076924,104.73846153846155,104.74615384615385,104.75384615384615,104.76153846153846,104.76923076923077,104.77692307692308,104.78461538461539,104.7923076923077,104.80000000000001,104.8076923076923,104.81538461538462,104.82307692307693,104.83076923076923,104.83846153846154,104.84615384615385,104.85384615384616,104.86153846153847,104.86923076923078,104.87692307692308,104.88461538461539,104.8923076923077,104.9,104.90769230769232,104.91538461538462,104.92307692307693,104.93076923076924,104.93846153846154,104.94615384615385,104.95384615384616,104.96153846153847,104.96923076923078,104.97692307692309,104.9846153846154,104.9923076923077,105.0,105.00769230769231,105.01538461538462,105.02307692307693,105.03076923076924,105.03846153846155,105.04615384615386,105.05384615384617,105.06153846153846,105.06923076923077,105.07692307692308,105.08461538461539,105.0923076923077,105.10000000000001,105.10769230769232,105.11538461538463,105.12307692307692,105.13076923076923,105.13846153846154,105.14615384615385,105.15384615384616,105.16153846153847,105.16923076923078,105.17692307692309,105.18461538461538,105.1923076923077,105.2,105.20769230769231,105.21538461538462,105.22307692307693,105.23076923076924,105.23846153846155,105.24615384615385,105.25384615384615,105.26153846153846,105.26923076923077,105.27692307692308,105.28461538461539,105.2923076923077,105.30000000000001,105.3076923076923,105.31538461538462,105.32307692307693,105.33076923076923,105.33846153846154,105.34615384615385,105.35384615384616,105.36153846153847,105.36923076923078,105.37692307692308,105.38461538461539,105.3923076923077,105.4,105.40769230769232,105.41538461538462,105.42307692307693,105.43076923076924,105.43846153846154,105.44615384615385,105.45384615384616,105.46153846153847,105.46923076923078,105.47692307692309,105.4846153846154,105.4923076923077,105.5,105.50769230769231,105.51538461538462,105.52307692307693,105.53076923076924,105.53846153846155,105.54615384615386,105.55384615384617,105.56153846153846,105.56923076923077,105.57692307692308,105.58461538461539,105.5923076923077,105.60000000000001,105.60769230769232,105.61538461538463,105.62307692307692,105.63076923076923,105.63846153846154,105.64615384615385,105.65384615384616,105.66153846153847,105.66923076923078,105.67692307692309,105.68461538461538,105.6923076923077,105.7,105.70769230769231,105.71538461538462,105.72307692307693,105.73076923076924,105.73846153846155,105.74615384615385,105.75384615384615,105.76153846153846,105.76923076923077,105.77692307692308,105.78461538461539,105.7923076923077,105.80000000000001,105.8076923076923,105.81538461538462,105.82307692307693,105.83076923076923,105.83846153846154,105.84615384615385,105.85384615384616,105.86153846153847,105.86923076923078,105.87692307692308,105.88461538461539,105.8923076923077,105.9,105.90769230769232,105.91538461538462,105.92307692307693,105.93076923076924,105.93846153846154,105.94615384615385,105.95384615384616,105.96153846153847,105.96923076923078,105.97692307692309,105.9846153846154,105.9923076923077,106.0,106.00769230769231,106.01538461538462,106.02307692307693,106.03076923076924,106.03846153846155,106.04615384615386,106.05384615384617,106.06153846153846,106.06923076923077,106.07692307692308,106.08461538461539,106.0923076923077,106.10000000000001,106.10769230769232,106.11538461538463,106.12307692307692,106.13076923076923,106.13846153846154,106.14615384615385,106.15384615384616,106.16153846153847,106.16923076923078,106.17692307692309,106.18461538461538,106.1923076923077,106.2,106.20769230769231,106.21538461538462,106.22307692307693,106.23076923076924,106.23846153846155,106.24615384615385,106.25384615384615,106.26153846153846,106.26923076923077,106.27692307692308,106.28461538461539,106.2923076923077,106.30000000000001,106.3076923076923,106.31538461538462,106.32307692307693,106.33076923076923,106.33846153846154,106.34615384615385,106.35384615384616,106.36153846153847,106.36923076923078,106.37692307692308,106.38461538461539,106.3923076923077,106.4,106.40769230769232,106.41538461538462,106.42307692307693,106.43076923076924,106.43846153846154,106.44615384615385,106.45384615384616,106.46153846153847,106.46923076923078,106.47692307692309,106.4846153846154,106.4923076923077,106.5,106.50769230769231,106.51538461538462,106.52307692307693,106.53076923076924,106.53846153846155,106.54615384615386,106.55384615384617,106.56153846153846,106.56923076923077,106.57692307692308,106.58461538461539,106.5923076923077,106.60000000000001,106.60769230769232,106.61538461538463,106.62307692307692,106.63076923076923,106.63846153846154,106.64615384615385,106.65384615384616,106.66153846153847,106.66923076923078,106.67692307692309,106.68461538461538,106.6923076923077,106.7,106.70769230769231,106.71538461538462,106.72307692307693,106.73076923076924,106.73846153846155,106.74615384615385,106.75384615384615,106.76153846153846,106.76923076923077,106.77692307692308,106.78461538461539,106.7923076923077,106.80000000000001,106.8076923076923,106.81538461538462,106.82307692307693,106.83076923076923,106.83846153846154,106.84615384615385,106.85384615384616,106.86153846153847,106.86923076923078,106.87692307692308,106.88461538461539,106.8923076923077,106.9,106.90769230769232,106.91538461538462,106.92307692307693,106.93076923076924,106.93846153846154,106.94615384615385,106.95384615384616,106.96153846153847,106.96923076923078,106.97692307692309,106.9846153846154,106.9923076923077,107.0,107.00769230769231,107.01538461538462,107.02307692307693,107.03076923076924,107.03846153846155,107.04615384615386,107.05384615384617,107.06153846153846,107.06923076923077,107.07692307692308,107.08461538461539,107.0923076923077,107.10000000000001,107.10769230769232,107.11538461538463,107.12307692307692,107.13076923076923,107.13846153846154,107.14615384615385,107.15384615384616,107.16153846153847,107.16923076923078,107.17692307692309,107.18461538461538,107.1923076923077,107.2,107.20769230769231,107.21538461538462,107.22307692307693,107.23076923076924,107.23846153846155,107.24615384615385,107.25384615384615,107.26153846153846,107.26923076923077,107.27692307692308,107.28461538461539,107.2923076923077,107.30000000000001,107.3076923076923,107.31538461538462,107.32307692307693,107.33076923076923,107.33846153846154,107.34615384615385,107.35384615384616,107.36153846153847,107.36923076923078,107.37692307692308,107.38461538461539,107.3923076923077,107.4,107.40769230769232,107.41538461538462,107.42307692307693,107.43076923076924,107.43846153846154,107.44615384615385,107.45384615384616,107.46153846153847,107.46923076923078,107.47692307692309,107.4846153846154,107.4923076923077,107.5,107.50769230769231,107.51538461538462,107.52307692307693,107.53076923076924,107.53846153846155,107.54615384615386,107.55384615384617,107.56153846153846,107.56923076923077,107.57692307692308,107.58461538461539,107.5923076923077,107.60000000000001,107.60769230769232,107.61538461538463,107.62307692307692,107.63076923076923,107.63846153846154,107.64615384615385,107.65384615384616,107.66153846153847,107.66923076923078,107.67692307692309,107.68461538461538,107.6923076923077,107.7,107.70769230769231,107.71538461538462,107.72307692307693,107.73076923076924,107.73846153846155,107.74615384615385,107.75384615384615,107.76153846153846,107.76923076923077,107.77692307692308,107.78461538461539,107.7923076923077,107.80000000000001,107.8076923076923,107.81538461538462,107.82307692307693,107.83076923076923,107.83846153846154,107.84615384615385,107.85384615384616,107.86153846153847,107.86923076923078,107.87692307692308,107.88461538461539,107.8923076923077,107.9,107.90769230769232,107.91538461538462,107.92307692307693,107.93076923076924,107.93846153846154,107.94615384615385,107.95384615384616,107.96153846153847,107.96923076923078,107.97692307692309,107.9846153846154,107.9923076923077,108.0,108.00769230769231,108.01538461538462,108.02307692307693,108.03076923076924,108.03846153846155,108.04615384615386,108.05384615384617,108.06153846153846,108.06923076923077,108.07692307692308,108.08461538461539,108.0923076923077,108.10000000000001,108.10769230769232,108.11538461538463,108.12307692307692,108.13076923076923,108.13846153846154,108.14615384615385,108.15384615384616,108.16153846153847,108.16923076923078,108.17692307692309,108.18461538461538,108.1923076923077,108.2,108.20769230769231,108.21538461538462,108.22307692307693,108.23076923076924,108.23846153846155,108.24615384615385,108.25384615384615,108.26153846153846,108.26923076923077,108.27692307692308,108.28461538461539,108.2923076923077,108.30000000000001,108.30769230769232,108.31538461538462,108.32307692307693,108.33076923076923,108.33846153846154,108.34615384615385,108.35384615384616,108.36153846153847,108.36923076923078,108.37692307692308,108.38461538461539,108.3923076923077,108.4,108.40769230769232,108.41538461538462,108.42307692307693,108.43076923076924,108.43846153846154,108.44615384615385,108.45384615384616,108.46153846153847,108.46923076923078,108.47692307692309,108.4846153846154,108.4923076923077,108.5,108.50769230769231,108.51538461538462,108.52307692307693,108.53076923076924,108.53846153846155,108.54615384615386,108.55384615384617,108.56153846153846,108.56923076923077,108.57692307692308,108.58461538461539,108.5923076923077,108.60000000000001,108.60769230769232,108.61538461538463,108.62307692307692,108.63076923076923,108.63846153846154,108.64615384615385,108.65384615384616,108.66153846153847,108.66923076923078,108.67692307692309,108.68461538461538,108.6923076923077,108.7,108.70769230769231,108.71538461538462,108.72307692307693,108.73076923076924,108.73846153846155,108.74615384615385,108.75384615384615,108.76153846153846,108.76923076923077,108.77692307692308,108.78461538461539,108.7923076923077,108.80000000000001,108.80769230769232,108.81538461538462,108.82307692307693,108.83076923076923,108.83846153846154,108.84615384615385,108.85384615384616,108.86153846153847,108.86923076923078,108.87692307692308,108.88461538461539,108.8923076923077,108.9,108.90769230769232,108.91538461538462,108.92307692307693,108.93076923076924,108.93846153846154,108.94615384615385,108.95384615384616,108.96153846153847,108.96923076923078,108.97692307692309,108.9846153846154,108.9923076923077,109.0,109.00769230769231,109.01538461538462,109.02307692307693,109.03076923076924,109.03846153846155,109.04615384615386,109.05384615384617,109.06153846153846,109.06923076923077,109.07692307692308,109.08461538461539,109.0923076923077,109.10000000000001,109.10769230769232,109.11538461538463,109.12307692307692,109.13076923076923,109.13846153846154,109.14615384615385,109.15384615384616,109.16153846153847,109.16923076923078,109.17692307692309,109.18461538461538,109.1923076923077,109.2,109.20769230769231,109.21538461538462,109.22307692307693,109.23076923076924,109.23846153846155,109.24615384615385,109.25384615384615,109.26153846153846,109.26923076923077,109.27692307692308,109.28461538461539,109.2923076923077,109.30000000000001,109.30769230769232,109.31538461538462,109.32307692307693,109.33076923076923,109.33846153846154,109.34615384615385,109.35384615384616,109.36153846153847,109.36923076923078,109.37692307692308,109.38461538461539,109.3923076923077,109.4,109.40769230769232,109.41538461538462,109.42307692307693,109.43076923076924,109.43846153846154,109.44615384615385,109.45384615384616,109.46153846153847,109.46923076923078,109.47692307692309,109.4846153846154,109.4923076923077,109.5,109.50769230769231,109.51538461538462,109.52307692307693,109.53076923076924,109.53846153846155,109.54615384615386,109.55384615384617,109.56153846153846,109.56923076923077,109.57692307692308,109.58461538461539,109.5923076923077,109.60000000000001,109.60769230769232,109.61538461538463,109.62307692307692,109.63076923076923,109.63846153846154,109.64615384615385,109.65384615384616,109.66153846153847,109.66923076923078,109.67692307692309,109.68461538461538,109.6923076923077,109.7,109.70769230769231,109.71538461538462,109.72307692307693,109.73076923076924,109.73846153846155,109.74615384615385,109.75384615384615,109.76153846153846,109.76923076923077,109.77692307692308,109.78461538461539,109.7923076923077,109.80000000000001,109.80769230769232,109.81538461538462,109.82307692307693,109.83076923076923,109.83846153846154,109.84615384615385,109.85384615384616,109.86153846153847,109.86923076923078,109.87692307692308,109.88461538461539,109.8923076923077,109.9,109.90769230769232,109.91538461538462,109.92307692307693,109.93076923076924,109.93846153846154,109.94615384615385,109.95384615384616,109.96153846153847,109.96923076923078,109.97692307692309,109.9846153846154,109.9923076923077,110.0,110.00769230769231,110.01538461538462,110.02307692307693,110.03076923076924,110.03846153846155,110.04615384615386,110.05384615384617,110.06153846153846,110.06923076923077,110.07692307692308,110.08461538461539,110.0923076923077,110.10000000000001,110.10769230769232,110.11538461538463,110.12307692307692,110.13076923076923,110.13846153846154,110.14615384615385,110.15384615384616,110.16153846153847,110.16923076923078,110.17692307692309,110.18461538461538,110.1923076923077,110.2,110.20769230769231,110.21538461538462,110.22307692307693,110.23076923076924,110.23846153846155,110.24615384615385,110.25384615384615,110.26153846153846,110.26923076923077,110.27692307692308,110.28461538461539,110.2923076923077,110.30000000000001,110.30769230769232,110.31538461538462,110.32307692307693,110.33076923076923,110.33846153846154,110.34615384615385,110.35384615384616,110.36153846153847,110.36923076923078,110.37692307692308,110.38461538461539,110.3923076923077,110.4,110.40769230769232,110.41538461538462,110.42307692307693,110.43076923076924,110.43846153846154,110.44615384615385,110.45384615384616,110.46153846153847,110.46923076923078,110.47692307692309,110.4846153846154,110.4923076923077,110.5,110.50769230769231,110.51538461538462,110.52307692307693,110.53076923076924,110.53846153846155,110.54615384615386,110.55384615384617,110.56153846153846,110.56923076923077,110.57692307692308,110.58461538461539,110.5923076923077,110.60000000000001,110.60769230769232,110.61538461538463,110.62307692307692,110.63076923076923,110.63846153846154,110.64615384615385,110.65384615384616,110.66153846153847,110.66923076923078,110.67692307692309,110.68461538461538,110.6923076923077,110.7,110.70769230769231,110.71538461538462,110.72307692307693,110.73076923076924,110.73846153846155,110.74615384615385,110.75384615384615,110.76153846153846,110.76923076923077,110.77692307692308,110.78461538461539,110.7923076923077,110.80000000000001,110.80769230769232,110.81538461538462,110.82307692307693,110.83076923076923,110.83846153846154,110.84615384615385,110.85384615384616,110.86153846153847,110.86923076923078,110.87692307692308,110.88461538461539,110.8923076923077,110.9,110.90769230769232,110.91538461538462,110.92307692307693,110.93076923076924,110.93846153846154,110.94615384615385,110.95384615384616,110.96153846153847,110.96923076923078,110.97692307692309,110.9846153846154,110.9923076923077,111.0,111.00769230769231,111.01538461538462,111.02307692307693,111.03076923076924,111.03846153846155,111.04615384615386,111.05384615384617,111.06153846153846,111.06923076923077,111.07692307692308,111.08461538461539,111.0923076923077,111.10000000000001,111.10769230769232,111.11538461538463,111.12307692307692,111.13076923076923,111.13846153846154,111.14615384615385,111.15384615384616,111.16153846153847,111.16923076923078,111.17692307692309,111.18461538461538,111.1923076923077,111.2,111.20769230769231,111.21538461538462,111.22307692307693,111.23076923076924,111.23846153846155,111.24615384615385,111.25384615384615,111.26153846153846,111.26923076923077,111.27692307692308,111.28461538461539,111.2923076923077,111.30000000000001,111.30769230769232,111.31538461538462,111.32307692307693,111.33076923076923,111.33846153846154,111.34615384615385,111.35384615384616,111.36153846153847,111.36923076923078,111.37692307692308,111.38461538461539,111.3923076923077,111.4,111.40769230769232,111.41538461538462,111.42307692307693,111.43076923076924,111.43846153846154,111.44615384615385,111.45384615384616,111.46153846153847,111.46923076923078,111.47692307692309,111.4846153846154,111.4923076923077,111.5,111.50769230769231,111.51538461538462,111.52307692307693,111.53076923076924,111.53846153846155,111.54615384615386,111.55384615384617,111.56153846153846,111.56923076923077,111.57692307692308,111.58461538461539,111.5923076923077,111.60000000000001,111.60769230769232,111.61538461538463,111.62307692307692,111.63076923076923,111.63846153846154,111.64615384615385,111.65384615384616,111.66153846153847,111.66923076923078,111.67692307692309,111.68461538461538,111.6923076923077,111.7,111.70769230769231,111.71538461538462,111.72307692307693,111.73076923076924,111.73846153846155,111.74615384615385,111.75384615384615,111.76153846153846,111.76923076923077,111.77692307692308,111.78461538461539,111.7923076923077,111.80000000000001,111.80769230769232,111.81538461538462,111.82307692307693,111.83076923076923,111.83846153846154,111.84615384615385,111.85384615384616,111.86153846153847,111.86923076923078,111.87692307692308,111.88461538461539,111.8923076923077,111.9,111.90769230769232,111.91538461538462,111.92307692307693,111.93076923076924,111.93846153846154,111.94615384615385,111.95384615384616,111.96153846153847,111.96923076923078,111.97692307692309,111.9846153846154,111.9923076923077,112.0,112.00769230769231,112.01538461538462,112.02307692307693,112.03076923076924,112.03846153846155,112.04615384615386,112.05384615384617,112.06153846153846,112.06923076923077,112.07692307692308,112.08461538461539,112.0923076923077,112.10000000000001,112.10769230769232,112.11538461538463,112.12307692307692,112.13076923076923,112.13846153846154,112.14615384615385,112.15384615384616,112.16153846153847,112.16923076923078,112.17692307692309,112.18461538461538,112.1923076923077,112.2,112.20769230769231,112.21538461538462,112.22307692307693,112.23076923076924,112.23846153846155,112.24615384615385,112.25384615384615,112.26153846153846,112.26923076923077,112.27692307692308,112.28461538461539,112.2923076923077,112.30000000000001,112.30769230769232,112.31538461538462,112.32307692307693,112.33076923076923,112.33846153846154,112.34615384615385,112.35384615384616,112.36153846153847,112.36923076923078,112.37692307692308,112.38461538461539,112.3923076923077,112.4,112.40769230769232,112.41538461538462,112.42307692307693,112.43076923076924,112.43846153846154,112.44615384615385,112.45384615384616,112.46153846153847,112.46923076923078,112.47692307692309,112.4846153846154,112.4923076923077,112.5,112.50769230769231,112.51538461538462,112.52307692307693,112.53076923076924,112.53846153846155,112.54615384615386,112.55384615384617,112.56153846153846,112.56923076923077,112.57692307692308,112.58461538461539,112.5923076923077,112.60000000000001,112.60769230769232,112.61538461538463,112.62307692307692,112.63076923076923,112.63846153846154,112.64615384615385,112.65384615384616,112.66153846153847,112.66923076923078,112.67692307692309,112.68461538461538,112.6923076923077,112.7,112.70769230769231,112.71538461538462,112.72307692307693,112.73076923076924,112.73846153846155,112.74615384615386,112.75384615384615,112.76153846153846,112.76923076923077,112.77692307692308,112.78461538461539,112.7923076923077,112.80000000000001,112.80769230769232,112.81538461538462,112.82307692307693,112.83076923076923,112.83846153846154,112.84615384615385,112.85384615384616,112.86153846153847,112.86923076923078,112.87692307692308,112.88461538461539,112.8923076923077,112.9,112.90769230769232,112.91538461538462,112.92307692307693,112.93076923076924,112.93846153846154,112.94615384615385,112.95384615384616,112.96153846153847,112.96923076923078,112.97692307692309,112.9846153846154,112.9923076923077,113.0,113.00769230769231,113.01538461538462,113.02307692307693,113.03076923076924,113.03846153846155,113.04615384615386,113.05384615384617,113.06153846153846,113.06923076923077,113.07692307692308,113.08461538461539,113.0923076923077,113.10000000000001,113.10769230769232,113.11538461538463,113.12307692307692,113.13076923076923,113.13846153846154,113.14615384615385,113.15384615384616,113.16153846153847,113.16923076923078,113.17692307692309,113.18461538461538,113.1923076923077,113.2,113.20769230769231,113.21538461538462,113.22307692307693,113.23076923076924,113.23846153846155,113.24615384615386,113.25384615384615,113.26153846153846,113.26923076923077,113.27692307692308,113.28461538461539,113.2923076923077,113.30000000000001,113.30769230769232,113.31538461538462,113.32307692307693,113.33076923076923,113.33846153846154,113.34615384615385,113.35384615384616,113.36153846153847,113.36923076923078,113.37692307692308,113.38461538461539,113.3923076923077,113.4,113.40769230769232,113.41538461538462,113.42307692307693,113.43076923076924,113.43846153846154,113.44615384615385,113.45384615384616,113.46153846153847,113.46923076923078,113.47692307692309,113.4846153846154,113.4923076923077,113.5,113.50769230769231,113.51538461538462,113.52307692307693,113.53076923076924,113.53846153846155,113.54615384615386,113.55384615384617,113.56153846153846,113.56923076923077,113.57692307692308,113.58461538461539,113.5923076923077,113.60000000000001,113.60769230769232,113.61538461538463,113.62307692307692,113.63076923076923,113.63846153846154,113.64615384615385,113.65384615384616,113.66153846153847,113.66923076923078,113.67692307692309,113.68461538461538,113.6923076923077,113.7,113.70769230769231,113.71538461538462,113.72307692307693,113.73076923076924,113.73846153846155,113.74615384615386,113.75384615384615,113.76153846153846,113.76923076923077,113.77692307692308,113.78461538461539,113.7923076923077,113.80000000000001,113.80769230769232,113.81538461538462,113.82307692307693,113.83076923076923,113.83846153846154,113.84615384615385,113.85384615384616,113.86153846153847,113.86923076923078,113.87692307692308,113.88461538461539,113.8923076923077,113.9,113.90769230769232,113.91538461538462,113.92307692307693,113.93076923076924,113.93846153846154,113.94615384615385,113.95384615384616,113.96153846153847,113.96923076923078,113.97692307692309,113.9846153846154,113.9923076923077,114.0,114.00769230769231,114.01538461538462,114.02307692307693,114.03076923076924,114.03846153846155,114.04615384615386,114.05384615384617,114.06153846153846,114.06923076923077,114.07692307692308,114.08461538461539,114.0923076923077,114.10000000000001,114.10769230769232,114.11538461538463,114.12307692307692,114.13076923076923,114.13846153846154,114.14615384615385,114.15384615384616,114.16153846153847,114.16923076923078,114.17692307692309,114.18461538461538,114.1923076923077,114.2,114.20769230769231,114.21538461538462,114.22307692307693,114.23076923076924,114.23846153846155,114.24615384615386,114.25384615384615,114.26153846153846,114.26923076923077,114.27692307692308,114.28461538461539,114.2923076923077,114.30000000000001,114.30769230769232,114.31538461538462,114.32307692307693,114.33076923076923,114.33846153846154,114.34615384615385,114.35384615384616,114.36153846153847,114.36923076923078,114.37692307692308,114.38461538461539,114.3923076923077,114.4,114.40769230769232,114.41538461538462,114.42307692307693,114.43076923076924,114.43846153846154,114.44615384615385,114.45384615384616,114.46153846153847,114.46923076923078,114.47692307692309,114.4846153846154,114.4923076923077,114.5,114.50769230769231,114.51538461538462,114.52307692307693,114.53076923076924,114.53846153846155,114.54615384615386,114.55384615384617,114.56153846153846,114.56923076923077,114.57692307692308,114.58461538461539,114.5923076923077,114.60000000000001,114.60769230769232,114.61538461538463,114.62307692307692,114.63076923076923,114.63846153846154,114.64615384615385,114.65384615384616,114.66153846153847,114.66923076923078,114.67692307692309,114.68461538461538,114.6923076923077,114.7,114.70769230769231,114.71538461538462,114.72307692307693,114.73076923076924,114.73846153846155,114.74615384615386,114.75384615384615,114.76153846153846,114.76923076923077,114.77692307692308,114.78461538461539,114.7923076923077,114.80000000000001,114.80769230769232,114.81538461538462,114.82307692307693,114.83076923076923,114.83846153846154,114.84615384615385,114.85384615384616,114.86153846153847,114.86923076923078,114.87692307692308,114.88461538461539,114.8923076923077,114.9,114.90769230769232,114.91538461538462,114.92307692307693,114.93076923076924,114.93846153846154,114.94615384615385,114.95384615384616,114.96153846153847,114.96923076923078,114.97692307692309,114.9846153846154,114.9923076923077,115.0,115.00769230769231,115.01538461538462,115.02307692307693,115.03076923076924,115.03846153846155,115.04615384615386,115.05384615384617,115.06153846153846,115.06923076923077,115.07692307692308,115.08461538461539,115.0923076923077,115.10000000000001,115.10769230769232,115.11538461538463,115.12307692307692,115.13076923076923,115.13846153846154,115.14615384615385,115.15384615384616,115.16153846153847,115.16923076923078,115.17692307692309,115.18461538461538,115.1923076923077,115.2,115.20769230769231,115.21538461538462,115.22307692307693,115.23076923076924,115.23846153846155,115.24615384615386,115.25384615384615,115.26153846153846,115.26923076923077,115.27692307692308,115.28461538461539,115.2923076923077,115.30000000000001,115.30769230769232,115.31538461538462,115.32307692307693,115.33076923076923,115.33846153846154,115.34615384615385,115.35384615384616,115.36153846153847,115.36923076923078,115.37692307692308,115.38461538461539,115.3923076923077,115.4,115.40769230769232,115.41538461538462,115.42307692307693,115.43076923076924,115.43846153846154,115.44615384615385,115.45384615384616,115.46153846153847,115.46923076923078,115.47692307692309,115.4846153846154,115.4923076923077,115.5,115.50769230769231,115.51538461538462,115.52307692307693,115.53076923076924,115.53846153846155,115.54615384615386,115.55384615384617,115.56153846153846,115.56923076923077,115.57692307692308,115.58461538461539,115.5923076923077,115.60000000000001,115.60769230769232,115.61538461538463,115.62307692307692,115.63076923076923,115.63846153846154,115.64615384615385,115.65384615384616,115.66153846153847,115.66923076923078,115.67692307692309,115.68461538461538,115.6923076923077,115.7,115.70769230769231,115.71538461538462,115.72307692307693,115.73076923076924,115.73846153846155,115.74615384615386,115.75384615384615,115.76153846153846,115.76923076923077,115.77692307692308,115.78461538461539,115.7923076923077,115.80000000000001,115.80769230769232,115.81538461538462,115.82307692307693,115.83076923076923,115.83846153846154,115.84615384615385,115.85384615384616,115.86153846153847,115.86923076923078,115.87692307692308,115.88461538461539,115.8923076923077,115.9,115.90769230769232,115.91538461538462,115.92307692307693,115.93076923076924,115.93846153846154,115.94615384615385,115.95384615384616,115.96153846153847,115.96923076923078,115.97692307692309,115.9846153846154,115.9923076923077,116.0,116.00769230769231,116.01538461538462,116.02307692307693,116.03076923076924,116.03846153846155,116.04615384615386,116.05384615384617,116.06153846153846,116.06923076923077,116.07692307692308,116.08461538461539,116.0923076923077,116.10000000000001,116.10769230769232,116.11538461538463,116.12307692307692,116.13076923076923,116.13846153846154,116.14615384615385,116.15384615384616,116.16153846153847,116.16923076923078,116.17692307692309,116.1846153846154,116.1923076923077,116.2,116.20769230769231,116.21538461538462,116.22307692307693,116.23076923076924,116.23846153846155,116.24615384615386,116.25384615384615,116.26153846153846,116.26923076923077,116.27692307692308,116.28461538461539,116.2923076923077,116.30000000000001,116.30769230769232,116.31538461538462,116.32307692307693,116.33076923076923,116.33846153846154,116.34615384615385,116.35384615384616,116.36153846153847,116.36923076923078,116.37692307692308,116.38461538461539,116.3923076923077,116.4,116.40769230769232,116.41538461538462,116.42307692307693,116.43076923076924,116.43846153846154,116.44615384615385,116.45384615384616,116.46153846153847,116.46923076923078,116.47692307692309,116.4846153846154,116.4923076923077,116.5,116.50769230769231,116.51538461538462,116.52307692307693,116.53076923076924,116.53846153846155,116.54615384615386,116.55384615384617,116.56153846153846,116.56923076923077,116.57692307692308,116.58461538461539,116.5923076923077,116.60000000000001,116.60769230769232,116.61538461538463,116.62307692307692,116.63076923076923,116.63846153846154,116.64615384615385,116.65384615384616,116.66153846153847,116.66923076923078,116.67692307692309,116.6846153846154,116.6923076923077,116.7,116.70769230769231,116.71538461538462,116.72307692307693,116.73076923076924,116.73846153846155,116.74615384615386,116.75384615384615,116.76153846153846,116.76923076923077,116.77692307692308,116.78461538461539,116.7923076923077,116.80000000000001,116.80769230769232,116.81538461538462,116.82307692307693,116.83076923076923,116.83846153846154,116.84615384615385,116.85384615384616,116.86153846153847,116.86923076923078,116.87692307692308,116.88461538461539,116.8923076923077,116.9,116.90769230769232,116.91538461538462,116.92307692307693,116.93076923076924,116.93846153846154,116.94615384615385,116.95384615384616,116.96153846153847,116.96923076923078,116.97692307692309,116.9846153846154,116.9923076923077,117.0,117.00769230769231,117.01538461538462,117.02307692307693,117.03076923076924,117.03846153846155,117.04615384615386,117.05384615384617,117.06153846153846,117.06923076923077,117.07692307692308,117.08461538461539,117.0923076923077,117.10000000000001,117.10769230769232,117.11538461538463,117.12307692307692,117.13076923076923,117.13846153846154,117.14615384615385,117.15384615384616,117.16153846153847,117.16923076923078,117.17692307692309,117.1846153846154,117.1923076923077,117.2,117.20769230769231,117.21538461538462,117.22307692307693,117.23076923076924,117.23846153846155,117.24615384615386,117.25384615384615,117.26153846153846,117.26923076923077,117.27692307692308,117.28461538461539,117.2923076923077,117.30000000000001,117.30769230769232,117.31538461538462,117.32307692307693,117.33076923076923,117.33846153846154,117.34615384615385,117.35384615384616,117.36153846153847,117.36923076923078,117.37692307692308,117.38461538461539,117.3923076923077,117.4,117.40769230769232,117.41538461538462,117.42307692307693,117.43076923076924,117.43846153846154,117.44615384615385,117.45384615384616,117.46153846153847,117.46923076923078,117.47692307692309,117.4846153846154,117.4923076923077,117.5,117.50769230769231,117.51538461538462,117.52307692307693,117.53076923076924,117.53846153846155,117.54615384615386,117.55384615384617,117.56153846153846,117.56923076923077,117.57692307692308,117.58461538461539,117.5923076923077,117.60000000000001,117.60769230769232,117.61538461538463,117.62307692307692,117.63076923076923,117.63846153846154,117.64615384615385,117.65384615384616,117.66153846153847,117.66923076923078,117.67692307692309,117.6846153846154,117.6923076923077,117.7,117.70769230769231,117.71538461538462,117.72307692307693,117.73076923076924,117.73846153846155,117.74615384615386,117.75384615384615,117.76153846153846,117.76923076923077,117.77692307692308,117.78461538461539,117.7923076923077,117.80000000000001,117.80769230769232,117.81538461538462,117.82307692307693,117.83076923076923,117.83846153846154,117.84615384615385,117.85384615384616,117.86153846153847,117.86923076923078,117.87692307692308,117.88461538461539,117.8923076923077,117.9,117.90769230769232,117.91538461538462,117.92307692307693,117.93076923076924,117.93846153846154,117.94615384615385,117.95384615384616,117.96153846153847,117.96923076923078,117.97692307692309,117.9846153846154,117.9923076923077,118.0,118.00769230769231,118.01538461538462,118.02307692307693,118.03076923076924,118.03846153846155,118.04615384615386,118.05384615384617,118.06153846153846,118.06923076923077,118.07692307692308,118.08461538461539,118.0923076923077,118.10000000000001,118.10769230769232,118.11538461538463,118.12307692307692,118.13076923076923,118.13846153846154,118.14615384615385,118.15384615384616,118.16153846153847,118.16923076923078,118.17692307692309,118.1846153846154,118.1923076923077,118.2,118.20769230769231,118.21538461538462,118.22307692307693,118.23076923076924,118.23846153846155,118.24615384615386,118.25384615384615,118.26153846153846,118.26923076923077,118.27692307692308,118.28461538461539,118.2923076923077,118.30000000000001,118.30769230769232,118.31538461538462,118.32307692307693,118.33076923076923,118.33846153846154,118.34615384615385,118.35384615384616,118.36153846153847,118.36923076923078,118.37692307692308,118.38461538461539,118.3923076923077,118.4,118.40769230769232,118.41538461538462,118.42307692307693,118.43076923076924,118.43846153846154,118.44615384615385,118.45384615384616,118.46153846153847,118.46923076923078,118.47692307692309,118.4846153846154,118.4923076923077,118.5,118.50769230769231,118.51538461538462,118.52307692307693,118.53076923076924,118.53846153846155,118.54615384615386,118.55384615384617,118.56153846153846,118.56923076923077,118.57692307692308,118.58461538461539,118.5923076923077,118.60000000000001,118.60769230769232,118.61538461538463,118.62307692307692,118.63076923076923,118.63846153846154,118.64615384615385,118.65384615384616,118.66153846153847,118.66923076923078,118.67692307692309,118.6846153846154,118.6923076923077,118.7,118.70769230769231,118.71538461538462,118.72307692307693,118.73076923076924,118.73846153846155,118.74615384615386,118.75384615384615,118.76153846153846,118.76923076923077,118.77692307692308,118.78461538461539,118.7923076923077,118.80000000000001,118.80769230769232,118.81538461538462,118.82307692307693,118.83076923076923,118.83846153846154,118.84615384615385,118.85384615384616,118.86153846153847,118.86923076923078,118.87692307692308,118.88461538461539,118.8923076923077,118.9,118.90769230769232,118.91538461538462,118.92307692307693,118.93076923076924,118.93846153846154,118.94615384615385,118.95384615384616,118.96153846153847,118.96923076923078,118.97692307692309,118.9846153846154,118.9923076923077,119.0,119.00769230769231,119.01538461538462,119.02307692307693,119.03076923076924,119.03846153846155,119.04615384615386,119.05384615384617,119.06153846153846,119.06923076923077,119.07692307692308,119.08461538461539,119.0923076923077,119.10000000000001,119.10769230769232,119.11538461538463,119.12307692307692,119.13076923076923,119.13846153846154,119.14615384615385,119.15384615384616,119.16153846153847,119.16923076923078,119.17692307692309,119.1846153846154,119.1923076923077,119.2,119.20769230769231,119.21538461538462,119.22307692307693,119.23076923076924,119.23846153846155,119.24615384615386,119.25384615384615,119.26153846153846,119.26923076923077,119.27692307692308,119.28461538461539,119.2923076923077,119.30000000000001,119.30769230769232,119.31538461538462,119.32307692307693,119.33076923076923,119.33846153846154,119.34615384615385,119.35384615384616,119.36153846153847,119.36923076923078,119.37692307692308,119.38461538461539,119.3923076923077,119.4,119.40769230769232,119.41538461538462,119.42307692307693,119.43076923076924,119.43846153846154,119.44615384615385,119.45384615384616,119.46153846153847,119.46923076923078,119.47692307692309,119.4846153846154,119.4923076923077,119.5,119.50769230769231,119.51538461538462,119.52307692307693,119.53076923076924,119.53846153846155,119.54615384615386,119.55384615384617,119.56153846153846,119.56923076923077,119.57692307692308,119.58461538461539,119.5923076923077,119.60000000000001,119.60769230769232,119.61538461538463,119.62307692307692,119.63076923076923,119.63846153846154,119.64615384615385,119.65384615384616,119.66153846153847,119.66923076923078,119.67692307692309,119.6846153846154,119.6923076923077,119.7,119.70769230769231,119.71538461538462,119.72307692307693,119.73076923076924,119.73846153846155,119.74615384615386,119.75384615384615,119.76153846153846,119.76923076923077,119.77692307692308,119.78461538461539,119.7923076923077,119.80000000000001,119.80769230769232,119.81538461538462,119.82307692307693,119.83076923076923,119.83846153846154,119.84615384615385,119.85384615384616,119.86153846153847,119.86923076923078,119.87692307692308,119.88461538461539,119.8923076923077,119.9,119.90769230769232,119.91538461538462,119.92307692307693,119.93076923076924,119.93846153846154,119.94615384615385,119.95384615384616,119.96153846153847,119.96923076923078,119.97692307692309,119.9846153846154,119.9923076923077,120.0,120.00769230769231,120.01538461538462,120.02307692307693,120.03076923076924,120.03846153846155,120.04615384615386,120.05384615384617,120.06153846153846,120.06923076923077,120.07692307692308,120.08461538461539,120.0923076923077,120.10000000000001,120.10769230769232,120.11538461538463,120.12307692307692,120.13076923076923,120.13846153846154,120.14615384615385,120.15384615384616,120.16153846153847,120.16923076923078,120.17692307692309,120.1846153846154,120.1923076923077,120.2,120.20769230769231,120.21538461538462,120.22307692307693,120.23076923076924,120.23846153846155,120.24615384615386,120.25384615384615,120.26153846153846,120.26923076923077,120.27692307692308,120.28461538461539,120.2923076923077,120.30000000000001,120.30769230769232,120.31538461538462,120.32307692307693,120.33076923076923,120.33846153846154,120.34615384615385,120.35384615384616,120.36153846153847,120.36923076923078,120.37692307692308,120.38461538461539,120.3923076923077,120.4,120.40769230769232,120.41538461538462,120.42307692307693,120.43076923076924,120.43846153846154,120.44615384615385,120.45384615384616,120.46153846153847,120.46923076923078,120.47692307692309,120.4846153846154,120.4923076923077,120.5,120.50769230769231,120.51538461538462,120.52307692307693,120.53076923076924,120.53846153846155,120.54615384615386,120.55384615384617,120.56153846153846,120.56923076923077,120.57692307692308,120.58461538461539,120.5923076923077,120.60000000000001,120.60769230769232,120.61538461538463,120.62307692307694,120.63076923076923,120.63846153846154,120.64615384615385,120.65384615384616,120.66153846153847,120.66923076923078,120.67692307692309,120.6846153846154,120.6923076923077,120.7,120.70769230769231,120.71538461538462,120.72307692307693,120.73076923076924,120.73846153846155,120.74615384615386,120.75384615384615,120.76153846153846,120.76923076923077,120.77692307692308,120.78461538461539,120.7923076923077,120.80000000000001,120.80769230769232,120.81538461538462,120.82307692307693,120.83076923076923,120.83846153846154,120.84615384615385,120.85384615384616,120.86153846153847,120.86923076923078,120.87692307692308,120.88461538461539,120.8923076923077,120.9,120.90769230769232,120.91538461538462,120.92307692307693,120.93076923076924,120.93846153846154,120.94615384615385,120.95384615384616,120.96153846153847,120.96923076923078,120.97692307692309,120.9846153846154,120.9923076923077,121.0,121.00769230769231,121.01538461538462,121.02307692307693,121.03076923076924,121.03846153846155,121.04615384615386,121.05384615384617,121.06153846153846,121.06923076923077,121.07692307692308,121.08461538461539,121.0923076923077,121.10000000000001,121.10769230769232,121.11538461538463,121.12307692307694,121.13076923076923,121.13846153846154,121.14615384615385,121.15384615384616,121.16153846153847,121.16923076923078,121.17692307692309,121.1846153846154,121.1923076923077,121.2,121.20769230769231,121.21538461538462,121.22307692307693,121.23076923076924,121.23846153846155,121.24615384615386,121.25384615384615,121.26153846153846,121.26923076923077,121.27692307692308,121.28461538461539,121.2923076923077,121.30000000000001,121.30769230769232,121.31538461538462,121.32307692307693,121.33076923076923,121.33846153846154,121.34615384615385,121.35384615384616,121.36153846153847,121.36923076923078,121.37692307692308,121.38461538461539,121.3923076923077,121.4,121.40769230769232,121.41538461538462,121.42307692307693,121.43076923076924,121.43846153846154,121.44615384615385,121.45384615384616,121.46153846153847,121.46923076923078,121.47692307692309,121.4846153846154,121.4923076923077,121.5,121.50769230769231,121.51538461538462,121.52307692307693,121.53076923076924,121.53846153846155,121.54615384615386,121.55384615384617,121.56153846153846,121.56923076923077,121.57692307692308,121.58461538461539,121.5923076923077,121.60000000000001,121.60769230769232,121.61538461538463,121.62307692307694,121.63076923076923,121.63846153846154,121.64615384615385,121.65384615384616,121.66153846153847,121.66923076923078,121.67692307692309,121.6846153846154,121.6923076923077,121.7,121.70769230769231,121.71538461538462,121.72307692307693,121.73076923076924,121.73846153846155,121.74615384615386,121.75384615384615,121.76153846153846,121.76923076923077,121.77692307692308,121.78461538461539,121.7923076923077,121.80000000000001,121.80769230769232,121.81538461538462,121.82307692307693,121.83076923076923,121.83846153846154,121.84615384615385,121.85384615384616,121.86153846153847,121.86923076923078,121.87692307692308,121.88461538461539,121.8923076923077,121.9,121.90769230769232,121.91538461538462,121.92307692307693,121.93076923076924,121.93846153846154,121.94615384615385,121.95384615384616,121.96153846153847,121.96923076923078,121.97692307692309,121.9846153846154,121.9923076923077,122.0,122.00769230769231,122.01538461538462,122.02307692307693,122.03076923076924,122.03846153846155,122.04615384615386,122.05384615384617,122.06153846153846,122.06923076923077,122.07692307692308,122.08461538461539,122.0923076923077,122.10000000000001,122.10769230769232,122.11538461538463,122.12307692307694,122.13076923076923,122.13846153846154,122.14615384615385,122.15384615384616,122.16153846153847,122.16923076923078,122.17692307692309,122.1846153846154,122.1923076923077,122.2,122.20769230769231,122.21538461538462,122.22307692307693,122.23076923076924,122.23846153846155,122.24615384615386,122.25384615384615,122.26153846153846,122.26923076923077,122.27692307692308,122.28461538461539,122.2923076923077,122.30000000000001,122.30769230769232,122.31538461538462,122.32307692307693,122.33076923076923,122.33846153846154,122.34615384615385,122.35384615384616,122.36153846153847,122.36923076923078,122.37692307692308,122.38461538461539,122.3923076923077,122.4,122.40769230769232,122.41538461538462,122.42307692307693,122.43076923076924,122.43846153846154,122.44615384615385,122.45384615384616,122.46153846153847,122.46923076923078,122.47692307692309,122.4846153846154,122.4923076923077,122.5,122.50769230769231,122.51538461538462,122.52307692307693,122.53076923076924,122.53846153846155,122.54615384615386,122.55384615384617,122.56153846153846,122.56923076923077,122.57692307692308,122.58461538461539,122.5923076923077,122.60000000000001,122.60769230769232,122.61538461538463,122.62307692307694,122.63076923076923,122.63846153846154,122.64615384615385,122.65384615384616,122.66153846153847,122.66923076923078,122.67692307692309,122.6846153846154,122.6923076923077,122.7,122.70769230769231,122.71538461538462,122.72307692307693,122.73076923076924,122.73846153846155,122.74615384615386,122.75384615384615,122.76153846153846,122.76923076923077,122.77692307692308,122.78461538461539,122.7923076923077,122.80000000000001,122.80769230769232,122.81538461538462,122.82307692307693,122.83076923076923,122.83846153846154,122.84615384615385,122.85384615384616,122.86153846153847,122.86923076923078,122.87692307692308,122.88461538461539,122.8923076923077,122.9,122.90769230769232,122.91538461538462,122.92307692307693,122.93076923076924,122.93846153846154,122.94615384615385,122.95384615384616,122.96153846153847,122.96923076923078,122.97692307692309,122.9846153846154,122.9923076923077,123.0,123.00769230769231,123.01538461538462,123.02307692307693,123.03076923076924,123.03846153846155,123.04615384615386,123.05384615384617,123.06153846153846,123.06923076923077,123.07692307692308,123.08461538461539,123.0923076923077,123.10000000000001,123.10769230769232,123.11538461538463,123.12307692307694,123.13076923076923,123.13846153846154,123.14615384615385,123.15384615384616,123.16153846153847,123.16923076923078,123.17692307692309,123.1846153846154,123.1923076923077,123.2,123.20769230769231,123.21538461538462,123.22307692307693,123.23076923076924,123.23846153846155,123.24615384615386,123.25384615384615,123.26153846153846,123.26923076923077,123.27692307692308,123.28461538461539,123.2923076923077,123.30000000000001,123.30769230769232,123.31538461538462,123.32307692307693,123.33076923076923,123.33846153846154,123.34615384615385,123.35384615384616,123.36153846153847,123.36923076923078,123.37692307692308,123.38461538461539,123.3923076923077,123.4,123.40769230769232,123.41538461538462,123.42307692307693,123.43076923076924,123.43846153846154,123.44615384615385,123.45384615384616,123.46153846153847,123.46923076923078,123.47692307692309,123.4846153846154,123.4923076923077,123.5,123.50769230769231,123.51538461538462,123.52307692307693,123.53076923076924,123.53846153846155,123.54615384615386,123.55384615384617,123.56153846153846,123.56923076923077,123.57692307692308,123.58461538461539,123.5923076923077,123.60000000000001,123.60769230769232,123.61538461538463,123.62307692307694,123.63076923076923,123.63846153846154,123.64615384615385,123.65384615384616,123.66153846153847,123.66923076923078,123.67692307692309,123.6846153846154,123.6923076923077,123.7,123.70769230769231,123.71538461538462,123.72307692307693,123.73076923076924,123.73846153846155,123.74615384615386,123.75384615384615,123.76153846153846,123.76923076923077,123.77692307692308,123.78461538461539,123.7923076923077,123.80000000000001,123.80769230769232,123.81538461538462,123.82307692307693,123.83076923076923,123.83846153846154,123.84615384615385,123.85384615384616,123.86153846153847,123.86923076923078,123.87692307692308,123.88461538461539,123.8923076923077,123.9,123.90769230769232,123.91538461538462,123.92307692307693,123.93076923076924,123.93846153846154,123.94615384615385,123.95384615384616,123.96153846153847,123.96923076923078,123.97692307692309,123.9846153846154,123.9923076923077,124.0,124.00769230769231,124.01538461538462,124.02307692307693,124.03076923076924,124.03846153846155,124.04615384615386,124.05384615384617,124.06153846153848,124.06923076923077,124.07692307692308,124.08461538461539,124.0923076923077,124.10000000000001,124.10769230769232,124.11538461538463,124.12307692307694,124.13076923076923,124.13846153846154,124.14615384615385,124.15384615384616,124.16153846153847,124.16923076923078,124.17692307692309,124.1846153846154,124.1923076923077,124.2,124.20769230769231,124.21538461538462,124.22307692307693,124.23076923076924,124.23846153846155,124.24615384615386,124.25384615384615,124.26153846153846,124.26923076923077,124.27692307692308,124.28461538461539,124.2923076923077,124.30000000000001,124.30769230769232,124.31538461538462,124.32307692307693,124.33076923076923,124.33846153846154,124.34615384615385,124.35384615384616,124.36153846153847,124.36923076923078,124.37692307692308,124.38461538461539,124.3923076923077,124.4,124.40769230769232,124.41538461538462,124.42307692307693,124.43076923076924,124.43846153846154,124.44615384615385,124.45384615384616,124.46153846153847,124.46923076923078,124.47692307692309,124.4846153846154,124.4923076923077,124.5,124.50769230769231,124.51538461538462,124.52307692307693,124.53076923076924,124.53846153846155,124.54615384615386,124.55384615384617,124.56153846153848,124.56923076923077,124.57692307692308,124.58461538461539,124.5923076923077,124.60000000000001,124.60769230769232,124.61538461538463,124.62307692307694,124.63076923076923,124.63846153846154,124.64615384615385,124.65384615384616,124.66153846153847,124.66923076923078,124.67692307692309,124.6846153846154,124.6923076923077,124.7,124.70769230769231,124.71538461538462,124.72307692307693,124.73076923076924,124.73846153846155,124.74615384615386,124.75384615384615,124.76153846153846,124.76923076923077,124.77692307692308,124.78461538461539,124.7923076923077,124.80000000000001,124.80769230769232,124.81538461538462,124.82307692307693,124.83076923076923,124.83846153846154,124.84615384615385,124.85384615384616,124.86153846153847,124.86923076923078,124.87692307692308,124.88461538461539,124.8923076923077,124.9,124.90769230769232,124.91538461538462,124.92307692307693,124.93076923076924,124.93846153846154,124.94615384615385,124.95384615384616,124.96153846153847,124.96923076923078,124.97692307692309,124.9846153846154,124.9923076923077,125.0,125.00769230769231,125.01538461538462,125.02307692307693,125.03076923076924,125.03846153846155,125.04615384615386,125.05384615384617,125.06153846153848,125.06923076923077,125.07692307692308,125.08461538461539,125.0923076923077,125.10000000000001,125.10769230769232,125.11538461538463,125.12307692307694,125.13076923076923,125.13846153846154,125.14615384615385,125.15384615384616,125.16153846153847,125.16923076923078,125.17692307692309,125.1846153846154,125.1923076923077,125.2,125.20769230769231,125.21538461538462,125.22307692307693,125.23076923076924,125.23846153846155,125.24615384615386,125.25384615384615,125.26153846153846,125.26923076923077,125.27692307692308,125.28461538461539,125.2923076923077,125.30000000000001,125.30769230769232,125.31538461538462,125.32307692307693,125.33076923076923,125.33846153846154,125.34615384615385,125.35384615384616,125.36153846153847,125.36923076923078,125.37692307692308,125.38461538461539,125.3923076923077,125.4,125.40769230769232,125.41538461538462,125.42307692307693,125.43076923076924,125.43846153846154,125.44615384615385,125.45384615384616,125.46153846153847,125.46923076923078,125.47692307692309,125.4846153846154,125.4923076923077,125.5,125.50769230769231,125.51538461538462,125.52307692307693,125.53076923076924,125.53846153846155,125.54615384615386,125.55384615384617,125.56153846153848,125.56923076923077,125.57692307692308,125.58461538461539,125.5923076923077,125.60000000000001,125.60769230769232,125.61538461538463,125.62307692307694,125.63076923076923,125.63846153846154,125.64615384615385,125.65384615384616,125.66153846153847,125.66923076923078,125.67692307692309,125.6846153846154,125.6923076923077,125.7,125.70769230769231,125.71538461538462,125.72307692307693,125.73076923076924,125.73846153846155,125.74615384615386,125.75384615384615,125.76153846153846,125.76923076923077,125.77692307692308,125.78461538461539,125.7923076923077,125.80000000000001,125.80769230769232,125.81538461538462,125.82307692307693,125.83076923076923,125.83846153846154,125.84615384615385,125.85384615384616,125.86153846153847,125.86923076923078,125.87692307692308,125.88461538461539,125.8923076923077,125.9,125.90769230769232,125.91538461538462,125.92307692307693,125.93076923076924,125.93846153846154,125.94615384615385,125.95384615384616,125.96153846153847,125.96923076923078,125.97692307692309,125.9846153846154,125.9923076923077,126.0,126.00769230769231,126.01538461538462,126.02307692307693,126.03076923076924,126.03846153846155,126.04615384615386,126.05384615384617,126.06153846153848,126.06923076923077,126.07692307692308,126.08461538461539,126.0923076923077,126.10000000000001,126.10769230769232,126.11538461538463,126.12307692307694,126.13076923076923,126.13846153846154,126.14615384615385,126.15384615384616,126.16153846153847,126.16923076923078,126.17692307692309,126.1846153846154,126.1923076923077,126.2,126.20769230769231,126.21538461538462,126.22307692307693,126.23076923076924,126.23846153846155,126.24615384615386,126.25384615384615,126.26153846153846,126.26923076923077,126.27692307692308,126.28461538461539,126.2923076923077,126.30000000000001,126.30769230769232,126.31538461538462,126.32307692307693,126.33076923076923,126.33846153846154,126.34615384615385,126.35384615384616,126.36153846153847,126.36923076923078,126.37692307692308,126.38461538461539,126.3923076923077,126.4,126.40769230769232,126.41538461538462,126.42307692307693,126.43076923076924,126.43846153846154,126.44615384615385,126.45384615384616,126.46153846153847,126.46923076923078,126.47692307692309,126.4846153846154,126.4923076923077,126.5,126.50769230769231,126.51538461538462,126.52307692307693,126.53076923076924,126.53846153846155,126.54615384615386,126.55384615384617,126.56153846153848,126.56923076923077,126.57692307692308,126.58461538461539,126.5923076923077,126.60000000000001,126.60769230769232,126.61538461538463,126.62307692307694,126.63076923076923,126.63846153846154,126.64615384615385,126.65384615384616,126.66153846153847,126.66923076923078,126.67692307692309,126.6846153846154,126.6923076923077,126.7,126.70769230769231,126.71538461538462,126.72307692307693,126.73076923076924,126.73846153846155,126.74615384615386,126.75384615384615,126.76153846153846,126.76923076923077,126.77692307692308,126.78461538461539,126.7923076923077,126.80000000000001,126.80769230769232,126.81538461538462,126.82307692307693,126.83076923076923,126.83846153846154,126.84615384615385,126.85384615384616,126.86153846153847,126.86923076923078,126.87692307692308,126.88461538461539,126.8923076923077,126.9,126.90769230769232,126.91538461538462,126.92307692307693,126.93076923076924,126.93846153846154,126.94615384615385,126.95384615384616,126.96153846153847,126.96923076923078,126.97692307692309,126.9846153846154,126.9923076923077,127.0,127.00769230769231,127.01538461538462,127.02307692307693,127.03076923076924,127.03846153846155,127.04615384615386,127.05384615384617,127.06153846153848,127.06923076923077,127.07692307692308,127.08461538461539,127.0923076923077,127.10000000000001,127.10769230769232,127.11538461538463,127.12307692307694,127.13076923076923,127.13846153846154,127.14615384615385,127.15384615384616,127.16153846153847,127.16923076923078,127.17692307692309,127.1846153846154,127.1923076923077,127.2,127.20769230769231,127.21538461538462,127.22307692307693,127.23076923076924,127.23846153846155,127.24615384615386,127.25384615384615,127.26153846153846,127.26923076923077,127.27692307692308,127.28461538461539,127.2923076923077,127.30000000000001,127.30769230769232,127.31538461538462,127.32307692307693,127.33076923076923,127.33846153846154,127.34615384615385,127.35384615384616,127.36153846153847,127.36923076923078,127.37692307692308,127.38461538461539,127.3923076923077,127.4,127.40769230769232,127.41538461538462,127.42307692307693,127.43076923076924,127.43846153846154,127.44615384615385,127.45384615384616,127.46153846153847,127.46923076923078,127.47692307692309,127.4846153846154,127.4923076923077,127.5,127.50769230769231,127.51538461538462,127.52307692307693,127.53076923076924,127.53846153846155,127.54615384615386,127.55384615384617,127.56153846153848,127.56923076923077,127.57692307692308,127.58461538461539,127.5923076923077,127.60000000000001,127.60769230769232,127.61538461538463,127.62307692307694,127.63076923076923,127.63846153846154,127.64615384615385,127.65384615384616,127.66153846153847,127.66923076923078,127.67692307692309,127.6846153846154,127.6923076923077,127.7,127.70769230769231,127.71538461538462,127.72307692307693,127.73076923076924,127.73846153846155,127.74615384615386,127.75384615384615,127.76153846153846,127.76923076923077,127.77692307692308,127.78461538461539,127.7923076923077,127.80000000000001,127.80769230769232,127.81538461538462,127.82307692307693,127.83076923076923,127.83846153846154,127.84615384615385,127.85384615384616,127.86153846153847,127.86923076923078,127.87692307692308,127.88461538461539,127.8923076923077,127.9,127.90769230769232,127.91538461538462,127.92307692307693,127.93076923076924,127.93846153846154,127.94615384615385,127.95384615384616,127.96153846153847,127.96923076923078,127.97692307692309,127.9846153846154,127.9923076923077,128.0,128.0076923076923,128.01538461538462,128.02307692307693,128.03076923076924,128.03846153846155,128.04615384615386,128.05384615384617,128.06153846153848,128.06923076923078,128.0769230769231,128.0846153846154,128.0923076923077,128.1,128.1076923076923,128.1153846153846,128.12307692307692,128.13076923076923,128.13846153846154,128.14615384615385,128.15384615384616,128.16153846153847,128.16923076923078,128.1769230769231,128.1846153846154,128.1923076923077,128.20000000000002,128.20769230769233,128.21538461538464,128.22307692307692,128.23076923076923,128.23846153846154,128.24615384615385,128.25384615384615,128.26153846153846,128.26923076923077,128.27692307692308,128.2846153846154,128.2923076923077,128.3,128.30769230769232,128.31538461538463,128.32307692307694,128.33076923076925,128.33846153846156,128.34615384615384,128.35384615384615,128.36153846153846,128.36923076923077,128.37692307692308,128.3846153846154,128.3923076923077,128.4,128.40769230769232,128.41538461538462,128.42307692307693,128.43076923076924,128.43846153846155,128.44615384615386,128.45384615384617,128.46153846153848,128.46923076923076,128.47692307692307,128.48461538461538,128.4923076923077,128.5,128.5076923076923,128.51538461538462,128.52307692307693,128.53076923076924,128.53846153846155,128.54615384615386,128.55384615384617,128.56153846153848,128.56923076923078,128.5769230769231,128.5846153846154,128.5923076923077,128.6,128.6076923076923,128.6153846153846,128.62307692307692,128.63076923076923,128.63846153846154,128.64615384615385,128.65384615384616,128.66153846153847,128.66923076923078,128.6769230769231,128.6846153846154,128.6923076923077,128.70000000000002,128.70769230769233,128.71538461538464,128.72307692307692,128.73076923076923,128.73846153846154,128.74615384615385,128.75384615384615,128.76153846153846,128.76923076923077,128.77692307692308,128.7846153846154,128.7923076923077,128.8,128.80769230769232,128.81538461538463,128.82307692307694,128.83076923076925,128.83846153846156,128.84615384615384,128.85384615384615,128.86153846153846,128.86923076923077,128.87692307692308,128.8846153846154,128.8923076923077,128.9,128.90769230769232,128.91538461538462,128.92307692307693,128.93076923076924,128.93846153846155,128.94615384615386,128.95384615384617,128.96153846153848,128.96923076923076,128.97692307692307,128.98461538461538,128.9923076923077,129.0,129.0076923076923,129.01538461538462,129.02307692307693,129.03076923076924,129.03846153846155,129.04615384615386,129.05384615384617,129.06153846153848,129.06923076923078,129.0769230769231,129.0846153846154,129.0923076923077,129.1,129.1076923076923,129.1153846153846,129.12307692307692,129.13076923076923,129.13846153846154,129.14615384615385,129.15384615384616,129.16153846153847,129.16923076923078,129.1769230769231,129.1846153846154,129.1923076923077,129.20000000000002,129.20769230769233,129.21538461538464,129.22307692307692,129.23076923076923,129.23846153846154,129.24615384615385,129.25384615384615,129.26153846153846,129.26923076923077,129.27692307692308,129.2846153846154,129.2923076923077,129.3,129.30769230769232,129.31538461538463,129.32307692307694,129.33076923076925,129.33846153846156,129.34615384615384,129.35384615384615,129.36153846153846,129.36923076923077,129.37692307692308,129.3846153846154,129.3923076923077,129.4,129.40769230769232,129.41538461538462,129.42307692307693,129.43076923076924,129.43846153846155,129.44615384615386,129.45384615384617,129.46153846153848,129.46923076923076,129.47692307692307,129.48461538461538,129.4923076923077,129.5,129.5076923076923,129.51538461538462,129.52307692307693,129.53076923076924,129.53846153846155,129.54615384615386,129.55384615384617,129.56153846153848,129.56923076923078,129.5769230769231,129.5846153846154,129.5923076923077,129.6,129.6076923076923,129.6153846153846,129.62307692307692,129.63076923076923,129.63846153846154,129.64615384615385,129.65384615384616,129.66153846153847,129.66923076923078,129.6769230769231,129.6846153846154,129.6923076923077,129.70000000000002,129.70769230769233,129.71538461538464,129.72307692307692,129.73076923076923,129.73846153846154,129.74615384615385,129.75384615384615,129.76153846153846,129.76923076923077,129.77692307692308,129.7846153846154,129.7923076923077,129.8,129.80769230769232,129.81538461538463,129.82307692307694,129.83076923076925,129.83846153846156,129.84615384615384,129.85384615384615,129.86153846153846,129.86923076923077,129.87692307692308,129.8846153846154,129.8923076923077,129.9,129.90769230769232,129.91538461538462,129.92307692307693,129.93076923076924,129.93846153846155,129.94615384615386,129.95384615384617,129.96153846153848,129.96923076923076,129.97692307692307,129.98461538461538,129.9923076923077,130.0,130.0076923076923,130.01538461538462,130.02307692307693,130.03076923076924,130.03846153846155,130.04615384615386,130.05384615384617,130.06153846153848,130.06923076923078,130.0769230769231,130.0846153846154,130.0923076923077,130.1,130.1076923076923,130.1153846153846,130.12307692307692,130.13076923076923,130.13846153846154,130.14615384615385,130.15384615384616,130.16153846153847,130.16923076923078,130.1769230769231,130.1846153846154,130.1923076923077,130.20000000000002,130.20769230769233,130.21538461538464,130.22307692307692,130.23076923076923,130.23846153846154,130.24615384615385,130.25384615384615,130.26153846153846,130.26923076923077,130.27692307692308,130.2846153846154,130.2923076923077,130.3,130.30769230769232,130.31538461538463,130.32307692307694,130.33076923076925,130.33846153846156,130.34615384615384,130.35384615384615,130.36153846153846,130.36923076923077,130.37692307692308,130.3846153846154,130.3923076923077,130.4,130.40769230769232,130.41538461538462,130.42307692307693,130.43076923076924,130.43846153846155,130.44615384615386,130.45384615384617,130.46153846153848,130.4692307692308,130.47692307692307,130.48461538461538,130.4923076923077,130.5,130.5076923076923,130.51538461538462,130.52307692307693,130.53076923076924,130.53846153846155,130.54615384615386,130.55384615384617,130.56153846153848,130.56923076923078,130.5769230769231,130.5846153846154,130.5923076923077,130.6,130.6076923076923,130.6153846153846,130.62307692307692,130.63076923076923,130.63846153846154,130.64615384615385,130.65384615384616,130.66153846153847,130.66923076923078,130.6769230769231,130.6846153846154,130.6923076923077,130.70000000000002,130.70769230769233,130.71538461538464,130.72307692307692,130.73076923076923,130.73846153846154,130.74615384615385,130.75384615384615,130.76153846153846,130.76923076923077,130.77692307692308,130.7846153846154,130.7923076923077,130.8,130.80769230769232,130.81538461538463,130.82307692307694,130.83076923076925,130.83846153846156,130.84615384615384,130.85384615384615,130.86153846153846,130.86923076923077,130.87692307692308,130.8846153846154,130.8923076923077,130.9,130.90769230769232,130.91538461538462,130.92307692307693,130.93076923076924,130.93846153846155,130.94615384615386,130.95384615384617,130.96153846153848,130.9692307692308,130.97692307692307,130.98461538461538,130.9923076923077,131.0,131.0076923076923,131.01538461538462,131.02307692307693,131.03076923076924,131.03846153846155,131.04615384615386,131.05384615384617,131.06153846153848,131.06923076923078,131.0769230769231,131.0846153846154,131.0923076923077,131.1,131.1076923076923,131.1153846153846,131.12307692307692,131.13076923076923,131.13846153846154,131.14615384615385,131.15384615384616,131.16153846153847,131.16923076923078,131.1769230769231,131.1846153846154,131.1923076923077,131.20000000000002,131.20769230769233,131.21538461538464,131.22307692307692,131.23076923076923,131.23846153846154,131.24615384615385,131.25384615384615,131.26153846153846,131.26923076923077,131.27692307692308,131.2846153846154,131.2923076923077,131.3,131.30769230769232,131.31538461538463,131.32307692307694,131.33076923076925,131.33846153846156,131.34615384615384,131.35384615384615,131.36153846153846,131.36923076923077,131.37692307692308,131.3846153846154,131.3923076923077,131.4,131.40769230769232,131.41538461538462,131.42307692307693,131.43076923076924,131.43846153846155,131.44615384615386,131.45384615384617,131.46153846153848,131.4692307692308,131.47692307692307,131.48461538461538,131.4923076923077,131.5,131.5076923076923,131.51538461538462,131.52307692307693,131.53076923076924,131.53846153846155,131.54615384615386,131.55384615384617,131.56153846153848,131.56923076923078,131.5769230769231,131.5846153846154,131.5923076923077,131.6,131.6076923076923,131.6153846153846,131.62307692307692,131.63076923076923,131.63846153846154,131.64615384615385,131.65384615384616,131.66153846153847,131.66923076923078,131.6769230769231,131.6846153846154,131.6923076923077,131.70000000000002,131.70769230769233,131.71538461538464,131.72307692307692,131.73076923076923,131.73846153846154,131.74615384615385,131.75384615384615,131.76153846153846,131.76923076923077,131.77692307692308,131.7846153846154,131.7923076923077,131.8,131.80769230769232,131.81538461538463,131.82307692307694,131.83076923076925,131.83846153846156,131.84615384615384,131.85384615384615,131.86153846153846,131.86923076923077,131.87692307692308,131.8846153846154,131.8923076923077,131.9,131.90769230769232,131.91538461538462,131.92307692307693,131.93076923076924,131.93846153846155,131.94615384615386,131.95384615384617,131.96153846153848,131.9692307692308,131.97692307692307,131.98461538461538,131.9923076923077,132.0,132.0076923076923,132.01538461538462,132.02307692307693,132.03076923076924,132.03846153846155,132.04615384615386,132.05384615384617,132.06153846153848,132.06923076923078,132.0769230769231,132.0846153846154,132.0923076923077,132.1,132.1076923076923,132.1153846153846,132.12307692307692,132.13076923076923,132.13846153846154,132.14615384615385,132.15384615384616,132.16153846153847,132.16923076923078,132.1769230769231,132.1846153846154,132.1923076923077,132.20000000000002,132.20769230769233,132.21538461538464,132.22307692307692,132.23076923076923,132.23846153846154,132.24615384615385,132.25384615384615,132.26153846153846,132.26923076923077,132.27692307692308,132.2846153846154,132.2923076923077,132.3,132.30769230769232,132.31538461538463,132.32307692307694,132.33076923076925,132.33846153846156,132.34615384615384,132.35384615384615,132.36153846153846,132.36923076923077,132.37692307692308,132.3846153846154,132.3923076923077,132.4,132.40769230769232,132.41538461538462,132.42307692307693,132.43076923076924,132.43846153846155,132.44615384615386,132.45384615384617,132.46153846153848,132.4692307692308,132.47692307692307,132.48461538461538,132.4923076923077,132.5,132.5076923076923,132.51538461538462,132.52307692307693,132.53076923076924,132.53846153846155,132.54615384615386,132.55384615384617,132.56153846153848,132.56923076923078,132.5769230769231,132.5846153846154,132.5923076923077,132.6,132.6076923076923,132.6153846153846,132.62307692307692,132.63076923076923,132.63846153846154,132.64615384615385,132.65384615384616,132.66153846153847,132.66923076923078,132.6769230769231,132.6846153846154,132.6923076923077,132.70000000000002,132.70769230769233,132.71538461538464,132.72307692307692,132.73076923076923,132.73846153846154,132.74615384615385,132.75384615384615,132.76153846153846,132.76923076923077,132.77692307692308,132.7846153846154,132.7923076923077,132.8,132.80769230769232,132.81538461538463,132.82307692307694,132.83076923076925,132.83846153846156,132.84615384615384,132.85384615384615,132.86153846153846,132.86923076923077,132.87692307692308,132.8846153846154,132.8923076923077,132.9,132.90769230769232,132.91538461538462,132.92307692307693,132.93076923076924,132.93846153846155,132.94615384615386,132.95384615384617,132.96153846153848,132.9692307692308,132.97692307692307,132.98461538461538,132.9923076923077,133.0,133.0076923076923,133.01538461538462,133.02307692307693,133.03076923076924,133.03846153846155,133.04615384615386,133.05384615384617,133.06153846153848,133.06923076923078,133.0769230769231,133.0846153846154,133.0923076923077,133.1,133.1076923076923,133.1153846153846,133.12307692307692,133.13076923076923,133.13846153846154,133.14615384615385,133.15384615384616,133.16153846153847,133.16923076923078,133.1769230769231,133.1846153846154,133.1923076923077,133.20000000000002,133.20769230769233,133.21538461538464,133.22307692307692,133.23076923076923,133.23846153846154,133.24615384615385,133.25384615384615,133.26153846153846,133.26923076923077,133.27692307692308,133.2846153846154,133.2923076923077,133.3,133.30769230769232,133.31538461538463,133.32307692307694,133.33076923076925,133.33846153846156,133.34615384615384,133.35384615384615,133.36153846153846,133.36923076923077,133.37692307692308,133.3846153846154,133.3923076923077,133.4,133.40769230769232,133.41538461538462,133.42307692307693,133.43076923076924,133.43846153846155,133.44615384615386,133.45384615384617,133.46153846153848,133.4692307692308,133.47692307692307,133.48461538461538,133.4923076923077,133.5,133.5076923076923,133.51538461538462,133.52307692307693,133.53076923076924,133.53846153846155,133.54615384615386,133.55384615384617,133.56153846153848,133.56923076923078,133.5769230769231,133.5846153846154,133.5923076923077,133.6,133.6076923076923,133.6153846153846,133.62307692307692,133.63076923076923,133.63846153846154,133.64615384615385,133.65384615384616,133.66153846153847,133.66923076923078,133.6769230769231,133.6846153846154,133.6923076923077,133.70000000000002,133.70769230769233,133.71538461538464,133.72307692307692,133.73076923076923,133.73846153846154,133.74615384615385,133.75384615384615,133.76153846153846,133.76923076923077,133.77692307692308,133.7846153846154,133.7923076923077,133.8,133.80769230769232,133.81538461538463,133.82307692307694,133.83076923076925,133.83846153846156,133.84615384615384,133.85384615384615,133.86153846153846,133.86923076923077,133.87692307692308,133.8846153846154,133.8923076923077,133.9,133.90769230769232,133.91538461538462,133.92307692307693,133.93076923076924,133.93846153846155,133.94615384615386,133.95384615384617,133.96153846153848,133.9692307692308,133.97692307692307,133.98461538461538,133.9923076923077,134.0,134.0076923076923,134.01538461538462,134.02307692307693,134.03076923076924,134.03846153846155,134.04615384615386,134.05384615384617,134.06153846153848,134.06923076923078,134.0769230769231,134.0846153846154,134.0923076923077,134.1,134.1076923076923,134.1153846153846,134.12307692307692,134.13076923076923,134.13846153846154,134.14615384615385,134.15384615384616,134.16153846153847,134.16923076923078,134.1769230769231,134.1846153846154,134.1923076923077,134.20000000000002,134.20769230769233,134.21538461538464,134.22307692307692,134.23076923076923,134.23846153846154,134.24615384615385,134.25384615384615,134.26153846153846,134.26923076923077,134.27692307692308,134.2846153846154,134.2923076923077,134.3,134.30769230769232,134.31538461538463,134.32307692307694,134.33076923076925,134.33846153846156,134.34615384615384,134.35384615384615,134.36153846153846,134.36923076923077,134.37692307692308,134.3846153846154,134.3923076923077,134.4,134.40769230769232,134.41538461538462,134.42307692307693,134.43076923076924,134.43846153846155,134.44615384615386,134.45384615384617,134.46153846153848,134.4692307692308,134.47692307692307,134.48461538461538,134.4923076923077,134.5,134.5076923076923,134.51538461538462,134.52307692307693,134.53076923076924,134.53846153846155,134.54615384615386,134.55384615384617,134.56153846153848,134.56923076923078,134.5769230769231,134.5846153846154,134.5923076923077,134.6,134.6076923076923,134.6153846153846,134.62307692307692,134.63076923076923,134.63846153846154,134.64615384615385,134.65384615384616,134.66153846153847,134.66923076923078,134.6769230769231,134.6846153846154,134.6923076923077,134.70000000000002,134.70769230769233,134.71538461538464,134.72307692307692,134.73076923076923,134.73846153846154,134.74615384615385,134.75384615384615,134.76153846153846,134.76923076923077,134.77692307692308,134.7846153846154,134.7923076923077,134.8,134.80769230769232,134.81538461538463,134.82307692307694,134.83076923076925,134.83846153846156,134.84615384615384,134.85384615384615,134.86153846153846,134.86923076923077,134.87692307692308,134.8846153846154,134.8923076923077,134.9,134.90769230769232,134.91538461538462,134.92307692307693,134.93076923076924,134.93846153846155,134.94615384615386,134.95384615384617,134.96153846153848,134.9692307692308,134.97692307692307,134.98461538461538,134.9923076923077,135.0,135.0076923076923,135.01538461538462,135.02307692307693,135.03076923076924,135.03846153846155,135.04615384615386,135.05384615384617,135.06153846153848,135.06923076923078,135.0769230769231,135.0846153846154,135.0923076923077,135.1,135.1076923076923,135.1153846153846,135.12307692307692,135.13076923076923,135.13846153846154,135.14615384615385,135.15384615384616,135.16153846153847,135.16923076923078,135.1769230769231,135.1846153846154,135.1923076923077,135.20000000000002,135.20769230769233,135.21538461538464,135.22307692307692,135.23076923076923,135.23846153846154,135.24615384615385,135.25384615384615,135.26153846153846,135.26923076923077,135.27692307692308,135.2846153846154,135.2923076923077,135.3,135.30769230769232,135.31538461538463,135.32307692307694,135.33076923076925,135.33846153846156,135.34615384615384,135.35384615384615,135.36153846153846,135.36923076923077,135.37692307692308,135.3846153846154,135.3923076923077,135.4,135.40769230769232,135.41538461538462,135.42307692307693,135.43076923076924,135.43846153846155,135.44615384615386,135.45384615384617,135.46153846153848,135.4692307692308,135.47692307692307,135.48461538461538,135.4923076923077,135.5,135.5076923076923,135.51538461538462,135.52307692307693,135.53076923076924,135.53846153846155,135.54615384615386,135.55384615384617,135.56153846153848,135.56923076923078,135.5769230769231,135.5846153846154,135.5923076923077,135.6,135.6076923076923,135.6153846153846,135.62307692307692,135.63076923076923,135.63846153846154,135.64615384615385,135.65384615384616,135.66153846153847,135.66923076923078,135.6769230769231,135.6846153846154,135.6923076923077,135.70000000000002,135.70769230769233,135.71538461538464,135.72307692307692,135.73076923076923,135.73846153846154,135.74615384615385,135.75384615384615,135.76153846153846,135.76923076923077,135.77692307692308,135.7846153846154,135.7923076923077,135.8,135.80769230769232,135.81538461538463,135.82307692307694,135.83076923076925,135.83846153846156,135.84615384615384,135.85384615384615,135.86153846153846,135.86923076923077,135.87692307692308,135.8846153846154,135.8923076923077,135.9,135.90769230769232,135.91538461538462,135.92307692307693,135.93076923076924,135.93846153846155,135.94615384615386,135.95384615384617,135.96153846153848,135.9692307692308,135.97692307692307,135.98461538461538,135.9923076923077,136.0,136.0076923076923,136.01538461538462,136.02307692307693,136.03076923076924,136.03846153846155,136.04615384615386,136.05384615384617,136.06153846153848,136.06923076923078,136.0769230769231,136.0846153846154,136.0923076923077,136.1,136.1076923076923,136.1153846153846,136.12307692307692,136.13076923076923,136.13846153846154,136.14615384615385,136.15384615384616,136.16153846153847,136.16923076923078,136.1769230769231,136.1846153846154,136.1923076923077,136.20000000000002,136.20769230769233,136.21538461538464,136.22307692307692,136.23076923076923,136.23846153846154,136.24615384615385,136.25384615384615,136.26153846153846,136.26923076923077,136.27692307692308,136.2846153846154,136.2923076923077,136.3,136.30769230769232,136.31538461538463,136.32307692307694,136.33076923076925,136.33846153846156,136.34615384615384,136.35384615384615,136.36153846153846,136.36923076923077,136.37692307692308,136.3846153846154,136.3923076923077,136.4,136.40769230769232,136.41538461538462,136.42307692307693,136.43076923076924,136.43846153846155,136.44615384615386,136.45384615384617,136.46153846153848,136.4692307692308,136.47692307692307,136.48461538461538,136.4923076923077,136.5,136.5076923076923,136.51538461538462,136.52307692307693,136.53076923076924,136.53846153846155,136.54615384615386,136.55384615384617,136.56153846153848,136.56923076923078,136.5769230769231,136.5846153846154,136.5923076923077,136.6,136.6076923076923,136.6153846153846,136.62307692307692,136.63076923076923,136.63846153846154,136.64615384615385,136.65384615384616,136.66153846153847,136.66923076923078,136.6769230769231,136.6846153846154,136.6923076923077,136.70000000000002,136.70769230769233,136.71538461538464,136.72307692307692,136.73076923076923,136.73846153846154,136.74615384615385,136.75384615384615,136.76153846153846,136.76923076923077,136.77692307692308,136.7846153846154,136.7923076923077,136.8,136.80769230769232,136.81538461538463,136.82307692307694,136.83076923076925,136.83846153846156,136.84615384615384,136.85384615384615,136.86153846153846,136.86923076923077,136.87692307692308,136.8846153846154,136.8923076923077,136.9,136.90769230769232,136.91538461538462,136.92307692307693,136.93076923076924,136.93846153846155,136.94615384615386,136.95384615384617,136.96153846153848,136.9692307692308,136.97692307692307,136.98461538461538,136.9923076923077,137.0,137.0076923076923,137.01538461538462,137.02307692307693,137.03076923076924,137.03846153846155,137.04615384615386,137.05384615384617,137.06153846153848,137.06923076923078,137.0769230769231,137.0846153846154,137.0923076923077,137.1,137.1076923076923,137.1153846153846,137.12307692307692,137.13076923076923,137.13846153846154,137.14615384615385,137.15384615384616,137.16153846153847,137.16923076923078,137.1769230769231,137.1846153846154,137.1923076923077,137.20000000000002,137.20769230769233,137.21538461538464,137.22307692307692,137.23076923076923,137.23846153846154,137.24615384615385,137.25384615384615,137.26153846153846,137.26923076923077,137.27692307692308,137.2846153846154,137.2923076923077,137.3,137.30769230769232,137.31538461538463,137.32307692307694,137.33076923076925,137.33846153846156,137.34615384615384,137.35384615384615,137.36153846153846,137.36923076923077,137.37692307692308,137.3846153846154,137.3923076923077,137.4,137.40769230769232,137.41538461538462,137.42307692307693,137.43076923076924,137.43846153846155,137.44615384615386,137.45384615384617,137.46153846153848,137.4692307692308,137.47692307692307,137.48461538461538,137.4923076923077,137.5,137.5076923076923,137.51538461538462,137.52307692307693,137.53076923076924,137.53846153846155,137.54615384615386,137.55384615384617,137.56153846153848,137.56923076923078,137.5769230769231,137.5846153846154,137.5923076923077,137.6,137.6076923076923,137.6153846153846,137.62307692307692,137.63076923076923,137.63846153846154,137.64615384615385,137.65384615384616,137.66153846153847,137.66923076923078,137.6769230769231,137.6846153846154,137.6923076923077,137.70000000000002,137.70769230769233,137.71538461538464,137.72307692307692,137.73076923076923,137.73846153846154,137.74615384615385,137.75384615384615,137.76153846153846,137.76923076923077,137.77692307692308,137.7846153846154,137.7923076923077,137.8,137.80769230769232,137.81538461538463,137.82307692307694,137.83076923076925,137.83846153846156,137.84615384615387,137.85384615384615,137.86153846153846,137.86923076923077,137.87692307692308,137.8846153846154,137.8923076923077,137.9,137.90769230769232,137.91538461538462,137.92307692307693,137.93076923076924,137.93846153846155,137.94615384615386,137.95384615384617,137.96153846153848,137.9692307692308,137.97692307692307,137.98461538461538,137.9923076923077,138.0,138.0076923076923,138.01538461538462,138.02307692307693,138.03076923076924,138.03846153846155,138.04615384615386,138.05384615384617,138.06153846153848,138.06923076923078,138.0769230769231,138.0846153846154,138.0923076923077,138.1,138.1076923076923,138.1153846153846,138.12307692307692,138.13076923076923,138.13846153846154,138.14615384615385,138.15384615384616,138.16153846153847,138.16923076923078,138.1769230769231,138.1846153846154,138.1923076923077,138.20000000000002,138.20769230769233,138.21538461538464,138.22307692307692,138.23076923076923,138.23846153846154,138.24615384615385,138.25384615384615,138.26153846153846,138.26923076923077,138.27692307692308,138.2846153846154,138.2923076923077,138.3,138.30769230769232,138.31538461538463,138.32307692307694,138.33076923076925,138.33846153846156,138.34615384615387,138.35384615384615,138.36153846153846,138.36923076923077,138.37692307692308,138.3846153846154,138.3923076923077,138.4,138.40769230769232,138.41538461538462,138.42307692307693,138.43076923076924,138.43846153846155,138.44615384615386,138.45384615384617,138.46153846153848,138.4692307692308,138.47692307692307,138.48461538461538,138.4923076923077,138.5,138.5076923076923,138.51538461538462,138.52307692307693,138.53076923076924,138.53846153846155,138.54615384615386,138.55384615384617,138.56153846153848,138.56923076923078,138.5769230769231,138.5846153846154,138.5923076923077,138.6,138.6076923076923,138.6153846153846,138.62307692307692,138.63076923076923,138.63846153846154,138.64615384615385,138.65384615384616,138.66153846153847,138.66923076923078,138.6769230769231,138.6846153846154,138.6923076923077,138.70000000000002,138.70769230769233,138.71538461538464,138.72307692307692,138.73076923076923,138.73846153846154,138.74615384615385,138.75384615384615,138.76153846153846,138.76923076923077,138.77692307692308,138.7846153846154,138.7923076923077,138.8,138.80769230769232,138.81538461538463,138.82307692307694,138.83076923076925,138.83846153846156,138.84615384615387,138.85384615384615,138.86153846153846,138.86923076923077,138.87692307692308,138.8846153846154,138.8923076923077,138.9,138.90769230769232,138.91538461538462,138.92307692307693,138.93076923076924,138.93846153846155,138.94615384615386,138.95384615384617,138.96153846153848,138.9692307692308,138.97692307692307,138.98461538461538,138.9923076923077,139.0,139.0076923076923,139.01538461538462,139.02307692307693,139.03076923076924,139.03846153846155,139.04615384615386,139.05384615384617,139.06153846153848,139.06923076923078,139.0769230769231,139.0846153846154,139.0923076923077,139.1,139.1076923076923,139.1153846153846,139.12307692307692,139.13076923076923,139.13846153846154,139.14615384615385,139.15384615384616,139.16153846153847,139.16923076923078,139.1769230769231,139.1846153846154,139.1923076923077,139.20000000000002,139.20769230769233,139.21538461538464,139.22307692307692,139.23076923076923,139.23846153846154,139.24615384615385,139.25384615384615,139.26153846153846,139.26923076923077,139.27692307692308,139.2846153846154,139.2923076923077,139.3,139.30769230769232,139.31538461538463,139.32307692307694,139.33076923076925,139.33846153846156,139.34615384615387,139.35384615384615,139.36153846153846,139.36923076923077,139.37692307692308,139.3846153846154,139.3923076923077,139.4,139.40769230769232,139.41538461538462,139.42307692307693,139.43076923076924,139.43846153846155,139.44615384615386,139.45384615384617,139.46153846153848,139.4692307692308,139.47692307692307,139.48461538461538,139.4923076923077,139.5,139.5076923076923,139.51538461538462,139.52307692307693,139.53076923076924,139.53846153846155,139.54615384615386,139.55384615384617,139.56153846153848,139.56923076923078,139.5769230769231,139.5846153846154,139.5923076923077,139.6,139.6076923076923,139.6153846153846,139.62307692307692,139.63076923076923,139.63846153846154,139.64615384615385,139.65384615384616,139.66153846153847,139.66923076923078,139.6769230769231,139.6846153846154,139.6923076923077,139.70000000000002,139.70769230769233,139.71538461538464,139.72307692307692,139.73076923076923,139.73846153846154,139.74615384615385,139.75384615384615,139.76153846153846,139.76923076923077,139.77692307692308,139.7846153846154,139.7923076923077,139.8,139.80769230769232,139.81538461538463,139.82307692307694,139.83076923076925,139.83846153846156,139.84615384615387,139.85384615384615,139.86153846153846,139.86923076923077,139.87692307692308,139.8846153846154,139.8923076923077,139.9,139.90769230769232,139.91538461538462,139.92307692307693,139.93076923076924,139.93846153846155,139.94615384615386,139.95384615384617,139.96153846153848,139.9692307692308,139.97692307692307,139.98461538461538,139.9923076923077,140.0,140.0076923076923,140.01538461538462,140.02307692307693,140.03076923076924,140.03846153846155,140.04615384615386,140.05384615384617,140.06153846153848,140.06923076923078,140.0769230769231,140.0846153846154,140.0923076923077,140.1,140.1076923076923,140.1153846153846,140.12307692307692,140.13076923076923,140.13846153846154,140.14615384615385,140.15384615384616,140.16153846153847,140.16923076923078,140.1769230769231,140.1846153846154,140.1923076923077,140.20000000000002,140.20769230769233,140.21538461538464,140.22307692307692,140.23076923076923,140.23846153846154,140.24615384615385,140.25384615384615,140.26153846153846,140.26923076923077,140.27692307692308,140.2846153846154,140.2923076923077,140.3,140.30769230769232,140.31538461538463,140.32307692307694,140.33076923076925,140.33846153846156,140.34615384615387,140.35384615384615,140.36153846153846,140.36923076923077,140.37692307692308,140.3846153846154,140.3923076923077,140.4,140.40769230769232,140.41538461538462,140.42307692307693,140.43076923076924,140.43846153846155,140.44615384615386,140.45384615384617,140.46153846153848,140.4692307692308,140.47692307692307,140.48461538461538,140.4923076923077,140.5,140.5076923076923,140.51538461538462,140.52307692307693,140.53076923076924,140.53846153846155,140.54615384615386,140.55384615384617,140.56153846153848,140.56923076923078,140.5769230769231,140.5846153846154,140.5923076923077,140.6,140.6076923076923,140.6153846153846,140.62307692307692,140.63076923076923,140.63846153846154,140.64615384615385,140.65384615384616,140.66153846153847,140.66923076923078,140.6769230769231,140.6846153846154,140.6923076923077,140.70000000000002,140.70769230769233,140.71538461538464,140.72307692307692,140.73076923076923,140.73846153846154,140.74615384615385,140.75384615384615,140.76153846153846,140.76923076923077,140.77692307692308,140.7846153846154,140.7923076923077,140.8,140.80769230769232,140.81538461538463,140.82307692307694,140.83076923076925,140.83846153846156,140.84615384615387,140.85384615384615,140.86153846153846,140.86923076923077,140.87692307692308,140.8846153846154,140.8923076923077,140.9,140.90769230769232,140.91538461538462,140.92307692307693,140.93076923076924,140.93846153846155,140.94615384615386,140.95384615384617,140.96153846153848,140.9692307692308,140.97692307692307,140.98461538461538,140.9923076923077,141.0,141.0076923076923,141.01538461538462,141.02307692307693,141.03076923076924,141.03846153846155,141.04615384615386,141.05384615384617,141.06153846153848,141.06923076923078,141.0769230769231,141.0846153846154,141.0923076923077,141.1,141.1076923076923,141.1153846153846,141.12307692307692,141.13076923076923,141.13846153846154,141.14615384615385,141.15384615384616,141.16153846153847,141.16923076923078,141.1769230769231,141.1846153846154,141.1923076923077,141.20000000000002,141.20769230769233,141.21538461538464,141.22307692307692,141.23076923076923,141.23846153846154,141.24615384615385,141.25384615384615,141.26153846153846,141.26923076923077,141.27692307692308,141.2846153846154,141.2923076923077,141.3,141.30769230769232,141.31538461538463,141.32307692307694,141.33076923076925,141.33846153846156,141.34615384615387,141.35384615384615,141.36153846153846,141.36923076923077,141.37692307692308,141.3846153846154,141.3923076923077,141.4,141.40769230769232,141.41538461538462,141.42307692307693,141.43076923076924,141.43846153846155,141.44615384615386,141.45384615384617,141.46153846153848,141.4692307692308,141.47692307692307,141.48461538461538,141.4923076923077,141.5,141.5076923076923,141.51538461538462,141.52307692307693,141.53076923076924,141.53846153846155,141.54615384615386,141.55384615384617,141.56153846153848,141.56923076923078,141.5769230769231,141.5846153846154,141.5923076923077,141.6,141.6076923076923,141.6153846153846,141.62307692307692,141.63076923076923,141.63846153846154,141.64615384615385,141.65384615384616,141.66153846153847,141.66923076923078,141.6769230769231,141.6846153846154,141.6923076923077,141.70000000000002,141.70769230769233,141.71538461538464,141.72307692307692,141.73076923076923,141.73846153846154,141.74615384615385,141.75384615384615,141.76153846153846,141.76923076923077,141.77692307692308,141.7846153846154,141.7923076923077,141.8,141.80769230769232,141.81538461538463,141.82307692307694,141.83076923076925,141.83846153846156,141.84615384615387,141.85384615384615,141.86153846153846,141.86923076923077,141.87692307692308,141.8846153846154,141.8923076923077,141.9,141.90769230769232,141.91538461538462,141.92307692307693,141.93076923076924,141.93846153846155,141.94615384615386,141.95384615384617,141.96153846153848,141.9692307692308,141.97692307692307,141.98461538461538,141.9923076923077,142.0,142.0076923076923,142.01538461538462,142.02307692307693,142.03076923076924,142.03846153846155,142.04615384615386,142.05384615384617,142.06153846153848,142.06923076923078,142.0769230769231,142.0846153846154,142.0923076923077,142.1,142.1076923076923,142.1153846153846,142.12307692307692,142.13076923076923,142.13846153846154,142.14615384615385,142.15384615384616,142.16153846153847,142.16923076923078,142.1769230769231,142.1846153846154,142.1923076923077,142.20000000000002,142.20769230769233,142.21538461538464,142.22307692307692,142.23076923076923,142.23846153846154,142.24615384615385,142.25384615384615,142.26153846153846,142.26923076923077,142.27692307692308,142.2846153846154,142.2923076923077,142.3,142.30769230769232,142.31538461538463,142.32307692307694,142.33076923076925,142.33846153846156,142.34615384615387,142.35384615384615,142.36153846153846,142.36923076923077,142.37692307692308,142.3846153846154,142.3923076923077,142.4,142.40769230769232,142.41538461538462,142.42307692307693,142.43076923076924,142.43846153846155,142.44615384615386,142.45384615384617,142.46153846153848,142.4692307692308,142.47692307692307,142.48461538461538,142.4923076923077,142.5,142.5076923076923,142.51538461538462,142.52307692307693,142.53076923076924,142.53846153846155,142.54615384615386,142.55384615384617,142.56153846153848,142.56923076923078,142.5769230769231,142.5846153846154,142.5923076923077,142.6,142.6076923076923,142.6153846153846,142.62307692307692,142.63076923076923,142.63846153846154,142.64615384615385,142.65384615384616,142.66153846153847,142.66923076923078,142.6769230769231,142.6846153846154,142.6923076923077,142.70000000000002,142.70769230769233,142.71538461538464,142.72307692307692,142.73076923076923,142.73846153846154,142.74615384615385,142.75384615384615,142.76153846153846,142.76923076923077,142.77692307692308,142.7846153846154,142.7923076923077,142.8,142.80769230769232,142.81538461538463,142.82307692307694,142.83076923076925,142.83846153846156,142.84615384615387,142.85384615384615,142.86153846153846,142.86923076923077,142.87692307692308,142.8846153846154,142.8923076923077,142.9,142.90769230769232,142.91538461538462,142.92307692307693,142.93076923076924,142.93846153846155,142.94615384615386,142.95384615384617,142.96153846153848,142.9692307692308,142.97692307692307,142.98461538461538,142.9923076923077,143.0,143.0076923076923,143.01538461538462,143.02307692307693,143.03076923076924,143.03846153846155,143.04615384615386,143.05384615384617,143.06153846153848,143.06923076923078,143.0769230769231,143.0846153846154,143.0923076923077,143.1,143.1076923076923,143.1153846153846,143.12307692307692,143.13076923076923,143.13846153846154,143.14615384615385,143.15384615384616,143.16153846153847,143.16923076923078,143.1769230769231,143.1846153846154,143.1923076923077,143.20000000000002,143.20769230769233,143.21538461538464,143.22307692307692,143.23076923076923,143.23846153846154,143.24615384615385,143.25384615384615,143.26153846153846,143.26923076923077,143.27692307692308,143.2846153846154,143.2923076923077,143.3,143.30769230769232,143.31538461538463,143.32307692307694,143.33076923076925,143.33846153846156,143.34615384615387,143.35384615384615,143.36153846153846,143.36923076923077,143.37692307692308,143.3846153846154,143.3923076923077,143.4,143.40769230769232,143.41538461538462,143.42307692307693,143.43076923076924,143.43846153846155,143.44615384615386,143.45384615384617,143.46153846153848,143.4692307692308,143.47692307692307,143.48461538461538,143.4923076923077,143.5,143.5076923076923,143.51538461538462,143.52307692307693,143.53076923076924,143.53846153846155,143.54615384615386,143.55384615384617,143.56153846153848,143.56923076923078,143.5769230769231,143.5846153846154,143.5923076923077,143.6,143.6076923076923,143.6153846153846,143.62307692307692,143.63076923076923,143.63846153846154,143.64615384615385,143.65384615384616,143.66153846153847,143.66923076923078,143.6769230769231,143.6846153846154,143.6923076923077,143.70000000000002,143.70769230769233,143.71538461538464,143.72307692307692,143.73076923076923,143.73846153846154,143.74615384615385,143.75384615384615,143.76153846153846,143.76923076923077,143.77692307692308,143.7846153846154,143.7923076923077,143.8,143.80769230769232,143.81538461538463,143.82307692307694,143.83076923076925,143.83846153846156,143.84615384615387,143.85384615384615,143.86153846153846,143.86923076923077,143.87692307692308,143.8846153846154,143.8923076923077,143.9,143.90769230769232,143.91538461538462,143.92307692307693,143.93076923076924,143.93846153846155,143.94615384615386,143.95384615384617,143.96153846153848,143.9692307692308,143.97692307692307,143.98461538461538,143.9923076923077,144.0,144.0076923076923,144.01538461538462,144.02307692307693,144.03076923076924,144.03846153846155,144.04615384615386,144.05384615384617,144.06153846153848,144.06923076923078,144.0769230769231,144.0846153846154,144.0923076923077,144.1,144.1076923076923,144.1153846153846,144.12307692307692,144.13076923076923,144.13846153846154,144.14615384615385,144.15384615384616,144.16153846153847,144.16923076923078,144.1769230769231,144.1846153846154,144.1923076923077,144.20000000000002,144.20769230769233,144.21538461538464,144.22307692307692,144.23076923076923,144.23846153846154,144.24615384615385,144.25384615384615,144.26153846153846,144.26923076923077,144.27692307692308,144.2846153846154,144.2923076923077,144.3,144.30769230769232,144.31538461538463,144.32307692307694,144.33076923076925,144.33846153846156,144.34615384615387,144.35384615384615,144.36153846153846,144.36923076923077,144.37692307692308,144.3846153846154,144.3923076923077,144.4,144.40769230769232,144.41538461538462,144.42307692307693,144.43076923076924,144.43846153846155,144.44615384615386,144.45384615384617,144.46153846153848,144.4692307692308,144.47692307692307,144.48461538461538,144.4923076923077,144.5,144.5076923076923,144.51538461538462,144.52307692307693,144.53076923076924,144.53846153846155,144.54615384615386,144.55384615384617,144.56153846153848,144.56923076923078,144.5769230769231,144.5846153846154,144.5923076923077,144.6,144.6076923076923,144.6153846153846,144.62307692307692,144.63076923076923,144.63846153846154,144.64615384615385,144.65384615384616,144.66153846153847,144.66923076923078,144.6769230769231,144.6846153846154,144.6923076923077,144.70000000000002,144.70769230769233,144.71538461538464,144.72307692307692,144.73076923076923,144.73846153846154,144.74615384615385,144.75384615384615,144.76153846153846,144.76923076923077,144.77692307692308,144.7846153846154,144.7923076923077,144.8,144.80769230769232,144.81538461538463,144.82307692307694,144.83076923076925,144.83846153846156,144.84615384615387,144.85384615384615,144.86153846153846,144.86923076923077,144.87692307692308,144.8846153846154,144.8923076923077,144.9,144.90769230769232,144.91538461538462,144.92307692307693,144.93076923076924,144.93846153846155,144.94615384615386,144.95384615384617,144.96153846153848,144.9692307692308,144.97692307692307,144.98461538461538,144.9923076923077,145.0,145.0076923076923,145.01538461538462,145.02307692307693,145.03076923076924,145.03846153846155,145.04615384615386,145.05384615384617,145.06153846153848,145.06923076923078,145.0769230769231,145.0846153846154,145.0923076923077,145.1,145.1076923076923,145.1153846153846,145.12307692307692,145.13076923076923,145.13846153846154,145.14615384615385,145.15384615384616,145.16153846153847,145.16923076923078,145.1769230769231,145.1846153846154,145.1923076923077,145.20000000000002,145.20769230769233,145.21538461538464,145.22307692307692,145.23076923076923,145.23846153846154,145.24615384615385,145.25384615384615,145.26153846153846,145.26923076923077,145.27692307692308,145.2846153846154,145.2923076923077,145.3,145.30769230769232,145.31538461538463,145.32307692307694,145.33076923076925,145.33846153846156,145.34615384615387,145.35384615384615,145.36153846153846,145.36923076923077,145.37692307692308,145.3846153846154,145.3923076923077,145.4,145.40769230769232,145.41538461538462,145.42307692307693,145.43076923076924,145.43846153846155,145.44615384615386,145.45384615384617,145.46153846153848,145.4692307692308,145.47692307692307,145.48461538461538,145.4923076923077,145.5,145.5076923076923,145.51538461538462,145.52307692307693,145.53076923076924,145.53846153846155,145.54615384615386,145.55384615384617,145.56153846153848,145.56923076923078,145.5769230769231,145.5846153846154,145.5923076923077,145.6,145.6076923076923,145.6153846153846,145.62307692307692,145.63076923076923,145.63846153846154,145.64615384615385,145.65384615384616,145.66153846153847,145.66923076923078,145.6769230769231,145.6846153846154,145.6923076923077,145.70000000000002,145.70769230769233,145.71538461538464,145.72307692307692,145.73076923076923,145.73846153846154,145.74615384615385,145.75384615384615,145.76153846153846,145.76923076923077,145.77692307692308,145.7846153846154,145.7923076923077,145.8,145.80769230769232,145.81538461538463,145.82307692307694,145.83076923076925,145.83846153846156,145.84615384615387,145.85384615384615,145.86153846153846,145.86923076923077,145.87692307692308,145.8846153846154,145.8923076923077,145.9,145.90769230769232,145.91538461538462,145.92307692307693,145.93076923076924,145.93846153846155,145.94615384615386,145.95384615384617,145.96153846153848,145.9692307692308,145.97692307692307,145.98461538461538,145.9923076923077,146.0,146.0076923076923,146.01538461538462,146.02307692307693,146.03076923076924,146.03846153846155,146.04615384615386,146.05384615384617,146.06153846153848,146.06923076923078,146.0769230769231,146.0846153846154,146.0923076923077,146.1,146.1076923076923,146.1153846153846,146.12307692307692,146.13076923076923,146.13846153846154,146.14615384615385,146.15384615384616,146.16153846153847,146.16923076923078,146.1769230769231,146.1846153846154,146.1923076923077,146.20000000000002,146.20769230769233,146.21538461538464,146.22307692307695,146.23076923076923,146.23846153846154,146.24615384615385,146.25384615384615,146.26153846153846,146.26923076923077,146.27692307692308,146.2846153846154,146.2923076923077,146.3,146.30769230769232,146.31538461538463,146.32307692307694,146.33076923076925,146.33846153846156,146.34615384615387,146.35384615384615,146.36153846153846,146.36923076923077,146.37692307692308,146.3846153846154,146.3923076923077,146.4,146.40769230769232,146.41538461538462,146.42307692307693,146.43076923076924,146.43846153846155,146.44615384615386,146.45384615384617,146.46153846153848,146.4692307692308,146.47692307692307,146.48461538461538,146.4923076923077,146.5,146.5076923076923,146.51538461538462,146.52307692307693,146.53076923076924,146.53846153846155,146.54615384615386,146.55384615384617,146.56153846153848,146.56923076923078,146.5769230769231,146.5846153846154,146.5923076923077,146.6,146.6076923076923,146.6153846153846,146.62307692307692,146.63076923076923,146.63846153846154,146.64615384615385,146.65384615384616,146.66153846153847,146.66923076923078,146.6769230769231,146.6846153846154,146.6923076923077,146.70000000000002,146.70769230769233,146.71538461538464,146.72307692307695,146.73076923076923,146.73846153846154,146.74615384615385,146.75384615384615,146.76153846153846,146.76923076923077,146.77692307692308,146.7846153846154,146.7923076923077,146.8,146.80769230769232,146.81538461538463,146.82307692307694,146.83076923076925,146.83846153846156,146.84615384615387,146.85384615384615,146.86153846153846,146.86923076923077,146.87692307692308,146.8846153846154,146.8923076923077,146.9,146.90769230769232,146.91538461538462,146.92307692307693,146.93076923076924,146.93846153846155,146.94615384615386,146.95384615384617,146.96153846153848,146.9692307692308,146.97692307692307,146.98461538461538,146.9923076923077,147.0,147.0076923076923,147.01538461538462,147.02307692307693,147.03076923076924,147.03846153846155,147.04615384615386,147.05384615384617,147.06153846153848,147.06923076923078,147.0769230769231,147.0846153846154,147.0923076923077,147.1,147.1076923076923,147.1153846153846,147.12307692307692,147.13076923076923,147.13846153846154,147.14615384615385,147.15384615384616,147.16153846153847,147.16923076923078,147.1769230769231,147.1846153846154,147.1923076923077,147.20000000000002,147.20769230769233,147.21538461538464,147.22307692307695,147.23076923076923,147.23846153846154,147.24615384615385,147.25384615384615,147.26153846153846,147.26923076923077,147.27692307692308,147.2846153846154,147.2923076923077,147.3,147.30769230769232,147.31538461538463,147.32307692307694,147.33076923076925,147.33846153846156,147.34615384615387,147.35384615384615,147.36153846153846,147.36923076923077,147.37692307692308,147.3846153846154,147.3923076923077,147.4,147.40769230769232,147.41538461538462,147.42307692307693,147.43076923076924,147.43846153846155,147.44615384615386,147.45384615384617,147.46153846153848,147.4692307692308,147.47692307692307,147.48461538461538,147.4923076923077,147.5,147.5076923076923,147.51538461538462,147.52307692307693,147.53076923076924,147.53846153846155,147.54615384615386,147.55384615384617,147.56153846153848,147.56923076923078,147.5769230769231,147.5846153846154,147.5923076923077,147.6,147.6076923076923,147.6153846153846,147.62307692307692,147.63076923076923,147.63846153846154,147.64615384615385,147.65384615384616,147.66153846153847,147.66923076923078,147.6769230769231,147.6846153846154,147.6923076923077,147.70000000000002,147.70769230769233,147.71538461538464,147.72307692307695,147.73076923076923,147.73846153846154,147.74615384615385,147.75384615384615,147.76153846153846,147.76923076923077,147.77692307692308,147.7846153846154,147.7923076923077,147.8,147.80769230769232,147.81538461538463,147.82307692307694,147.83076923076925,147.83846153846156,147.84615384615387,147.85384615384615,147.86153846153846,147.86923076923077,147.87692307692308,147.8846153846154,147.8923076923077,147.9,147.90769230769232,147.91538461538462,147.92307692307693,147.93076923076924,147.93846153846155,147.94615384615386,147.95384615384617,147.96153846153848,147.9692307692308,147.97692307692307,147.98461538461538,147.9923076923077,148.0,148.0076923076923,148.01538461538462,148.02307692307693,148.03076923076924,148.03846153846155,148.04615384615386,148.05384615384617,148.06153846153848,148.06923076923078,148.0769230769231,148.0846153846154,148.0923076923077,148.1,148.1076923076923,148.1153846153846,148.12307692307692,148.13076923076923,148.13846153846154,148.14615384615385,148.15384615384616,148.16153846153847,148.16923076923078,148.1769230769231,148.1846153846154,148.1923076923077,148.20000000000002,148.20769230769233,148.21538461538464,148.22307692307695,148.23076923076923,148.23846153846154,148.24615384615385,148.25384615384615,148.26153846153846,148.26923076923077,148.27692307692308,148.2846153846154,148.2923076923077,148.3,148.30769230769232,148.31538461538463,148.32307692307694,148.33076923076925,148.33846153846156,148.34615384615387,148.35384615384615,148.36153846153846,148.36923076923077,148.37692307692308,148.3846153846154,148.3923076923077,148.4,148.40769230769232,148.41538461538462,148.42307692307693,148.43076923076924,148.43846153846155,148.44615384615386,148.45384615384617,148.46153846153848,148.4692307692308,148.47692307692307,148.48461538461538,148.4923076923077,148.5,148.5076923076923,148.51538461538462,148.52307692307693,148.53076923076924,148.53846153846155,148.54615384615386,148.55384615384617,148.56153846153848,148.56923076923078,148.5769230769231,148.5846153846154,148.5923076923077,148.6,148.6076923076923,148.6153846153846,148.62307692307692,148.63076923076923,148.63846153846154,148.64615384615385,148.65384615384616,148.66153846153847,148.66923076923078,148.6769230769231,148.6846153846154,148.6923076923077,148.70000000000002,148.70769230769233,148.71538461538464,148.72307692307695,148.73076923076923,148.73846153846154,148.74615384615385,148.75384615384615,148.76153846153846,148.76923076923077,148.77692307692308,148.7846153846154,148.7923076923077,148.8,148.80769230769232,148.81538461538463,148.82307692307694,148.83076923076925,148.83846153846156,148.84615384615387,148.85384615384615,148.86153846153846,148.86923076923077,148.87692307692308,148.8846153846154,148.8923076923077,148.9,148.90769230769232,148.91538461538462,148.92307692307693,148.93076923076924,148.93846153846155,148.94615384615386,148.95384615384617,148.96153846153848,148.9692307692308,148.97692307692307,148.98461538461538,148.9923076923077,149.0,149.0076923076923,149.01538461538462,149.02307692307693,149.03076923076924,149.03846153846155,149.04615384615386,149.05384615384617,149.06153846153848,149.06923076923078,149.0769230769231,149.0846153846154,149.0923076923077,149.1,149.1076923076923,149.1153846153846,149.12307692307692,149.13076923076923,149.13846153846154,149.14615384615385,149.15384615384616,149.16153846153847,149.16923076923078,149.1769230769231,149.1846153846154,149.1923076923077,149.20000000000002,149.20769230769233,149.21538461538464,149.22307692307695,149.23076923076923,149.23846153846154,149.24615384615385,149.25384615384615,149.26153846153846,149.26923076923077,149.27692307692308,149.2846153846154,149.2923076923077,149.3,149.30769230769232,149.31538461538463,149.32307692307694,149.33076923076925,149.33846153846156,149.34615384615387,149.35384615384615,149.36153846153846,149.36923076923077,149.37692307692308,149.3846153846154,149.3923076923077,149.4,149.40769230769232,149.41538461538462,149.42307692307693,149.43076923076924,149.43846153846155,149.44615384615386,149.45384615384617,149.46153846153848,149.4692307692308,149.47692307692307,149.48461538461538,149.4923076923077,149.5,149.5076923076923,149.51538461538462,149.52307692307693,149.53076923076924,149.53846153846155,149.54615384615386,149.55384615384617,149.56153846153848,149.56923076923078,149.5769230769231,149.5846153846154,149.5923076923077,149.6,149.6076923076923,149.6153846153846,149.62307692307692,149.63076923076923,149.63846153846154,149.64615384615385,149.65384615384616,149.66153846153847,149.66923076923078,149.6769230769231,149.6846153846154,149.6923076923077,149.70000000000002,149.70769230769233,149.71538461538464,149.72307692307695,149.73076923076923,149.73846153846154,149.74615384615385,149.75384615384615,149.76153846153846,149.76923076923077,149.77692307692308,149.7846153846154,149.7923076923077,149.8,149.80769230769232,149.81538461538463,149.82307692307694,149.83076923076925,149.83846153846156,149.84615384615387,149.85384615384615,149.86153846153846,149.86923076923077,149.87692307692308,149.8846153846154,149.8923076923077,149.9,149.90769230769232,149.91538461538462,149.92307692307693,149.93076923076924,149.93846153846155,149.94615384615386,149.95384615384617,149.96153846153848,149.9692307692308,149.97692307692307,149.98461538461538,149.9923076923077,150.0,150.0076923076923,150.01538461538462,150.02307692307693,150.03076923076924,150.03846153846155,150.04615384615386,150.05384615384617,150.06153846153848,150.06923076923078,150.0769230769231,150.0846153846154,150.0923076923077,150.1,150.1076923076923,150.1153846153846,150.12307692307692,150.13076923076923,150.13846153846154,150.14615384615385,150.15384615384616,150.16153846153847,150.16923076923078,150.1769230769231,150.1846153846154,150.1923076923077,150.20000000000002,150.20769230769233,150.21538461538464,150.22307692307695,150.23076923076923,150.23846153846154,150.24615384615385,150.25384615384615,150.26153846153846,150.26923076923077,150.27692307692308,150.2846153846154,150.2923076923077,150.3,150.30769230769232,150.31538461538463,150.32307692307694,150.33076923076925,150.33846153846156,150.34615384615387,150.35384615384615,150.36153846153846,150.36923076923077,150.37692307692308,150.3846153846154,150.3923076923077,150.4,150.40769230769232,150.41538461538462,150.42307692307693,150.43076923076924,150.43846153846155,150.44615384615386,150.45384615384617,150.46153846153848,150.4692307692308,150.47692307692307,150.48461538461538,150.4923076923077,150.5,150.5076923076923,150.51538461538462,150.52307692307693,150.53076923076924,150.53846153846155,150.54615384615386,150.55384615384617,150.56153846153848,150.56923076923078,150.5769230769231,150.5846153846154,150.5923076923077,150.6,150.6076923076923,150.6153846153846,150.62307692307692,150.63076923076923,150.63846153846154,150.64615384615385,150.65384615384616,150.66153846153847,150.66923076923078,150.6769230769231,150.6846153846154,150.6923076923077,150.70000000000002,150.70769230769233,150.71538461538464,150.72307692307695,150.73076923076923,150.73846153846154,150.74615384615385,150.75384615384615,150.76153846153846,150.76923076923077,150.77692307692308,150.7846153846154,150.7923076923077,150.8,150.80769230769232,150.81538461538463,150.82307692307694,150.83076923076925,150.83846153846156,150.84615384615387,150.85384615384615,150.86153846153846,150.86923076923077,150.87692307692308,150.8846153846154,150.8923076923077,150.9,150.90769230769232,150.91538461538462,150.92307692307693,150.93076923076924,150.93846153846155,150.94615384615386,150.95384615384617,150.96153846153848,150.9692307692308,150.97692307692307,150.98461538461538,150.9923076923077,151.0,151.0076923076923,151.01538461538462,151.02307692307693,151.03076923076924,151.03846153846155,151.04615384615386,151.05384615384617,151.06153846153848,151.06923076923078,151.0769230769231,151.0846153846154,151.0923076923077,151.1,151.1076923076923,151.1153846153846,151.12307692307692,151.13076923076923,151.13846153846154,151.14615384615385,151.15384615384616,151.16153846153847,151.16923076923078,151.1769230769231,151.1846153846154,151.1923076923077,151.20000000000002,151.20769230769233,151.21538461538464,151.22307692307695,151.23076923076923,151.23846153846154,151.24615384615385,151.25384615384615,151.26153846153846,151.26923076923077,151.27692307692308,151.2846153846154,151.2923076923077,151.3,151.30769230769232,151.31538461538463,151.32307692307694,151.33076923076925,151.33846153846156,151.34615384615387,151.35384615384615,151.36153846153846,151.36923076923077,151.37692307692308,151.3846153846154,151.3923076923077,151.4,151.40769230769232,151.41538461538462,151.42307692307693,151.43076923076924,151.43846153846155,151.44615384615386,151.45384615384617,151.46153846153848,151.4692307692308,151.47692307692307,151.48461538461538,151.4923076923077,151.5,151.5076923076923,151.51538461538462,151.52307692307693,151.53076923076924,151.53846153846155,151.54615384615386,151.55384615384617,151.56153846153848,151.56923076923078,151.5769230769231,151.5846153846154,151.5923076923077,151.6,151.6076923076923,151.6153846153846,151.62307692307692,151.63076923076923,151.63846153846154,151.64615384615385,151.65384615384616,151.66153846153847,151.66923076923078,151.6769230769231,151.6846153846154,151.6923076923077,151.70000000000002,151.70769230769233,151.71538461538464,151.72307692307695,151.73076923076923,151.73846153846154,151.74615384615385,151.75384615384615,151.76153846153846,151.76923076923077,151.77692307692308,151.7846153846154,151.7923076923077,151.8,151.80769230769232,151.81538461538463,151.82307692307694,151.83076923076925,151.83846153846156,151.84615384615387,151.85384615384615,151.86153846153846,151.86923076923077,151.87692307692308,151.8846153846154,151.8923076923077,151.9,151.90769230769232,151.91538461538462,151.92307692307693,151.93076923076924,151.93846153846155,151.94615384615386,151.95384615384617,151.96153846153848,151.9692307692308,151.97692307692307,151.98461538461538,151.9923076923077,152.0,152.0076923076923,152.01538461538462,152.02307692307693,152.03076923076924,152.03846153846155,152.04615384615386,152.05384615384617,152.06153846153848,152.06923076923078,152.0769230769231,152.0846153846154,152.0923076923077,152.1,152.1076923076923,152.1153846153846,152.12307692307692,152.13076923076923,152.13846153846154,152.14615384615385,152.15384615384616,152.16153846153847,152.16923076923078,152.1769230769231,152.1846153846154,152.1923076923077,152.20000000000002,152.20769230769233,152.21538461538464,152.22307692307695,152.23076923076923,152.23846153846154,152.24615384615385,152.25384615384615,152.26153846153846,152.26923076923077,152.27692307692308,152.2846153846154,152.2923076923077,152.3,152.30769230769232,152.31538461538463,152.32307692307694,152.33076923076925,152.33846153846156,152.34615384615387,152.35384615384615,152.36153846153846,152.36923076923077,152.37692307692308,152.3846153846154,152.3923076923077,152.4,152.40769230769232,152.41538461538462,152.42307692307693,152.43076923076924,152.43846153846155,152.44615384615386,152.45384615384617,152.46153846153848,152.4692307692308,152.47692307692307,152.48461538461538,152.4923076923077,152.5,152.5076923076923,152.51538461538462,152.52307692307693,152.53076923076924,152.53846153846155,152.54615384615386,152.55384615384617,152.56153846153848,152.56923076923078,152.5769230769231,152.5846153846154,152.5923076923077,152.6,152.6076923076923,152.6153846153846,152.62307692307692,152.63076923076923,152.63846153846154,152.64615384615385,152.65384615384616,152.66153846153847,152.66923076923078,152.6769230769231,152.6846153846154,152.6923076923077,152.70000000000002,152.70769230769233,152.71538461538464,152.72307692307695,152.73076923076923,152.73846153846154,152.74615384615385,152.75384615384615,152.76153846153846,152.76923076923077,152.77692307692308,152.7846153846154,152.7923076923077,152.8,152.80769230769232,152.81538461538463,152.82307692307694,152.83076923076925,152.83846153846156,152.84615384615387,152.85384615384615,152.86153846153846,152.86923076923077,152.87692307692308,152.8846153846154,152.8923076923077,152.9,152.90769230769232,152.91538461538462,152.92307692307693,152.93076923076924,152.93846153846155,152.94615384615386,152.95384615384617,152.96153846153848,152.9692307692308,152.97692307692307,152.98461538461538,152.9923076923077,153.0,153.0076923076923,153.01538461538462,153.02307692307693,153.03076923076924,153.03846153846155,153.04615384615386,153.05384615384617,153.06153846153848,153.06923076923078,153.0769230769231,153.0846153846154,153.0923076923077,153.1,153.1076923076923,153.1153846153846,153.12307692307692,153.13076923076923,153.13846153846154,153.14615384615385,153.15384615384616,153.16153846153847,153.16923076923078,153.1769230769231,153.1846153846154,153.1923076923077,153.20000000000002,153.20769230769233,153.21538461538464,153.22307692307695,153.23076923076923,153.23846153846154,153.24615384615385,153.25384615384615,153.26153846153846,153.26923076923077,153.27692307692308,153.2846153846154,153.2923076923077,153.3,153.30769230769232,153.31538461538463,153.32307692307694,153.33076923076925,153.33846153846156,153.34615384615387,153.35384615384615,153.36153846153846,153.36923076923077,153.37692307692308,153.3846153846154,153.3923076923077,153.4,153.40769230769232,153.41538461538462,153.42307692307693,153.43076923076924,153.43846153846155,153.44615384615386,153.45384615384617,153.46153846153848,153.4692307692308,153.47692307692307,153.48461538461538,153.4923076923077,153.5,153.5076923076923,153.51538461538462,153.52307692307693,153.53076923076924,153.53846153846155,153.54615384615386,153.55384615384617,153.56153846153848,153.56923076923078,153.5769230769231,153.5846153846154,153.5923076923077,153.60000000000002,153.6076923076923,153.6153846153846,153.62307692307692,153.63076923076923,153.63846153846154,153.64615384615385,153.65384615384616,153.66153846153847,153.66923076923078,153.6769230769231,153.6846153846154,153.6923076923077,153.70000000000002,153.70769230769233,153.71538461538464,153.72307692307695,153.73076923076923,153.73846153846154,153.74615384615385,153.75384615384615,153.76153846153846,153.76923076923077,153.77692307692308,153.7846153846154,153.7923076923077,153.8,153.80769230769232,153.81538461538463,153.82307692307694,153.83076923076925,153.83846153846156,153.84615384615387,153.85384615384615,153.86153846153846,153.86923076923077,153.87692307692308,153.8846153846154,153.8923076923077,153.9,153.90769230769232,153.91538461538462,153.92307692307693,153.93076923076924,153.93846153846155,153.94615384615386,153.95384615384617,153.96153846153848,153.9692307692308,153.97692307692307,153.98461538461538,153.9923076923077,154.0,154.0076923076923,154.01538461538462,154.02307692307693,154.03076923076924,154.03846153846155,154.04615384615386,154.05384615384617,154.06153846153848,154.06923076923078,154.0769230769231,154.0846153846154,154.0923076923077,154.10000000000002,154.1076923076923,154.1153846153846,154.12307692307692,154.13076923076923,154.13846153846154,154.14615384615385,154.15384615384616,154.16153846153847,154.16923076923078,154.1769230769231,154.1846153846154,154.1923076923077,154.20000000000002,154.20769230769233,154.21538461538464,154.22307692307695,154.23076923076923,154.23846153846154,154.24615384615385,154.25384615384615,154.26153846153846,154.26923076923077,154.27692307692308,154.2846153846154,154.2923076923077,154.3,154.30769230769232,154.31538461538463,154.32307692307694,154.33076923076925,154.33846153846156,154.34615384615387,154.35384615384615,154.36153846153846,154.36923076923077,154.37692307692308,154.3846153846154,154.3923076923077,154.4,154.40769230769232,154.41538461538462,154.42307692307693,154.43076923076924,154.43846153846155,154.44615384615386,154.45384615384617,154.46153846153848,154.4692307692308,154.47692307692307,154.48461538461538,154.4923076923077,154.5,154.5076923076923,154.51538461538462,154.52307692307693,154.53076923076924,154.53846153846155,154.54615384615386,154.55384615384617,154.56153846153848,154.56923076923078,154.5769230769231,154.5846153846154,154.5923076923077,154.60000000000002,154.6076923076923,154.6153846153846,154.62307692307692,154.63076923076923,154.63846153846154,154.64615384615385,154.65384615384616,154.66153846153847,154.66923076923078,154.6769230769231,154.6846153846154,154.6923076923077,154.70000000000002,154.70769230769233,154.71538461538464,154.72307692307695,154.73076923076923,154.73846153846154,154.74615384615385,154.75384615384615,154.76153846153846,154.76923076923077,154.77692307692308,154.7846153846154,154.7923076923077,154.8,154.80769230769232,154.81538461538463,154.82307692307694,154.83076923076925,154.83846153846156,154.84615384615387,154.85384615384615,154.86153846153846,154.86923076923077,154.87692307692308,154.8846153846154,154.8923076923077,154.9,154.90769230769232,154.91538461538462,154.92307692307693,154.93076923076924,154.93846153846155,154.94615384615386,154.95384615384617,154.96153846153848,154.9692307692308,154.97692307692307,154.98461538461538,154.9923076923077,155.0,155.0076923076923,155.01538461538462,155.02307692307693,155.03076923076924,155.03846153846155,155.04615384615386,155.05384615384617,155.06153846153848,155.06923076923078,155.0769230769231,155.0846153846154,155.0923076923077,155.10000000000002,155.1076923076923,155.1153846153846,155.12307692307692,155.13076923076923,155.13846153846154,155.14615384615385,155.15384615384616,155.16153846153847,155.16923076923078,155.1769230769231,155.1846153846154,155.1923076923077,155.20000000000002,155.20769230769233,155.21538461538464,155.22307692307695,155.23076923076923,155.23846153846154,155.24615384615385,155.25384615384615,155.26153846153846,155.26923076923077,155.27692307692308,155.2846153846154,155.2923076923077,155.3,155.30769230769232,155.31538461538463,155.32307692307694,155.33076923076925,155.33846153846156,155.34615384615387,155.35384615384615,155.36153846153846,155.36923076923077,155.37692307692308,155.3846153846154,155.3923076923077,155.4,155.40769230769232,155.41538461538462,155.42307692307693,155.43076923076924,155.43846153846155,155.44615384615386,155.45384615384617,155.46153846153848,155.4692307692308,155.47692307692307,155.48461538461538,155.4923076923077,155.5,155.5076923076923,155.51538461538462,155.52307692307693,155.53076923076924,155.53846153846155,155.54615384615386,155.55384615384617,155.56153846153848,155.56923076923078,155.5769230769231,155.5846153846154,155.5923076923077,155.60000000000002,155.6076923076923,155.6153846153846,155.62307692307692,155.63076923076923,155.63846153846154,155.64615384615385,155.65384615384616,155.66153846153847,155.66923076923078,155.6769230769231,155.6846153846154,155.6923076923077,155.70000000000002,155.70769230769233,155.71538461538464,155.72307692307695,155.73076923076923,155.73846153846154,155.74615384615385,155.75384615384615,155.76153846153846,155.76923076923077,155.77692307692308,155.7846153846154,155.7923076923077,155.8,155.80769230769232,155.81538461538463,155.82307692307694,155.83076923076925,155.83846153846156,155.84615384615387,155.85384615384615,155.86153846153846,155.86923076923077,155.87692307692308,155.8846153846154,155.8923076923077,155.9,155.90769230769232,155.91538461538462,155.92307692307693,155.93076923076924,155.93846153846155,155.94615384615386,155.95384615384617,155.96153846153848,155.9692307692308,155.97692307692307,155.98461538461538,155.9923076923077,156.0,156.0076923076923,156.01538461538462,156.02307692307693,156.03076923076924,156.03846153846155,156.04615384615386,156.05384615384617,156.06153846153848,156.06923076923078,156.0769230769231,156.0846153846154,156.0923076923077,156.10000000000002,156.1076923076923,156.1153846153846,156.12307692307692,156.13076923076923,156.13846153846154,156.14615384615385,156.15384615384616,156.16153846153847,156.16923076923078,156.1769230769231,156.1846153846154,156.1923076923077,156.20000000000002,156.20769230769233,156.21538461538464,156.22307692307695,156.23076923076923,156.23846153846154,156.24615384615385,156.25384615384615,156.26153846153846,156.26923076923077,156.27692307692308,156.2846153846154,156.2923076923077,156.3,156.30769230769232,156.31538461538463,156.32307692307694,156.33076923076925,156.33846153846156,156.34615384615387,156.35384615384615,156.36153846153846,156.36923076923077,156.37692307692308,156.3846153846154,156.3923076923077,156.4,156.40769230769232,156.41538461538462,156.42307692307693,156.43076923076924,156.43846153846155,156.44615384615386,156.45384615384617,156.46153846153848,156.4692307692308,156.47692307692307,156.48461538461538,156.4923076923077,156.5,156.5076923076923,156.51538461538462,156.52307692307693,156.53076923076924,156.53846153846155,156.54615384615386,156.55384615384617,156.56153846153848,156.56923076923078,156.5769230769231,156.5846153846154,156.5923076923077,156.60000000000002,156.6076923076923,156.6153846153846,156.62307692307692,156.63076923076923,156.63846153846154,156.64615384615385,156.65384615384616,156.66153846153847,156.66923076923078,156.6769230769231,156.6846153846154,156.6923076923077,156.70000000000002,156.70769230769233,156.71538461538464,156.72307692307695,156.73076923076923,156.73846153846154,156.74615384615385,156.75384615384615,156.76153846153846,156.76923076923077,156.77692307692308,156.7846153846154,156.7923076923077,156.8,156.80769230769232,156.81538461538463,156.82307692307694,156.83076923076925,156.83846153846156,156.84615384615387,156.85384615384615,156.86153846153846,156.86923076923077,156.87692307692308,156.8846153846154,156.8923076923077,156.9,156.90769230769232,156.91538461538462,156.92307692307693,156.93076923076924,156.93846153846155,156.94615384615386,156.95384615384617,156.96153846153848,156.9692307692308,156.97692307692307,156.98461538461538,156.9923076923077,157.0,157.0076923076923,157.01538461538462,157.02307692307693,157.03076923076924,157.03846153846155,157.04615384615386,157.05384615384617,157.06153846153848,157.06923076923078,157.0769230769231,157.0846153846154,157.0923076923077,157.10000000000002,157.1076923076923,157.1153846153846,157.12307692307692,157.13076923076923,157.13846153846154,157.14615384615385,157.15384615384616,157.16153846153847,157.16923076923078,157.1769230769231,157.1846153846154,157.1923076923077,157.20000000000002,157.20769230769233,157.21538461538464,157.22307692307695,157.23076923076923,157.23846153846154,157.24615384615385,157.25384615384615,157.26153846153846,157.26923076923077,157.27692307692308,157.2846153846154,157.2923076923077,157.3,157.30769230769232,157.31538461538463,157.32307692307694,157.33076923076925,157.33846153846156,157.34615384615387,157.35384615384615,157.36153846153846,157.36923076923077,157.37692307692308,157.3846153846154,157.3923076923077,157.4,157.40769230769232,157.41538461538462,157.42307692307693,157.43076923076924,157.43846153846155,157.44615384615386,157.45384615384617,157.46153846153848,157.4692307692308,157.47692307692307,157.48461538461538,157.4923076923077,157.5,157.5076923076923,157.51538461538462,157.52307692307693,157.53076923076924,157.53846153846155,157.54615384615386,157.55384615384617,157.56153846153848,157.56923076923078,157.5769230769231,157.5846153846154,157.5923076923077,157.60000000000002,157.6076923076923,157.6153846153846,157.62307692307692,157.63076923076923,157.63846153846154,157.64615384615385,157.65384615384616,157.66153846153847,157.66923076923078,157.6769230769231,157.6846153846154,157.6923076923077,157.70000000000002,157.70769230769233,157.71538461538464,157.72307692307695,157.73076923076923,157.73846153846154,157.74615384615385,157.75384615384615,157.76153846153846,157.76923076923077,157.77692307692308,157.7846153846154,157.7923076923077,157.8,157.80769230769232,157.81538461538463,157.82307692307694,157.83076923076925,157.83846153846156,157.84615384615387,157.85384615384615,157.86153846153846,157.86923076923077,157.87692307692308,157.8846153846154,157.8923076923077,157.9,157.90769230769232,157.91538461538462,157.92307692307693,157.93076923076924,157.93846153846155,157.94615384615386,157.95384615384617,157.96153846153848,157.9692307692308,157.97692307692307,157.98461538461538,157.9923076923077,158.0,158.0076923076923,158.01538461538462,158.02307692307693,158.03076923076924,158.03846153846155,158.04615384615386,158.05384615384617,158.06153846153848,158.06923076923078,158.0769230769231,158.0846153846154,158.0923076923077,158.10000000000002,158.1076923076923,158.1153846153846,158.12307692307692,158.13076923076923,158.13846153846154,158.14615384615385,158.15384615384616,158.16153846153847,158.16923076923078,158.1769230769231,158.1846153846154,158.1923076923077,158.20000000000002,158.20769230769233,158.21538461538464,158.22307692307695,158.23076923076923,158.23846153846154,158.24615384615385,158.25384615384615,158.26153846153846,158.26923076923077,158.27692307692308,158.2846153846154,158.2923076923077,158.3,158.30769230769232,158.31538461538463,158.32307692307694,158.33076923076925,158.33846153846156,158.34615384615387,158.35384615384615,158.36153846153846,158.36923076923077,158.37692307692308,158.3846153846154,158.3923076923077,158.4,158.40769230769232,158.41538461538462,158.42307692307693,158.43076923076924,158.43846153846155,158.44615384615386,158.45384615384617,158.46153846153848,158.4692307692308,158.47692307692307,158.48461538461538,158.4923076923077,158.5,158.5076923076923,158.51538461538462,158.52307692307693,158.53076923076924,158.53846153846155,158.54615384615386,158.55384615384617,158.56153846153848,158.56923076923078,158.5769230769231,158.5846153846154,158.5923076923077,158.60000000000002,158.6076923076923,158.6153846153846,158.62307692307692,158.63076923076923,158.63846153846154,158.64615384615385,158.65384615384616,158.66153846153847,158.66923076923078,158.6769230769231,158.6846153846154,158.6923076923077,158.70000000000002,158.70769230769233,158.71538461538464,158.72307692307695,158.73076923076923,158.73846153846154,158.74615384615385,158.75384615384615,158.76153846153846,158.76923076923077,158.77692307692308,158.7846153846154,158.7923076923077,158.8,158.80769230769232,158.81538461538463,158.82307692307694,158.83076923076925,158.83846153846156,158.84615384615387,158.85384615384615,158.86153846153846,158.86923076923077,158.87692307692308,158.8846153846154,158.8923076923077,158.9,158.90769230769232,158.91538461538462,158.92307692307693,158.93076923076924,158.93846153846155,158.94615384615386,158.95384615384617,158.96153846153848,158.9692307692308,158.97692307692307,158.98461538461538,158.9923076923077,159.0,159.0076923076923,159.01538461538462,159.02307692307693,159.03076923076924,159.03846153846155,159.04615384615386,159.05384615384617,159.06153846153848,159.06923076923078,159.0769230769231,159.0846153846154,159.0923076923077,159.10000000000002,159.1076923076923,159.1153846153846,159.12307692307692,159.13076923076923,159.13846153846154,159.14615384615385,159.15384615384616,159.16153846153847,159.16923076923078,159.1769230769231,159.1846153846154,159.1923076923077,159.20000000000002,159.20769230769233,159.21538461538464,159.22307692307695,159.23076923076923,159.23846153846154,159.24615384615385,159.25384615384615,159.26153846153846,159.26923076923077,159.27692307692308,159.2846153846154,159.2923076923077,159.3,159.30769230769232,159.31538461538463,159.32307692307694,159.33076923076925,159.33846153846156,159.34615384615387,159.35384615384615,159.36153846153846,159.36923076923077,159.37692307692308,159.3846153846154,159.3923076923077,159.4,159.40769230769232,159.41538461538462,159.42307692307693,159.43076923076924,159.43846153846155,159.44615384615386,159.45384615384617,159.46153846153848,159.4692307692308,159.47692307692307,159.48461538461538,159.4923076923077,159.5,159.5076923076923,159.51538461538462,159.52307692307693,159.53076923076924,159.53846153846155,159.54615384615386,159.55384615384617,159.56153846153848,159.56923076923078,159.5769230769231,159.5846153846154,159.5923076923077,159.60000000000002,159.6076923076923,159.6153846153846,159.62307692307692,159.63076923076923,159.63846153846154,159.64615384615385,159.65384615384616,159.66153846153847,159.66923076923078,159.6769230769231,159.6846153846154,159.6923076923077,159.70000000000002,159.70769230769233,159.71538461538464,159.72307692307695,159.73076923076923,159.73846153846154,159.74615384615385,159.75384615384615,159.76153846153846,159.76923076923077,159.77692307692308,159.7846153846154,159.7923076923077,159.8,159.80769230769232,159.81538461538463,159.82307692307694,159.83076923076925,159.83846153846156,159.84615384615387,159.85384615384615,159.86153846153846,159.86923076923077,159.87692307692308,159.8846153846154,159.8923076923077,159.9,159.90769230769232,159.91538461538462,159.92307692307693,159.93076923076924,159.93846153846155,159.94615384615386,159.95384615384617,159.96153846153848,159.9692307692308,159.97692307692307,159.98461538461538,159.9923076923077,160.0,160.0076923076923,160.01538461538462,160.02307692307693,160.03076923076924,160.03846153846155,160.04615384615386,160.05384615384617,160.06153846153848,160.06923076923078,160.0769230769231,160.0846153846154,160.0923076923077,160.10000000000002,160.1076923076923,160.1153846153846,160.12307692307692,160.13076923076923,160.13846153846154,160.14615384615385,160.15384615384616,160.16153846153847,160.16923076923078,160.1769230769231,160.1846153846154,160.1923076923077,160.20000000000002,160.20769230769233,160.21538461538464,160.22307692307695,160.23076923076923,160.23846153846154,160.24615384615385,160.25384615384615,160.26153846153846,160.26923076923077,160.27692307692308,160.2846153846154,160.2923076923077,160.3,160.30769230769232,160.31538461538463,160.32307692307694,160.33076923076925,160.33846153846156,160.34615384615387,160.35384615384615,160.36153846153846,160.36923076923077,160.37692307692308,160.3846153846154,160.3923076923077,160.4,160.40769230769232,160.41538461538462,160.42307692307693,160.43076923076924,160.43846153846155,160.44615384615386,160.45384615384617,160.46153846153848,160.4692307692308,160.47692307692307,160.48461538461538,160.4923076923077,160.5,160.5076923076923,160.51538461538462,160.52307692307693,160.53076923076924,160.53846153846155,160.54615384615386,160.55384615384617,160.56153846153848,160.56923076923078,160.5769230769231,160.5846153846154,160.5923076923077,160.60000000000002,160.6076923076923,160.6153846153846,160.62307692307692,160.63076923076923,160.63846153846154,160.64615384615385,160.65384615384616,160.66153846153847,160.66923076923078,160.6769230769231,160.6846153846154,160.6923076923077,160.70000000000002,160.70769230769233,160.71538461538464,160.72307692307695,160.73076923076923,160.73846153846154,160.74615384615385,160.75384615384615,160.76153846153846,160.76923076923077,160.77692307692308,160.7846153846154,160.7923076923077,160.8,160.80769230769232,160.81538461538463,160.82307692307694,160.83076923076925,160.83846153846156,160.84615384615387,160.85384615384615,160.86153846153846,160.86923076923077,160.87692307692308,160.8846153846154,160.8923076923077,160.9,160.90769230769232,160.91538461538462,160.92307692307693,160.93076923076924,160.93846153846155,160.94615384615386,160.95384615384617,160.96153846153848,160.9692307692308,160.97692307692307,160.98461538461538,160.9923076923077,161.0,161.0076923076923,161.01538461538462,161.02307692307693,161.03076923076924,161.03846153846155,161.04615384615386,161.05384615384617,161.06153846153848,161.06923076923078,161.0769230769231,161.0846153846154,161.0923076923077,161.10000000000002,161.1076923076923,161.1153846153846,161.12307692307692,161.13076923076923,161.13846153846154,161.14615384615385,161.15384615384616,161.16153846153847,161.16923076923078,161.1769230769231,161.1846153846154,161.1923076923077,161.20000000000002,161.20769230769233,161.21538461538464,161.22307692307695,161.23076923076923,161.23846153846154,161.24615384615385,161.25384615384615,161.26153846153846,161.26923076923077,161.27692307692308,161.2846153846154,161.2923076923077,161.3,161.30769230769232,161.31538461538463,161.32307692307694,161.33076923076925,161.33846153846156,161.34615384615387,161.35384615384615,161.36153846153846,161.36923076923077,161.37692307692308,161.3846153846154,161.3923076923077,161.4,161.40769230769232,161.41538461538462,161.42307692307693,161.43076923076924,161.43846153846155,161.44615384615386,161.45384615384617,161.46153846153848,161.4692307692308,161.47692307692307,161.48461538461538,161.4923076923077,161.5,161.5076923076923,161.51538461538462,161.52307692307693,161.53076923076924,161.53846153846155,161.54615384615386,161.55384615384617,161.56153846153848,161.56923076923078,161.5769230769231,161.5846153846154,161.5923076923077,161.60000000000002,161.6076923076923,161.6153846153846,161.62307692307692,161.63076923076923,161.63846153846154,161.64615384615385,161.65384615384616,161.66153846153847,161.66923076923078,161.6769230769231,161.6846153846154,161.6923076923077,161.70000000000002,161.70769230769233,161.71538461538464,161.72307692307695,161.73076923076923,161.73846153846154,161.74615384615385,161.75384615384615,161.76153846153846,161.76923076923077,161.77692307692308,161.7846153846154,161.7923076923077,161.8,161.80769230769232,161.81538461538463,161.82307692307694,161.83076923076925,161.83846153846156,161.84615384615387,161.85384615384615,161.86153846153846,161.86923076923077,161.87692307692308,161.8846153846154,161.8923076923077,161.9,161.90769230769232,161.91538461538462,161.92307692307693,161.93076923076924,161.93846153846155,161.94615384615386,161.95384615384617,161.96153846153848,161.9692307692308,161.9769230769231,161.98461538461538,161.9923076923077,162.0,162.0076923076923,162.01538461538462,162.02307692307693,162.03076923076924,162.03846153846155,162.04615384615386,162.05384615384617,162.06153846153848,162.06923076923078,162.0769230769231,162.0846153846154,162.0923076923077,162.10000000000002,162.1076923076923,162.1153846153846,162.12307692307692,162.13076923076923,162.13846153846154,162.14615384615385,162.15384615384616,162.16153846153847,162.16923076923078,162.1769230769231,162.1846153846154,162.1923076923077,162.20000000000002,162.20769230769233,162.21538461538464,162.22307692307695,162.23076923076923,162.23846153846154,162.24615384615385,162.25384615384615,162.26153846153846,162.26923076923077,162.27692307692308,162.2846153846154,162.2923076923077,162.3,162.30769230769232,162.31538461538463,162.32307692307694,162.33076923076925,162.33846153846156,162.34615384615387,162.35384615384615,162.36153846153846,162.36923076923077,162.37692307692308,162.3846153846154,162.3923076923077,162.4,162.40769230769232,162.41538461538462,162.42307692307693,162.43076923076924,162.43846153846155,162.44615384615386,162.45384615384617,162.46153846153848,162.4692307692308,162.4769230769231,162.48461538461538,162.4923076923077,162.5,162.5076923076923,162.51538461538462,162.52307692307693,162.53076923076924,162.53846153846155,162.54615384615386,162.55384615384617,162.56153846153848,162.56923076923078,162.5769230769231,162.5846153846154,162.5923076923077,162.60000000000002,162.6076923076923,162.6153846153846,162.62307692307692,162.63076923076923,162.63846153846154,162.64615384615385,162.65384615384616,162.66153846153847,162.66923076923078,162.6769230769231,162.6846153846154,162.6923076923077,162.70000000000002,162.70769230769233,162.71538461538464,162.72307692307695,162.73076923076923,162.73846153846154,162.74615384615385,162.75384615384615,162.76153846153846,162.76923076923077,162.77692307692308,162.7846153846154,162.7923076923077,162.8,162.80769230769232,162.81538461538463,162.82307692307694,162.83076923076925,162.83846153846156,162.84615384615387,162.85384615384615,162.86153846153846,162.86923076923077,162.87692307692308,162.8846153846154,162.8923076923077,162.9,162.90769230769232,162.91538461538462,162.92307692307693,162.93076923076924,162.93846153846155,162.94615384615386,162.95384615384617,162.96153846153848,162.9692307692308,162.9769230769231,162.98461538461538,162.9923076923077,163.0,163.0076923076923,163.01538461538462,163.02307692307693,163.03076923076924,163.03846153846155,163.04615384615386,163.05384615384617,163.06153846153848,163.06923076923078,163.0769230769231,163.0846153846154,163.0923076923077,163.10000000000002,163.1076923076923,163.1153846153846,163.12307692307692,163.13076923076923,163.13846153846154,163.14615384615385,163.15384615384616,163.16153846153847,163.16923076923078,163.1769230769231,163.1846153846154,163.1923076923077,163.20000000000002,163.20769230769233,163.21538461538464,163.22307692307695,163.23076923076923,163.23846153846154,163.24615384615385,163.25384615384615,163.26153846153846,163.26923076923077,163.27692307692308,163.2846153846154,163.2923076923077,163.3,163.30769230769232,163.31538461538463,163.32307692307694,163.33076923076925,163.33846153846156,163.34615384615387,163.35384615384615,163.36153846153846,163.36923076923077,163.37692307692308,163.3846153846154,163.3923076923077,163.4,163.40769230769232,163.41538461538462,163.42307692307693,163.43076923076924,163.43846153846155,163.44615384615386,163.45384615384617,163.46153846153848,163.4692307692308,163.4769230769231,163.48461538461538,163.4923076923077,163.5,163.5076923076923,163.51538461538462,163.52307692307693,163.53076923076924,163.53846153846155,163.54615384615386,163.55384615384617,163.56153846153848,163.56923076923078,163.5769230769231,163.5846153846154,163.5923076923077,163.60000000000002,163.6076923076923,163.6153846153846,163.62307692307692,163.63076923076923,163.63846153846154,163.64615384615385,163.65384615384616,163.66153846153847,163.66923076923078,163.6769230769231,163.6846153846154,163.6923076923077,163.70000000000002,163.70769230769233,163.71538461538464,163.72307692307695,163.73076923076923,163.73846153846154,163.74615384615385,163.75384615384615,163.76153846153846,163.76923076923077,163.77692307692308,163.7846153846154,163.7923076923077,163.8,163.80769230769232,163.81538461538463,163.82307692307694,163.83076923076925,163.83846153846156,163.84615384615387,163.85384615384615,163.86153846153846,163.86923076923077,163.87692307692308,163.8846153846154,163.8923076923077,163.9,163.90769230769232,163.91538461538462,163.92307692307693,163.93076923076924,163.93846153846155,163.94615384615386,163.95384615384617,163.96153846153848,163.9692307692308,163.9769230769231,163.98461538461538,163.9923076923077,164.0,164.0076923076923,164.01538461538462,164.02307692307693,164.03076923076924,164.03846153846155,164.04615384615386,164.05384615384617,164.06153846153848,164.06923076923078,164.0769230769231,164.0846153846154,164.0923076923077,164.10000000000002,164.1076923076923,164.1153846153846,164.12307692307692,164.13076923076923,164.13846153846154,164.14615384615385,164.15384615384616,164.16153846153847,164.16923076923078,164.1769230769231,164.1846153846154,164.1923076923077,164.20000000000002,164.20769230769233,164.21538461538464,164.22307692307695,164.23076923076923,164.23846153846154,164.24615384615385,164.25384615384615,164.26153846153846,164.26923076923077,164.27692307692308,164.2846153846154,164.2923076923077,164.3,164.30769230769232,164.31538461538463,164.32307692307694,164.33076923076925,164.33846153846156,164.34615384615387,164.35384615384615,164.36153846153846,164.36923076923077,164.37692307692308,164.3846153846154,164.3923076923077,164.4,164.40769230769232,164.41538461538462,164.42307692307693,164.43076923076924,164.43846153846155,164.44615384615386,164.45384615384617,164.46153846153848,164.4692307692308,164.4769230769231,164.48461538461538,164.4923076923077,164.5,164.5076923076923,164.51538461538462,164.52307692307693,164.53076923076924,164.53846153846155,164.54615384615386,164.55384615384617,164.56153846153848,164.56923076923078,164.5769230769231,164.5846153846154,164.5923076923077,164.60000000000002,164.6076923076923,164.6153846153846,164.62307692307692,164.63076923076923,164.63846153846154,164.64615384615385,164.65384615384616,164.66153846153847,164.66923076923078,164.6769230769231,164.6846153846154,164.6923076923077,164.70000000000002,164.70769230769233,164.71538461538464,164.72307692307695,164.73076923076923,164.73846153846154,164.74615384615385,164.75384615384615,164.76153846153846,164.76923076923077,164.77692307692308,164.7846153846154,164.7923076923077,164.8,164.80769230769232,164.81538461538463,164.82307692307694,164.83076923076925,164.83846153846156,164.84615384615387,164.85384615384615,164.86153846153846,164.86923076923077,164.87692307692308,164.8846153846154,164.8923076923077,164.9,164.90769230769232,164.91538461538462,164.92307692307693,164.93076923076924,164.93846153846155,164.94615384615386,164.95384615384617,164.96153846153848,164.9692307692308,164.9769230769231,164.98461538461538,164.9923076923077,165.0,165.0076923076923,165.01538461538462,165.02307692307693,165.03076923076924,165.03846153846155,165.04615384615386,165.05384615384617,165.06153846153848,165.06923076923078,165.0769230769231,165.0846153846154,165.0923076923077,165.10000000000002,165.1076923076923,165.1153846153846,165.12307692307692,165.13076923076923,165.13846153846154,165.14615384615385,165.15384615384616,165.16153846153847,165.16923076923078,165.1769230769231,165.1846153846154,165.1923076923077,165.20000000000002,165.20769230769233,165.21538461538464,165.22307692307695,165.23076923076923,165.23846153846154,165.24615384615385,165.25384615384615,165.26153846153846,165.26923076923077,165.27692307692308,165.2846153846154,165.2923076923077,165.3,165.30769230769232,165.31538461538463,165.32307692307694,165.33076923076925,165.33846153846156,165.34615384615387,165.35384615384615,165.36153846153846,165.36923076923077,165.37692307692308,165.3846153846154,165.3923076923077,165.4,165.40769230769232,165.41538461538462,165.42307692307693,165.43076923076924,165.43846153846155,165.44615384615386,165.45384615384617,165.46153846153848,165.4692307692308,165.4769230769231,165.48461538461538,165.4923076923077,165.5,165.5076923076923,165.51538461538462,165.52307692307693,165.53076923076924,165.53846153846155,165.54615384615386,165.55384615384617,165.56153846153848,165.56923076923078,165.5769230769231,165.5846153846154,165.5923076923077,165.60000000000002,165.6076923076923,165.6153846153846,165.62307692307692,165.63076923076923,165.63846153846154,165.64615384615385,165.65384615384616,165.66153846153847,165.66923076923078,165.6769230769231,165.6846153846154,165.6923076923077,165.70000000000002,165.70769230769233,165.71538461538464,165.72307692307695,165.73076923076923,165.73846153846154,165.74615384615385,165.75384615384615,165.76153846153846,165.76923076923077,165.77692307692308,165.7846153846154,165.7923076923077,165.8,165.80769230769232,165.81538461538463,165.82307692307694,165.83076923076925,165.83846153846156,165.84615384615387,165.85384615384615,165.86153846153846,165.86923076923077,165.87692307692308,165.8846153846154,165.8923076923077,165.9,165.90769230769232,165.91538461538462,165.92307692307693,165.93076923076924,165.93846153846155,165.94615384615386,165.95384615384617,165.96153846153848,165.9692307692308,165.9769230769231,165.98461538461538,165.9923076923077,166.0,166.0076923076923,166.01538461538462,166.02307692307693,166.03076923076924,166.03846153846155,166.04615384615386,166.05384615384617,166.06153846153848,166.06923076923078,166.0769230769231,166.0846153846154,166.0923076923077,166.10000000000002,166.1076923076923,166.1153846153846,166.12307692307692,166.13076923076923,166.13846153846154,166.14615384615385,166.15384615384616,166.16153846153847,166.16923076923078,166.1769230769231,166.1846153846154,166.1923076923077,166.20000000000002,166.20769230769233,166.21538461538464,166.22307692307695,166.23076923076923,166.23846153846154,166.24615384615385,166.25384615384615,166.26153846153846,166.26923076923077,166.27692307692308,166.2846153846154,166.2923076923077,166.3,166.30769230769232,166.31538461538463,166.32307692307694,166.33076923076925,166.33846153846156,166.34615384615387,166.35384615384615,166.36153846153846,166.36923076923077,166.37692307692308,166.3846153846154,166.3923076923077,166.4,166.40769230769232,166.41538461538462,166.42307692307693,166.43076923076924,166.43846153846155,166.44615384615386,166.45384615384617,166.46153846153848,166.4692307692308,166.4769230769231,166.48461538461538,166.4923076923077,166.5,166.5076923076923,166.51538461538462,166.52307692307693,166.53076923076924,166.53846153846155,166.54615384615386,166.55384615384617,166.56153846153848,166.56923076923078,166.5769230769231,166.5846153846154,166.5923076923077,166.60000000000002,166.6076923076923,166.6153846153846,166.62307692307692,166.63076923076923,166.63846153846154,166.64615384615385,166.65384615384616,166.66153846153847,166.66923076923078,166.6769230769231,166.6846153846154,166.6923076923077,166.70000000000002,166.70769230769233,166.71538461538464,166.72307692307695,166.73076923076923,166.73846153846154,166.74615384615385,166.75384615384615,166.76153846153846,166.76923076923077,166.77692307692308,166.7846153846154,166.7923076923077,166.8,166.80769230769232,166.81538461538463,166.82307692307694,166.83076923076925,166.83846153846156,166.84615384615387,166.85384615384615,166.86153846153846,166.86923076923077,166.87692307692308,166.8846153846154,166.8923076923077,166.9,166.90769230769232,166.91538461538462,166.92307692307693,166.93076923076924,166.93846153846155,166.94615384615386,166.95384615384617,166.96153846153848,166.9692307692308,166.9769230769231,166.98461538461538,166.9923076923077,167.0,167.0076923076923,167.01538461538462,167.02307692307693,167.03076923076924,167.03846153846155,167.04615384615386,167.05384615384617,167.06153846153848,167.06923076923078,167.0769230769231,167.0846153846154,167.0923076923077,167.10000000000002,167.1076923076923,167.1153846153846,167.12307692307692,167.13076923076923,167.13846153846154,167.14615384615385,167.15384615384616,167.16153846153847,167.16923076923078,167.1769230769231,167.1846153846154,167.1923076923077,167.20000000000002,167.20769230769233,167.21538461538464,167.22307692307695,167.23076923076923,167.23846153846154,167.24615384615385,167.25384615384615,167.26153846153846,167.26923076923077,167.27692307692308,167.2846153846154,167.2923076923077,167.3,167.30769230769232,167.31538461538463,167.32307692307694,167.33076923076925,167.33846153846156,167.34615384615387,167.35384615384615,167.36153846153846,167.36923076923077,167.37692307692308,167.3846153846154,167.3923076923077,167.4,167.40769230769232,167.41538461538462,167.42307692307693,167.43076923076924,167.43846153846155,167.44615384615386,167.45384615384617,167.46153846153848,167.4692307692308,167.4769230769231,167.48461538461538,167.4923076923077,167.5,167.5076923076923,167.51538461538462,167.52307692307693,167.53076923076924,167.53846153846155,167.54615384615386,167.55384615384617,167.56153846153848,167.56923076923078,167.5769230769231,167.5846153846154,167.5923076923077,167.60000000000002,167.6076923076923,167.6153846153846,167.62307692307692,167.63076923076923,167.63846153846154,167.64615384615385,167.65384615384616,167.66153846153847,167.66923076923078,167.6769230769231,167.6846153846154,167.6923076923077,167.70000000000002,167.70769230769233,167.71538461538464,167.72307692307695,167.73076923076923,167.73846153846154,167.74615384615385,167.75384615384615,167.76153846153846,167.76923076923077,167.77692307692308,167.7846153846154,167.7923076923077,167.8,167.80769230769232,167.81538461538463,167.82307692307694,167.83076923076925,167.83846153846156,167.84615384615387,167.85384615384615,167.86153846153846,167.86923076923077,167.87692307692308,167.8846153846154,167.8923076923077,167.9,167.90769230769232,167.91538461538462,167.92307692307693,167.93076923076924,167.93846153846155,167.94615384615386,167.95384615384617,167.96153846153848,167.9692307692308,167.9769230769231,167.98461538461538,167.9923076923077,168.0,168.0076923076923,168.01538461538462,168.02307692307693,168.03076923076924,168.03846153846155,168.04615384615386,168.05384615384617,168.06153846153848,168.06923076923078,168.0769230769231,168.0846153846154,168.0923076923077,168.10000000000002,168.1076923076923,168.1153846153846,168.12307692307692,168.13076923076923,168.13846153846154,168.14615384615385,168.15384615384616,168.16153846153847,168.16923076923078,168.1769230769231,168.1846153846154,168.1923076923077,168.20000000000002,168.20769230769233,168.21538461538464,168.22307692307695,168.23076923076923,168.23846153846154,168.24615384615385,168.25384615384615,168.26153846153846,168.26923076923077,168.27692307692308,168.2846153846154,168.2923076923077,168.3,168.30769230769232,168.31538461538463,168.32307692307694,168.33076923076925,168.33846153846156,168.34615384615387,168.35384615384615,168.36153846153846,168.36923076923077,168.37692307692308,168.3846153846154,168.3923076923077,168.4,168.40769230769232,168.41538461538462,168.42307692307693,168.43076923076924,168.43846153846155,168.44615384615386,168.45384615384617,168.46153846153848,168.4692307692308,168.4769230769231,168.48461538461538,168.4923076923077,168.5,168.5076923076923,168.51538461538462,168.52307692307693,168.53076923076924,168.53846153846155,168.54615384615386,168.55384615384617,168.56153846153848,168.56923076923078,168.5769230769231,168.5846153846154,168.5923076923077,168.60000000000002,168.6076923076923,168.6153846153846,168.62307692307692,168.63076923076923,168.63846153846154,168.64615384615385,168.65384615384616,168.66153846153847,168.66923076923078,168.6769230769231,168.6846153846154,168.6923076923077,168.70000000000002,168.70769230769233,168.71538461538464,168.72307692307695,168.73076923076923,168.73846153846154,168.74615384615385,168.75384615384615,168.76153846153846,168.76923076923077,168.77692307692308,168.7846153846154,168.7923076923077,168.8,168.80769230769232,168.81538461538463,168.82307692307694,168.83076923076925,168.83846153846156,168.84615384615387,168.85384615384615,168.86153846153846,168.86923076923077,168.87692307692308,168.8846153846154,168.8923076923077,168.9,168.90769230769232,168.91538461538462,168.92307692307693,168.93076923076924,168.93846153846155,168.94615384615386,168.95384615384617,168.96153846153848,168.9692307692308,168.9769230769231,168.98461538461538,168.9923076923077,169.0,169.0076923076923,169.01538461538462,169.02307692307693,169.03076923076924,169.03846153846155,169.04615384615386,169.05384615384617,169.06153846153848,169.06923076923078,169.0769230769231,169.0846153846154,169.0923076923077,169.10000000000002,169.1076923076923,169.1153846153846,169.12307692307692,169.13076923076923,169.13846153846154,169.14615384615385,169.15384615384616,169.16153846153847,169.16923076923078,169.1769230769231,169.1846153846154,169.1923076923077,169.20000000000002,169.20769230769233,169.21538461538464,169.22307692307695,169.23076923076923,169.23846153846154,169.24615384615385,169.25384615384615,169.26153846153846,169.26923076923077,169.27692307692308,169.2846153846154,169.2923076923077,169.3,169.30769230769232,169.31538461538463,169.32307692307694,169.33076923076925,169.33846153846156,169.34615384615387,169.35384615384618,169.36153846153846,169.36923076923077,169.37692307692308,169.3846153846154,169.3923076923077,169.4,169.40769230769232,169.41538461538462,169.42307692307693,169.43076923076924,169.43846153846155,169.44615384615386,169.45384615384617,169.46153846153848,169.4692307692308,169.4769230769231,169.48461538461538,169.4923076923077,169.5,169.5076923076923,169.51538461538462,169.52307692307693,169.53076923076924,169.53846153846155,169.54615384615386,169.55384615384617,169.56153846153848,169.56923076923078,169.5769230769231,169.5846153846154,169.5923076923077,169.60000000000002,169.6076923076923,169.6153846153846,169.62307692307692,169.63076923076923,169.63846153846154,169.64615384615385,169.65384615384616,169.66153846153847,169.66923076923078,169.6769230769231,169.6846153846154,169.6923076923077,169.70000000000002,169.70769230769233,169.71538461538464,169.72307692307695,169.73076923076923,169.73846153846154,169.74615384615385,169.75384615384615,169.76153846153846,169.76923076923077,169.77692307692308,169.7846153846154,169.7923076923077,169.8,169.80769230769232,169.81538461538463,169.82307692307694,169.83076923076925,169.83846153846156,169.84615384615387,169.85384615384618,169.86153846153846,169.86923076923077,169.87692307692308,169.8846153846154,169.8923076923077,169.9,169.90769230769232,169.91538461538462,169.92307692307693,169.93076923076924,169.93846153846155,169.94615384615386,169.95384615384617,169.96153846153848,169.9692307692308,169.9769230769231,169.98461538461538,169.9923076923077,170.0,170.0076923076923,170.01538461538462,170.02307692307693,170.03076923076924,170.03846153846155,170.04615384615386,170.05384615384617,170.06153846153848,170.06923076923078,170.0769230769231,170.0846153846154,170.0923076923077,170.10000000000002,170.1076923076923,170.1153846153846,170.12307692307692,170.13076923076923,170.13846153846154,170.14615384615385,170.15384615384616,170.16153846153847,170.16923076923078,170.1769230769231,170.1846153846154,170.1923076923077,170.20000000000002,170.20769230769233,170.21538461538464,170.22307692307695,170.23076923076923,170.23846153846154,170.24615384615385,170.25384615384615,170.26153846153846,170.26923076923077,170.27692307692308,170.2846153846154,170.2923076923077,170.3,170.30769230769232,170.31538461538463,170.32307692307694,170.33076923076925,170.33846153846156,170.34615384615387,170.35384615384618,170.36153846153846,170.36923076923077,170.37692307692308,170.3846153846154,170.3923076923077,170.4,170.40769230769232,170.41538461538462,170.42307692307693,170.43076923076924,170.43846153846155,170.44615384615386,170.45384615384617,170.46153846153848,170.4692307692308,170.4769230769231,170.48461538461538,170.4923076923077,170.5,170.5076923076923,170.51538461538462,170.52307692307693,170.53076923076924,170.53846153846155,170.54615384615386,170.55384615384617,170.56153846153848,170.56923076923078,170.5769230769231,170.5846153846154,170.5923076923077,170.60000000000002,170.6076923076923,170.6153846153846,170.62307692307692,170.63076923076923,170.63846153846154,170.64615384615385,170.65384615384616,170.66153846153847,170.66923076923078,170.6769230769231,170.6846153846154,170.6923076923077,170.70000000000002,170.70769230769233,170.71538461538464,170.72307692307695,170.73076923076923,170.73846153846154,170.74615384615385,170.75384615384615,170.76153846153846,170.76923076923077,170.77692307692308,170.7846153846154,170.7923076923077,170.8,170.80769230769232,170.81538461538463,170.82307692307694,170.83076923076925,170.83846153846156,170.84615384615387,170.85384615384618,170.86153846153846,170.86923076923077,170.87692307692308,170.8846153846154,170.8923076923077,170.9,170.90769230769232,170.91538461538462,170.92307692307693,170.93076923076924,170.93846153846155,170.94615384615386,170.95384615384617,170.96153846153848,170.9692307692308,170.9769230769231,170.98461538461538,170.9923076923077,171.0,171.0076923076923,171.01538461538462,171.02307692307693,171.03076923076924,171.03846153846155,171.04615384615386,171.05384615384617,171.06153846153848,171.06923076923078,171.0769230769231,171.0846153846154,171.0923076923077,171.10000000000002,171.1076923076923,171.1153846153846,171.12307692307692,171.13076923076923,171.13846153846154,171.14615384615385,171.15384615384616,171.16153846153847,171.16923076923078,171.1769230769231,171.1846153846154,171.1923076923077,171.20000000000002,171.20769230769233,171.21538461538464,171.22307692307695,171.23076923076923,171.23846153846154,171.24615384615385,171.25384615384615,171.26153846153846,171.26923076923077,171.27692307692308,171.2846153846154,171.2923076923077,171.3,171.30769230769232,171.31538461538463,171.32307692307694,171.33076923076925,171.33846153846156,171.34615384615387,171.35384615384618,171.36153846153846,171.36923076923077,171.37692307692308,171.3846153846154,171.3923076923077,171.4,171.40769230769232,171.41538461538462,171.42307692307693,171.43076923076924,171.43846153846155,171.44615384615386,171.45384615384617,171.46153846153848,171.4692307692308,171.4769230769231,171.48461538461538,171.4923076923077,171.5,171.5076923076923,171.51538461538462,171.52307692307693,171.53076923076924,171.53846153846155,171.54615384615386,171.55384615384617,171.56153846153848,171.56923076923078,171.5769230769231,171.5846153846154,171.5923076923077,171.60000000000002,171.6076923076923,171.6153846153846,171.62307692307692,171.63076923076923,171.63846153846154,171.64615384615385,171.65384615384616,171.66153846153847,171.66923076923078,171.6769230769231,171.6846153846154,171.6923076923077,171.70000000000002,171.70769230769233,171.71538461538464,171.72307692307695,171.73076923076923,171.73846153846154,171.74615384615385,171.75384615384615,171.76153846153846,171.76923076923077,171.77692307692308,171.7846153846154,171.7923076923077,171.8,171.80769230769232,171.81538461538463,171.82307692307694,171.83076923076925,171.83846153846156,171.84615384615387,171.85384615384618,171.86153846153846,171.86923076923077,171.87692307692308,171.8846153846154,171.8923076923077,171.9,171.90769230769232,171.91538461538462,171.92307692307693,171.93076923076924,171.93846153846155,171.94615384615386,171.95384615384617,171.96153846153848,171.9692307692308,171.9769230769231,171.98461538461538,171.9923076923077,172.0,172.0076923076923,172.01538461538462,172.02307692307693,172.03076923076924,172.03846153846155,172.04615384615386,172.05384615384617,172.06153846153848,172.06923076923078,172.0769230769231,172.0846153846154,172.0923076923077,172.10000000000002,172.1076923076923,172.1153846153846,172.12307692307692,172.13076923076923,172.13846153846154,172.14615384615385,172.15384615384616,172.16153846153847,172.16923076923078,172.1769230769231,172.1846153846154,172.1923076923077,172.20000000000002,172.20769230769233,172.21538461538464,172.22307692307695,172.23076923076923,172.23846153846154,172.24615384615385,172.25384615384615,172.26153846153846,172.26923076923077,172.27692307692308,172.2846153846154,172.2923076923077,172.3,172.30769230769232,172.31538461538463,172.32307692307694,172.33076923076925,172.33846153846156,172.34615384615387,172.35384615384618,172.36153846153846,172.36923076923077,172.37692307692308,172.3846153846154,172.3923076923077,172.4,172.40769230769232,172.41538461538462,172.42307692307693,172.43076923076924,172.43846153846155,172.44615384615386,172.45384615384617,172.46153846153848,172.4692307692308,172.4769230769231,172.48461538461538,172.4923076923077,172.5,172.5076923076923,172.51538461538462,172.52307692307693,172.53076923076924,172.53846153846155,172.54615384615386,172.55384615384617,172.56153846153848,172.56923076923078,172.5769230769231,172.5846153846154,172.5923076923077,172.60000000000002,172.6076923076923,172.6153846153846,172.62307692307692,172.63076923076923,172.63846153846154,172.64615384615385,172.65384615384616,172.66153846153847,172.66923076923078,172.6769230769231,172.6846153846154,172.6923076923077,172.70000000000002,172.70769230769233,172.71538461538464,172.72307692307695,172.73076923076923,172.73846153846154,172.74615384615385,172.75384615384615,172.76153846153846,172.76923076923077,172.77692307692308,172.7846153846154,172.7923076923077,172.8,172.80769230769232,172.81538461538463,172.82307692307694,172.83076923076925,172.83846153846156,172.84615384615387,172.85384615384618,172.86153846153846,172.86923076923077,172.87692307692308,172.8846153846154,172.8923076923077,172.9,172.90769230769232,172.91538461538462,172.92307692307693,172.93076923076924,172.93846153846155,172.94615384615386,172.95384615384617,172.96153846153848,172.9692307692308,172.9769230769231,172.98461538461538,172.9923076923077,173.0,173.0076923076923,173.01538461538462,173.02307692307693,173.03076923076924,173.03846153846155,173.04615384615386,173.05384615384617,173.06153846153848,173.06923076923078,173.0769230769231,173.0846153846154,173.0923076923077,173.10000000000002,173.1076923076923,173.1153846153846,173.12307692307692,173.13076923076923,173.13846153846154,173.14615384615385,173.15384615384616,173.16153846153847,173.16923076923078,173.1769230769231,173.1846153846154,173.1923076923077,173.20000000000002,173.20769230769233,173.21538461538464,173.22307692307695,173.23076923076923,173.23846153846154,173.24615384615385,173.25384615384615,173.26153846153846,173.26923076923077,173.27692307692308,173.2846153846154,173.2923076923077,173.3,173.30769230769232,173.31538461538463,173.32307692307694,173.33076923076925,173.33846153846156,173.34615384615387,173.35384615384618,173.36153846153846,173.36923076923077,173.37692307692308,173.3846153846154,173.3923076923077,173.4,173.40769230769232,173.41538461538462,173.42307692307693,173.43076923076924,173.43846153846155,173.44615384615386,173.45384615384617,173.46153846153848,173.4692307692308,173.4769230769231,173.48461538461538,173.4923076923077,173.5,173.5076923076923,173.51538461538462,173.52307692307693,173.53076923076924,173.53846153846155,173.54615384615386,173.55384615384617,173.56153846153848,173.56923076923078,173.5769230769231,173.5846153846154,173.5923076923077,173.60000000000002,173.6076923076923,173.6153846153846,173.62307692307692,173.63076923076923,173.63846153846154,173.64615384615385,173.65384615384616,173.66153846153847,173.66923076923078,173.6769230769231,173.6846153846154,173.6923076923077,173.70000000000002,173.70769230769233,173.71538461538464,173.72307692307695,173.73076923076923,173.73846153846154,173.74615384615385,173.75384615384615,173.76153846153846,173.76923076923077,173.77692307692308,173.7846153846154,173.7923076923077,173.8,173.80769230769232,173.81538461538463,173.82307692307694,173.83076923076925,173.83846153846156,173.84615384615387,173.85384615384618,173.86153846153846,173.86923076923077,173.87692307692308,173.8846153846154,173.8923076923077,173.9,173.90769230769232,173.91538461538462,173.92307692307693,173.93076923076924,173.93846153846155,173.94615384615386,173.95384615384617,173.96153846153848,173.9692307692308,173.9769230769231,173.98461538461538,173.9923076923077,174.0,174.0076923076923,174.01538461538462,174.02307692307693,174.03076923076924,174.03846153846155,174.04615384615386,174.05384615384617,174.06153846153848,174.06923076923078,174.0769230769231,174.0846153846154,174.0923076923077,174.10000000000002,174.1076923076923,174.1153846153846,174.12307692307692,174.13076923076923,174.13846153846154,174.14615384615385,174.15384615384616,174.16153846153847,174.16923076923078,174.1769230769231,174.1846153846154,174.1923076923077,174.20000000000002,174.20769230769233,174.21538461538464,174.22307692307695,174.23076923076923,174.23846153846154,174.24615384615385,174.25384615384615,174.26153846153846,174.26923076923077,174.27692307692308,174.2846153846154,174.2923076923077,174.3,174.30769230769232,174.31538461538463,174.32307692307694,174.33076923076925,174.33846153846156,174.34615384615387,174.35384615384618,174.36153846153846,174.36923076923077,174.37692307692308,174.3846153846154,174.3923076923077,174.4,174.40769230769232,174.41538461538462,174.42307692307693,174.43076923076924,174.43846153846155,174.44615384615386,174.45384615384617,174.46153846153848,174.4692307692308,174.4769230769231,174.48461538461538,174.4923076923077,174.5,174.5076923076923,174.51538461538462,174.52307692307693,174.53076923076924,174.53846153846155,174.54615384615386,174.55384615384617,174.56153846153848,174.56923076923078,174.5769230769231,174.5846153846154,174.5923076923077,174.60000000000002,174.6076923076923,174.6153846153846,174.62307692307692,174.63076923076923,174.63846153846154,174.64615384615385,174.65384615384616,174.66153846153847,174.66923076923078,174.6769230769231,174.6846153846154,174.6923076923077,174.70000000000002,174.70769230769233,174.71538461538464,174.72307692307695,174.73076923076923,174.73846153846154,174.74615384615385,174.75384615384615,174.76153846153846,174.76923076923077,174.77692307692308,174.7846153846154,174.7923076923077,174.8,174.80769230769232,174.81538461538463,174.82307692307694,174.83076923076925,174.83846153846156,174.84615384615387,174.85384615384618,174.86153846153846,174.86923076923077,174.87692307692308,174.8846153846154,174.8923076923077,174.9,174.90769230769232,174.91538461538462,174.92307692307693,174.93076923076924,174.93846153846155,174.94615384615386,174.95384615384617,174.96153846153848,174.9692307692308,174.9769230769231,174.98461538461538,174.9923076923077,175.0,175.0076923076923,175.01538461538462,175.02307692307693,175.03076923076924,175.03846153846155,175.04615384615386,175.05384615384617,175.06153846153848,175.06923076923078,175.0769230769231,175.0846153846154,175.0923076923077,175.10000000000002,175.1076923076923,175.1153846153846,175.12307692307692,175.13076923076923,175.13846153846154,175.14615384615385,175.15384615384616,175.16153846153847,175.16923076923078,175.1769230769231,175.1846153846154,175.1923076923077,175.20000000000002,175.20769230769233,175.21538461538464,175.22307692307695,175.23076923076923,175.23846153846154,175.24615384615385,175.25384615384615,175.26153846153846,175.26923076923077,175.27692307692308,175.2846153846154,175.2923076923077,175.3,175.30769230769232,175.31538461538463,175.32307692307694,175.33076923076925,175.33846153846156,175.34615384615387,175.35384615384618,175.36153846153846,175.36923076923077,175.37692307692308,175.3846153846154,175.3923076923077,175.4,175.40769230769232,175.41538461538462,175.42307692307693,175.43076923076924,175.43846153846155,175.44615384615386,175.45384615384617,175.46153846153848,175.4692307692308,175.4769230769231,175.48461538461538,175.4923076923077,175.5,175.5076923076923,175.51538461538462,175.52307692307693,175.53076923076924,175.53846153846155,175.54615384615386,175.55384615384617,175.56153846153848,175.56923076923078,175.5769230769231,175.5846153846154,175.5923076923077,175.60000000000002,175.6076923076923,175.6153846153846,175.62307692307692,175.63076923076923,175.63846153846154,175.64615384615385,175.65384615384616,175.66153846153847,175.66923076923078,175.6769230769231,175.6846153846154,175.6923076923077,175.70000000000002,175.70769230769233,175.71538461538464,175.72307692307695,175.73076923076923,175.73846153846154,175.74615384615385,175.75384615384615,175.76153846153846,175.76923076923077,175.77692307692308,175.7846153846154,175.7923076923077,175.8,175.80769230769232,175.81538461538463,175.82307692307694,175.83076923076925,175.83846153846156,175.84615384615387,175.85384615384618,175.86153846153846,175.86923076923077,175.87692307692308,175.8846153846154,175.8923076923077,175.9,175.90769230769232,175.91538461538462,175.92307692307693,175.93076923076924,175.93846153846155,175.94615384615386,175.95384615384617,175.96153846153848,175.9692307692308,175.9769230769231,175.98461538461538,175.9923076923077,176.0,176.0076923076923,176.01538461538462,176.02307692307693,176.03076923076924,176.03846153846155,176.04615384615386,176.05384615384617,176.06153846153848,176.06923076923078,176.0769230769231,176.0846153846154,176.0923076923077,176.10000000000002,176.1076923076923,176.1153846153846,176.12307692307692,176.13076923076923,176.13846153846154,176.14615384615385,176.15384615384616,176.16153846153847,176.16923076923078,176.1769230769231,176.1846153846154,176.1923076923077,176.20000000000002,176.20769230769233,176.21538461538464,176.22307692307695,176.23076923076923,176.23846153846154,176.24615384615385,176.25384615384615,176.26153846153846,176.26923076923077,176.27692307692308,176.2846153846154,176.2923076923077,176.3,176.30769230769232,176.31538461538463,176.32307692307694,176.33076923076925,176.33846153846156,176.34615384615387,176.35384615384618,176.36153846153846,176.36923076923077,176.37692307692308,176.3846153846154,176.3923076923077,176.4,176.40769230769232,176.41538461538462,176.42307692307693,176.43076923076924,176.43846153846155,176.44615384615386,176.45384615384617,176.46153846153848,176.4692307692308,176.4769230769231,176.48461538461538,176.4923076923077,176.5,176.5076923076923,176.51538461538462,176.52307692307693,176.53076923076924,176.53846153846155,176.54615384615386,176.55384615384617,176.56153846153848,176.56923076923078,176.5769230769231,176.5846153846154,176.5923076923077,176.60000000000002,176.6076923076923,176.6153846153846,176.62307692307692,176.63076923076923,176.63846153846154,176.64615384615385,176.65384615384616,176.66153846153847,176.66923076923078,176.6769230769231,176.6846153846154,176.6923076923077,176.70000000000002,176.70769230769233,176.71538461538464,176.72307692307695,176.73076923076923,176.73846153846154,176.74615384615385,176.75384615384615,176.76153846153846,176.76923076923077,176.77692307692308,176.7846153846154,176.7923076923077,176.8,176.80769230769232,176.81538461538463,176.82307692307694,176.83076923076925,176.83846153846156,176.84615384615387,176.85384615384618,176.86153846153846,176.86923076923077,176.87692307692308,176.8846153846154,176.8923076923077,176.9,176.90769230769232,176.91538461538462,176.92307692307693,176.93076923076924,176.93846153846155,176.94615384615386,176.95384615384617,176.96153846153848,176.9692307692308,176.9769230769231,176.98461538461538,176.9923076923077,177.0,177.0076923076923,177.01538461538462,177.02307692307693,177.03076923076924,177.03846153846155,177.04615384615386,177.05384615384617,177.06153846153848,177.06923076923078,177.0769230769231,177.0846153846154,177.0923076923077,177.10000000000002,177.1076923076923,177.1153846153846,177.12307692307692,177.13076923076923,177.13846153846154,177.14615384615385,177.15384615384616,177.16153846153847,177.16923076923078,177.1769230769231,177.1846153846154,177.1923076923077,177.20000000000002,177.20769230769233,177.21538461538464,177.22307692307695,177.23076923076923,177.23846153846154,177.24615384615385,177.25384615384615,177.26153846153846,177.26923076923077,177.27692307692308,177.2846153846154,177.2923076923077,177.3,177.30769230769232,177.31538461538463,177.32307692307694,177.33076923076925,177.33846153846156,177.34615384615387,177.35384615384618,177.36153846153846,177.36923076923077,177.37692307692308,177.3846153846154,177.3923076923077,177.4,177.40769230769232,177.41538461538462,177.42307692307693,177.43076923076924,177.43846153846155,177.44615384615386,177.45384615384617,177.46153846153848,177.4692307692308,177.4769230769231,177.48461538461538,177.4923076923077,177.5,177.5076923076923,177.51538461538462,177.52307692307693,177.53076923076924,177.53846153846155,177.54615384615386,177.55384615384617,177.56153846153848,177.56923076923078,177.5769230769231,177.5846153846154,177.5923076923077,177.60000000000002,177.6076923076923,177.6153846153846,177.62307692307692,177.63076923076923,177.63846153846154,177.64615384615385,177.65384615384616,177.66153846153847,177.66923076923078,177.6769230769231,177.6846153846154,177.6923076923077,177.70000000000002,177.70769230769233,177.71538461538464,177.72307692307695,177.73076923076925,177.73846153846154,177.74615384615385,177.75384615384615,177.76153846153846,177.76923076923077,177.77692307692308,177.7846153846154,177.7923076923077,177.8,177.80769230769232,177.81538461538463,177.82307692307694,177.83076923076925,177.83846153846156,177.84615384615387,177.85384615384618,177.86153846153846,177.86923076923077,177.87692307692308,177.8846153846154,177.8923076923077,177.9,177.90769230769232,177.91538461538462,177.92307692307693,177.93076923076924,177.93846153846155,177.94615384615386,177.95384615384617,177.96153846153848,177.9692307692308,177.9769230769231,177.98461538461538,177.9923076923077,178.0,178.0076923076923,178.01538461538462,178.02307692307693,178.03076923076924,178.03846153846155,178.04615384615386,178.05384615384617,178.06153846153848,178.06923076923078,178.0769230769231,178.0846153846154,178.0923076923077,178.10000000000002,178.1076923076923,178.1153846153846,178.12307692307692,178.13076923076923,178.13846153846154,178.14615384615385,178.15384615384616,178.16153846153847,178.16923076923078,178.1769230769231,178.1846153846154,178.1923076923077,178.20000000000002,178.20769230769233,178.21538461538464,178.22307692307695,178.23076923076925,178.23846153846154,178.24615384615385,178.25384615384615,178.26153846153846,178.26923076923077,178.27692307692308,178.2846153846154,178.2923076923077,178.3,178.30769230769232,178.31538461538463,178.32307692307694,178.33076923076925,178.33846153846156,178.34615384615387,178.35384615384618,178.36153846153846,178.36923076923077,178.37692307692308,178.3846153846154,178.3923076923077,178.4,178.40769230769232,178.41538461538462,178.42307692307693,178.43076923076924,178.43846153846155,178.44615384615386,178.45384615384617,178.46153846153848,178.4692307692308,178.4769230769231,178.48461538461538,178.4923076923077,178.5,178.5076923076923,178.51538461538462,178.52307692307693,178.53076923076924,178.53846153846155,178.54615384615386,178.55384615384617,178.56153846153848,178.56923076923078,178.5769230769231,178.5846153846154,178.5923076923077,178.60000000000002,178.6076923076923,178.6153846153846,178.62307692307692,178.63076923076923,178.63846153846154,178.64615384615385,178.65384615384616,178.66153846153847,178.66923076923078,178.6769230769231,178.6846153846154,178.6923076923077,178.70000000000002,178.70769230769233,178.71538461538464,178.72307692307695,178.73076923076925,178.73846153846154,178.74615384615385,178.75384615384615,178.76153846153846,178.76923076923077,178.77692307692308,178.7846153846154,178.7923076923077,178.8,178.80769230769232,178.81538461538463,178.82307692307694,178.83076923076925,178.83846153846156,178.84615384615387,178.85384615384618,178.86153846153846,178.86923076923077,178.87692307692308,178.8846153846154,178.8923076923077,178.9,178.90769230769232,178.91538461538462,178.92307692307693,178.93076923076924,178.93846153846155,178.94615384615386,178.95384615384617,178.96153846153848,178.9692307692308,178.9769230769231,178.98461538461538,178.9923076923077,179.0,179.0076923076923,179.01538461538462,179.02307692307693,179.03076923076924,179.03846153846155,179.04615384615386,179.05384615384617,179.06153846153848,179.06923076923078,179.0769230769231,179.0846153846154,179.0923076923077,179.10000000000002,179.1076923076923,179.1153846153846,179.12307692307692,179.13076923076923,179.13846153846154,179.14615384615385,179.15384615384616,179.16153846153847,179.16923076923078,179.1769230769231,179.1846153846154,179.1923076923077,179.20000000000002,179.20769230769233,179.21538461538464,179.22307692307695,179.23076923076925,179.23846153846154,179.24615384615385,179.25384615384615,179.26153846153846,179.26923076923077,179.27692307692308,179.2846153846154,179.2923076923077,179.3,179.30769230769232,179.31538461538463,179.32307692307694,179.33076923076925,179.33846153846156,179.34615384615387,179.35384615384618,179.36153846153846,179.36923076923077,179.37692307692308,179.3846153846154,179.3923076923077,179.4,179.40769230769232,179.41538461538462,179.42307692307693,179.43076923076924,179.43846153846155,179.44615384615386,179.45384615384617,179.46153846153848,179.4692307692308,179.4769230769231,179.48461538461538,179.4923076923077,179.5,179.5076923076923,179.51538461538462,179.52307692307693,179.53076923076924,179.53846153846155,179.54615384615386,179.55384615384617,179.56153846153848,179.56923076923078,179.5769230769231,179.5846153846154,179.5923076923077,179.60000000000002,179.6076923076923,179.6153846153846,179.62307692307692,179.63076923076923,179.63846153846154,179.64615384615385,179.65384615384616,179.66153846153847,179.66923076923078,179.6769230769231,179.6846153846154,179.6923076923077,179.70000000000002,179.70769230769233,179.71538461538464,179.72307692307695,179.73076923076925,179.73846153846154,179.74615384615385,179.75384615384615,179.76153846153846,179.76923076923077,179.77692307692308,179.7846153846154,179.7923076923077,179.8,179.80769230769232,179.81538461538463,179.82307692307694,179.83076923076925,179.83846153846156,179.84615384615387,179.85384615384618,179.86153846153846,179.86923076923077,179.87692307692308,179.8846153846154,179.8923076923077,179.9,179.90769230769232,179.91538461538462,179.92307692307693,179.93076923076924,179.93846153846155,179.94615384615386,179.95384615384617,179.96153846153848,179.9692307692308,179.9769230769231,179.98461538461538,179.9923076923077,180.0,180.0076923076923,180.01538461538462,180.02307692307693,180.03076923076924,180.03846153846155,180.04615384615386,180.05384615384617,180.06153846153848,180.06923076923078,180.0769230769231,180.0846153846154,180.0923076923077,180.10000000000002,180.1076923076923,180.1153846153846,180.12307692307692,180.13076923076923,180.13846153846154,180.14615384615385,180.15384615384616,180.16153846153847,180.16923076923078,180.1769230769231,180.1846153846154,180.1923076923077,180.20000000000002,180.20769230769233,180.21538461538464,180.22307692307695,180.23076923076925,180.23846153846154,180.24615384615385,180.25384615384615,180.26153846153846,180.26923076923077,180.27692307692308,180.2846153846154,180.2923076923077,180.3,180.30769230769232,180.31538461538463,180.32307692307694,180.33076923076925,180.33846153846156,180.34615384615387,180.35384615384618,180.36153846153846,180.36923076923077,180.37692307692308,180.3846153846154,180.3923076923077,180.4,180.40769230769232,180.41538461538462,180.42307692307693,180.43076923076924,180.43846153846155,180.44615384615386,180.45384615384617,180.46153846153848,180.4692307692308,180.4769230769231,180.48461538461538,180.4923076923077,180.5,180.5076923076923,180.51538461538462,180.52307692307693,180.53076923076924,180.53846153846155,180.54615384615386,180.55384615384617,180.56153846153848,180.56923076923078,180.5769230769231,180.5846153846154,180.5923076923077,180.60000000000002,180.6076923076923,180.6153846153846,180.62307692307692,180.63076923076923,180.63846153846154,180.64615384615385,180.65384615384616,180.66153846153847,180.66923076923078,180.6769230769231,180.6846153846154,180.6923076923077,180.70000000000002,180.70769230769233,180.71538461538464,180.72307692307695,180.73076923076925,180.73846153846154,180.74615384615385,180.75384615384615,180.76153846153846,180.76923076923077,180.77692307692308,180.7846153846154,180.7923076923077,180.8,180.80769230769232,180.81538461538463,180.82307692307694,180.83076923076925,180.83846153846156,180.84615384615387,180.85384615384618,180.86153846153846,180.86923076923077,180.87692307692308,180.8846153846154,180.8923076923077,180.9,180.90769230769232,180.91538461538462,180.92307692307693,180.93076923076924,180.93846153846155,180.94615384615386,180.95384615384617,180.96153846153848,180.9692307692308,180.9769230769231,180.98461538461538,180.9923076923077,181.0,181.0076923076923,181.01538461538462,181.02307692307693,181.03076923076924,181.03846153846155,181.04615384615386,181.05384615384617,181.06153846153848,181.06923076923078,181.0769230769231,181.0846153846154,181.0923076923077,181.10000000000002,181.1076923076923,181.1153846153846,181.12307692307692,181.13076923076923,181.13846153846154,181.14615384615385,181.15384615384616,181.16153846153847,181.16923076923078,181.1769230769231,181.1846153846154,181.1923076923077,181.20000000000002,181.20769230769233,181.21538461538464,181.22307692307695,181.23076923076925,181.23846153846154,181.24615384615385,181.25384615384615,181.26153846153846,181.26923076923077,181.27692307692308,181.2846153846154,181.2923076923077,181.3,181.30769230769232,181.31538461538463,181.32307692307694,181.33076923076925,181.33846153846156,181.34615384615387,181.35384615384618,181.36153846153846,181.36923076923077,181.37692307692308,181.3846153846154,181.3923076923077,181.4,181.40769230769232,181.41538461538462,181.42307692307693,181.43076923076924,181.43846153846155,181.44615384615386,181.45384615384617,181.46153846153848,181.4692307692308,181.4769230769231,181.48461538461538,181.4923076923077,181.5,181.5076923076923,181.51538461538462,181.52307692307693,181.53076923076924,181.53846153846155,181.54615384615386,181.55384615384617,181.56153846153848,181.56923076923078,181.5769230769231,181.5846153846154,181.5923076923077,181.60000000000002,181.6076923076923,181.6153846153846,181.62307692307692,181.63076923076923,181.63846153846154,181.64615384615385,181.65384615384616,181.66153846153847,181.66923076923078,181.6769230769231,181.6846153846154,181.6923076923077,181.70000000000002,181.70769230769233,181.71538461538464,181.72307692307695,181.73076923076925,181.73846153846154,181.74615384615385,181.75384615384615,181.76153846153846,181.76923076923077,181.77692307692308,181.7846153846154,181.7923076923077,181.8,181.80769230769232,181.81538461538463,181.82307692307694,181.83076923076925,181.83846153846156,181.84615384615387,181.85384615384618,181.86153846153846,181.86923076923077,181.87692307692308,181.8846153846154,181.8923076923077,181.9,181.90769230769232,181.91538461538462,181.92307692307693,181.93076923076924,181.93846153846155,181.94615384615386,181.95384615384617,181.96153846153848,181.9692307692308,181.9769230769231,181.98461538461538,181.9923076923077,182.0,182.0076923076923,182.01538461538462,182.02307692307693,182.03076923076924,182.03846153846155,182.04615384615386,182.05384615384617,182.06153846153848,182.06923076923078,182.0769230769231,182.0846153846154,182.0923076923077,182.10000000000002,182.1076923076923,182.1153846153846,182.12307692307692,182.13076923076923,182.13846153846154,182.14615384615385,182.15384615384616,182.16153846153847,182.16923076923078,182.1769230769231,182.1846153846154,182.1923076923077,182.20000000000002,182.20769230769233,182.21538461538464,182.22307692307695,182.23076923076925,182.23846153846154,182.24615384615385,182.25384615384615,182.26153846153846,182.26923076923077,182.27692307692308,182.2846153846154,182.2923076923077,182.3,182.30769230769232,182.31538461538463,182.32307692307694,182.33076923076925,182.33846153846156,182.34615384615387,182.35384615384618,182.36153846153846,182.36923076923077,182.37692307692308,182.3846153846154,182.3923076923077,182.4,182.40769230769232,182.41538461538462,182.42307692307693,182.43076923076924,182.43846153846155,182.44615384615386,182.45384615384617,182.46153846153848,182.4692307692308,182.4769230769231,182.48461538461538,182.4923076923077,182.5,182.5076923076923,182.51538461538462,182.52307692307693,182.53076923076924,182.53846153846155,182.54615384615386,182.55384615384617,182.56153846153848,182.56923076923078,182.5769230769231,182.5846153846154,182.5923076923077,182.60000000000002,182.6076923076923,182.6153846153846,182.62307692307692,182.63076923076923,182.63846153846154,182.64615384615385,182.65384615384616,182.66153846153847,182.66923076923078,182.6769230769231,182.6846153846154,182.6923076923077,182.70000000000002,182.70769230769233,182.71538461538464,182.72307692307695,182.73076923076925,182.73846153846154,182.74615384615385,182.75384615384615,182.76153846153846,182.76923076923077,182.77692307692308,182.7846153846154,182.7923076923077,182.8,182.80769230769232,182.81538461538463,182.82307692307694,182.83076923076925,182.83846153846156,182.84615384615387,182.85384615384618,182.86153846153846,182.86923076923077,182.87692307692308,182.8846153846154,182.8923076923077,182.9,182.90769230769232,182.91538461538462,182.92307692307693,182.93076923076924,182.93846153846155,182.94615384615386,182.95384615384617,182.96153846153848,182.9692307692308,182.9769230769231,182.98461538461538,182.9923076923077,183.0,183.0076923076923,183.01538461538462,183.02307692307693,183.03076923076924,183.03846153846155,183.04615384615386,183.05384615384617,183.06153846153848,183.06923076923078,183.0769230769231,183.0846153846154,183.0923076923077,183.10000000000002,183.1076923076923,183.1153846153846,183.12307692307692,183.13076923076923,183.13846153846154,183.14615384615385,183.15384615384616,183.16153846153847,183.16923076923078,183.1769230769231,183.1846153846154,183.1923076923077,183.20000000000002,183.20769230769233,183.21538461538464,183.22307692307695,183.23076923076925,183.23846153846154,183.24615384615385,183.25384615384615,183.26153846153846,183.26923076923077,183.27692307692308,183.2846153846154,183.2923076923077,183.3,183.30769230769232,183.31538461538463,183.32307692307694,183.33076923076925,183.33846153846156,183.34615384615387,183.35384615384618,183.36153846153846,183.36923076923077,183.37692307692308,183.3846153846154,183.3923076923077,183.4,183.40769230769232,183.41538461538462,183.42307692307693,183.43076923076924,183.43846153846155,183.44615384615386,183.45384615384617,183.46153846153848,183.4692307692308,183.4769230769231,183.48461538461538,183.4923076923077,183.5,183.5076923076923,183.51538461538462,183.52307692307693,183.53076923076924,183.53846153846155,183.54615384615386,183.55384615384617,183.56153846153848,183.56923076923078,183.5769230769231,183.5846153846154,183.5923076923077,183.60000000000002,183.6076923076923,183.6153846153846,183.62307692307692,183.63076923076923,183.63846153846154,183.64615384615385,183.65384615384616,183.66153846153847,183.66923076923078,183.6769230769231,183.6846153846154,183.6923076923077,183.70000000000002,183.70769230769233,183.71538461538464,183.72307692307695,183.73076923076925,183.73846153846154,183.74615384615385,183.75384615384615,183.76153846153846,183.76923076923077,183.77692307692308,183.7846153846154,183.7923076923077,183.8,183.80769230769232,183.81538461538463,183.82307692307694,183.83076923076925,183.83846153846156,183.84615384615387,183.85384615384618,183.86153846153846,183.86923076923077,183.87692307692308,183.8846153846154,183.8923076923077,183.9,183.90769230769232,183.91538461538462,183.92307692307693,183.93076923076924,183.93846153846155,183.94615384615386,183.95384615384617,183.96153846153848,183.9692307692308,183.9769230769231,183.98461538461538,183.9923076923077,184.0,184.0076923076923,184.01538461538462,184.02307692307693,184.03076923076924,184.03846153846155,184.04615384615386,184.05384615384617,184.06153846153848,184.06923076923078,184.0769230769231,184.0846153846154,184.0923076923077,184.10000000000002,184.1076923076923,184.1153846153846,184.12307692307692,184.13076923076923,184.13846153846154,184.14615384615385,184.15384615384616,184.16153846153847,184.16923076923078,184.1769230769231,184.1846153846154,184.1923076923077,184.20000000000002,184.20769230769233,184.21538461538464,184.22307692307695,184.23076923076925,184.23846153846154,184.24615384615385,184.25384615384615,184.26153846153846,184.26923076923077,184.27692307692308,184.2846153846154,184.2923076923077,184.3,184.30769230769232,184.31538461538463,184.32307692307694,184.33076923076925,184.33846153846156,184.34615384615387,184.35384615384618,184.36153846153846,184.36923076923077,184.37692307692308,184.3846153846154,184.3923076923077,184.4,184.40769230769232,184.41538461538462,184.42307692307693,184.43076923076924,184.43846153846155,184.44615384615386,184.45384615384617,184.46153846153848,184.4692307692308,184.4769230769231,184.48461538461538,184.4923076923077,184.5,184.5076923076923,184.51538461538462,184.52307692307693,184.53076923076924,184.53846153846155,184.54615384615386,184.55384615384617,184.56153846153848,184.56923076923078,184.5769230769231,184.5846153846154,184.5923076923077,184.60000000000002,184.6076923076923,184.6153846153846,184.62307692307692,184.63076923076923,184.63846153846154,184.64615384615385,184.65384615384616,184.66153846153847,184.66923076923078,184.6769230769231,184.6846153846154,184.6923076923077,184.70000000000002,184.70769230769233,184.71538461538464,184.72307692307695,184.73076923076925,184.73846153846154,184.74615384615385,184.75384615384615,184.76153846153846,184.76923076923077,184.77692307692308,184.7846153846154,184.7923076923077,184.8,184.80769230769232,184.81538461538463,184.82307692307694,184.83076923076925,184.83846153846156,184.84615384615387,184.85384615384618,184.86153846153846,184.86923076923077,184.87692307692308,184.8846153846154,184.8923076923077,184.9,184.90769230769232,184.91538461538462,184.92307692307693,184.93076923076924,184.93846153846155,184.94615384615386,184.95384615384617,184.96153846153848,184.9692307692308,184.9769230769231,184.98461538461538,184.9923076923077,185.0,185.0076923076923,185.01538461538462,185.02307692307693,185.03076923076924,185.03846153846155,185.04615384615386,185.05384615384617,185.06153846153848,185.06923076923078,185.0769230769231,185.0846153846154,185.0923076923077,185.10000000000002,185.10769230769233,185.1153846153846,185.12307692307692,185.13076923076923,185.13846153846154,185.14615384615385,185.15384615384616,185.16153846153847,185.16923076923078,185.1769230769231,185.1846153846154,185.1923076923077,185.20000000000002,185.20769230769233,185.21538461538464,185.22307692307695,185.23076923076925,185.23846153846154,185.24615384615385,185.25384615384615,185.26153846153846,185.26923076923077,185.27692307692308,185.2846153846154,185.2923076923077,185.3,185.30769230769232,185.31538461538463,185.32307692307694,185.33076923076925,185.33846153846156,185.34615384615387,185.35384615384618,185.36153846153846,185.36923076923077,185.37692307692308,185.3846153846154,185.3923076923077,185.4,185.40769230769232,185.41538461538462,185.42307692307693,185.43076923076924,185.43846153846155,185.44615384615386,185.45384615384617,185.46153846153848,185.4692307692308,185.4769230769231,185.48461538461538,185.4923076923077,185.5,185.5076923076923,185.51538461538462,185.52307692307693,185.53076923076924,185.53846153846155,185.54615384615386,185.55384615384617,185.56153846153848,185.56923076923078,185.5769230769231,185.5846153846154,185.5923076923077,185.60000000000002,185.60769230769233,185.6153846153846,185.62307692307692,185.63076923076923,185.63846153846154,185.64615384615385,185.65384615384616,185.66153846153847,185.66923076923078,185.6769230769231,185.6846153846154,185.6923076923077,185.70000000000002,185.70769230769233,185.71538461538464,185.72307692307695,185.73076923076925,185.73846153846154,185.74615384615385,185.75384615384615,185.76153846153846,185.76923076923077,185.77692307692308,185.7846153846154,185.7923076923077,185.8,185.80769230769232,185.81538461538463,185.82307692307694,185.83076923076925,185.83846153846156,185.84615384615387,185.85384615384618,185.86153846153846,185.86923076923077,185.87692307692308,185.8846153846154,185.8923076923077,185.9,185.90769230769232,185.91538461538462,185.92307692307693,185.93076923076924,185.93846153846155,185.94615384615386,185.95384615384617,185.96153846153848,185.9692307692308,185.9769230769231,185.98461538461538,185.9923076923077,186.0,186.0076923076923,186.01538461538462,186.02307692307693,186.03076923076924,186.03846153846155,186.04615384615386,186.05384615384617,186.06153846153848,186.06923076923078,186.0769230769231,186.0846153846154,186.0923076923077,186.10000000000002,186.10769230769233,186.1153846153846,186.12307692307692,186.13076923076923,186.13846153846154,186.14615384615385,186.15384615384616,186.16153846153847,186.16923076923078,186.1769230769231,186.1846153846154,186.1923076923077,186.20000000000002,186.20769230769233,186.21538461538464,186.22307692307695,186.23076923076925,186.23846153846154,186.24615384615385,186.25384615384615,186.26153846153846,186.26923076923077,186.27692307692308,186.2846153846154,186.2923076923077,186.3,186.30769230769232,186.31538461538463,186.32307692307694,186.33076923076925,186.33846153846156,186.34615384615387,186.35384615384618,186.36153846153846,186.36923076923077,186.37692307692308,186.3846153846154,186.3923076923077,186.4,186.40769230769232,186.41538461538462,186.42307692307693,186.43076923076924,186.43846153846155,186.44615384615386,186.45384615384617,186.46153846153848,186.4692307692308,186.4769230769231,186.48461538461538,186.4923076923077,186.5,186.5076923076923,186.51538461538462,186.52307692307693,186.53076923076924,186.53846153846155,186.54615384615386,186.55384615384617,186.56153846153848,186.56923076923078,186.5769230769231,186.5846153846154,186.5923076923077,186.60000000000002,186.60769230769233,186.6153846153846,186.62307692307692,186.63076923076923,186.63846153846154,186.64615384615385,186.65384615384616,186.66153846153847,186.66923076923078,186.6769230769231,186.6846153846154,186.6923076923077,186.70000000000002,186.70769230769233,186.71538461538464,186.72307692307695,186.73076923076925,186.73846153846154,186.74615384615385,186.75384615384615,186.76153846153846,186.76923076923077,186.77692307692308,186.7846153846154,186.7923076923077,186.8,186.80769230769232,186.81538461538463,186.82307692307694,186.83076923076925,186.83846153846156,186.84615384615387,186.85384615384618,186.86153846153846,186.86923076923077,186.87692307692308,186.8846153846154,186.8923076923077,186.9,186.90769230769232,186.91538461538462,186.92307692307693,186.93076923076924,186.93846153846155,186.94615384615386,186.95384615384617,186.96153846153848,186.9692307692308,186.9769230769231,186.98461538461538,186.9923076923077,187.0,187.0076923076923,187.01538461538462,187.02307692307693,187.03076923076924,187.03846153846155,187.04615384615386,187.05384615384617,187.06153846153848,187.06923076923078,187.0769230769231,187.0846153846154,187.0923076923077,187.10000000000002,187.10769230769233,187.1153846153846,187.12307692307692,187.13076923076923,187.13846153846154,187.14615384615385,187.15384615384616,187.16153846153847,187.16923076923078,187.1769230769231,187.1846153846154,187.1923076923077,187.20000000000002,187.20769230769233,187.21538461538464,187.22307692307695,187.23076923076925,187.23846153846154,187.24615384615385,187.25384615384615,187.26153846153846,187.26923076923077,187.27692307692308,187.2846153846154,187.2923076923077,187.3,187.30769230769232,187.31538461538463,187.32307692307694,187.33076923076925,187.33846153846156,187.34615384615387,187.35384615384618,187.36153846153846,187.36923076923077,187.37692307692308,187.3846153846154,187.3923076923077,187.4,187.40769230769232,187.41538461538462,187.42307692307693,187.43076923076924,187.43846153846155,187.44615384615386,187.45384615384617,187.46153846153848,187.4692307692308,187.4769230769231,187.48461538461538,187.4923076923077,187.5,187.5076923076923,187.51538461538462,187.52307692307693,187.53076923076924,187.53846153846155,187.54615384615386,187.55384615384617,187.56153846153848,187.56923076923078,187.5769230769231,187.5846153846154,187.5923076923077,187.60000000000002,187.60769230769233,187.6153846153846,187.62307692307692,187.63076923076923,187.63846153846154,187.64615384615385,187.65384615384616,187.66153846153847,187.66923076923078,187.6769230769231,187.6846153846154,187.6923076923077,187.70000000000002,187.70769230769233,187.71538461538464,187.72307692307695,187.73076923076925,187.73846153846154,187.74615384615385,187.75384615384615,187.76153846153846,187.76923076923077,187.77692307692308,187.7846153846154,187.7923076923077,187.8,187.80769230769232,187.81538461538463,187.82307692307694,187.83076923076925,187.83846153846156,187.84615384615387,187.85384615384618,187.86153846153846,187.86923076923077,187.87692307692308,187.8846153846154,187.8923076923077,187.9,187.90769230769232,187.91538461538462,187.92307692307693,187.93076923076924,187.93846153846155,187.94615384615386,187.95384615384617,187.96153846153848,187.9692307692308,187.9769230769231,187.98461538461538,187.9923076923077,188.0,188.0076923076923,188.01538461538462,188.02307692307693,188.03076923076924,188.03846153846155,188.04615384615386,188.05384615384617,188.06153846153848,188.06923076923078,188.0769230769231,188.0846153846154,188.0923076923077,188.10000000000002,188.10769230769233,188.1153846153846,188.12307692307692,188.13076923076923,188.13846153846154,188.14615384615385,188.15384615384616,188.16153846153847,188.16923076923078,188.1769230769231,188.1846153846154,188.1923076923077,188.20000000000002,188.20769230769233,188.21538461538464,188.22307692307695,188.23076923076925,188.23846153846154,188.24615384615385,188.25384615384615,188.26153846153846,188.26923076923077,188.27692307692308,188.2846153846154,188.2923076923077,188.3,188.30769230769232,188.31538461538463,188.32307692307694,188.33076923076925,188.33846153846156,188.34615384615387,188.35384615384618,188.36153846153846,188.36923076923077,188.37692307692308,188.3846153846154,188.3923076923077,188.4,188.40769230769232,188.41538461538462,188.42307692307693,188.43076923076924,188.43846153846155,188.44615384615386,188.45384615384617,188.46153846153848,188.4692307692308,188.4769230769231,188.48461538461538,188.4923076923077,188.5,188.5076923076923,188.51538461538462,188.52307692307693,188.53076923076924,188.53846153846155,188.54615384615386,188.55384615384617,188.56153846153848,188.56923076923078,188.5769230769231,188.5846153846154,188.5923076923077,188.60000000000002,188.60769230769233,188.6153846153846,188.62307692307692,188.63076923076923,188.63846153846154,188.64615384615385,188.65384615384616,188.66153846153847,188.66923076923078,188.6769230769231,188.6846153846154,188.6923076923077,188.70000000000002,188.70769230769233,188.71538461538464,188.72307692307695,188.73076923076925,188.73846153846154,188.74615384615385,188.75384615384615,188.76153846153846,188.76923076923077,188.77692307692308,188.7846153846154,188.7923076923077,188.8,188.80769230769232,188.81538461538463,188.82307692307694,188.83076923076925,188.83846153846156,188.84615384615387,188.85384615384618,188.86153846153846,188.86923076923077,188.87692307692308,188.8846153846154,188.8923076923077,188.9,188.90769230769232,188.91538461538462,188.92307692307693,188.93076923076924,188.93846153846155,188.94615384615386,188.95384615384617,188.96153846153848,188.9692307692308,188.9769230769231,188.98461538461538,188.9923076923077,189.0,189.0076923076923,189.01538461538462,189.02307692307693,189.03076923076924,189.03846153846155,189.04615384615386,189.05384615384617,189.06153846153848,189.06923076923078,189.0769230769231,189.0846153846154,189.0923076923077,189.10000000000002,189.10769230769233,189.1153846153846,189.12307692307692,189.13076923076923,189.13846153846154,189.14615384615385,189.15384615384616,189.16153846153847,189.16923076923078,189.1769230769231,189.1846153846154,189.1923076923077,189.20000000000002,189.20769230769233,189.21538461538464,189.22307692307695,189.23076923076925,189.23846153846154,189.24615384615385,189.25384615384615,189.26153846153846,189.26923076923077,189.27692307692308,189.2846153846154,189.2923076923077,189.3,189.30769230769232,189.31538461538463,189.32307692307694,189.33076923076925,189.33846153846156,189.34615384615387,189.35384615384618,189.36153846153846,189.36923076923077,189.37692307692308,189.3846153846154,189.3923076923077,189.4,189.40769230769232,189.41538461538462,189.42307692307693,189.43076923076924,189.43846153846155,189.44615384615386,189.45384615384617,189.46153846153848,189.4692307692308,189.4769230769231,189.48461538461538,189.4923076923077,189.5,189.5076923076923,189.51538461538462,189.52307692307693,189.53076923076924,189.53846153846155,189.54615384615386,189.55384615384617,189.56153846153848,189.56923076923078,189.5769230769231,189.5846153846154,189.5923076923077,189.60000000000002,189.60769230769233,189.6153846153846,189.62307692307692,189.63076923076923,189.63846153846154,189.64615384615385,189.65384615384616,189.66153846153847,189.66923076923078,189.6769230769231,189.6846153846154,189.6923076923077,189.70000000000002,189.70769230769233,189.71538461538464,189.72307692307695,189.73076923076925,189.73846153846154,189.74615384615385,189.75384615384615,189.76153846153846,189.76923076923077,189.77692307692308,189.7846153846154,189.7923076923077,189.8,189.80769230769232,189.81538461538463,189.82307692307694,189.83076923076925,189.83846153846156,189.84615384615387,189.85384615384618,189.86153846153846,189.86923076923077,189.87692307692308,189.8846153846154,189.8923076923077,189.9,189.90769230769232,189.91538461538462,189.92307692307693,189.93076923076924,189.93846153846155,189.94615384615386,189.95384615384617,189.96153846153848,189.9692307692308,189.9769230769231,189.98461538461538,189.9923076923077,190.0,190.0076923076923,190.01538461538462,190.02307692307693,190.03076923076924,190.03846153846155,190.04615384615386,190.05384615384617,190.06153846153848,190.06923076923078,190.0769230769231,190.0846153846154,190.0923076923077,190.10000000000002,190.10769230769233,190.1153846153846,190.12307692307692,190.13076923076923,190.13846153846154,190.14615384615385,190.15384615384616,190.16153846153847,190.16923076923078,190.1769230769231,190.1846153846154,190.1923076923077,190.20000000000002,190.20769230769233,190.21538461538464,190.22307692307695,190.23076923076925,190.23846153846154,190.24615384615385,190.25384615384615,190.26153846153846,190.26923076923077,190.27692307692308,190.2846153846154,190.2923076923077,190.3,190.30769230769232,190.31538461538463,190.32307692307694,190.33076923076925,190.33846153846156,190.34615384615387,190.35384615384618,190.36153846153846,190.36923076923077,190.37692307692308,190.3846153846154,190.3923076923077,190.4,190.40769230769232,190.41538461538462,190.42307692307693,190.43076923076924,190.43846153846155,190.44615384615386,190.45384615384617,190.46153846153848,190.4692307692308,190.4769230769231,190.48461538461538,190.4923076923077,190.5,190.5076923076923,190.51538461538462,190.52307692307693,190.53076923076924,190.53846153846155,190.54615384615386,190.55384615384617,190.56153846153848,190.56923076923078,190.5769230769231,190.5846153846154,190.5923076923077,190.60000000000002,190.60769230769233,190.6153846153846,190.62307692307692,190.63076923076923,190.63846153846154,190.64615384615385,190.65384615384616,190.66153846153847,190.66923076923078,190.6769230769231,190.6846153846154,190.6923076923077,190.70000000000002,190.70769230769233,190.71538461538464,190.72307692307695,190.73076923076925,190.73846153846154,190.74615384615385,190.75384615384615,190.76153846153846,190.76923076923077,190.77692307692308,190.7846153846154,190.7923076923077,190.8,190.80769230769232,190.81538461538463,190.82307692307694,190.83076923076925,190.83846153846156,190.84615384615387,190.85384615384618,190.86153846153846,190.86923076923077,190.87692307692308,190.8846153846154,190.8923076923077,190.9,190.90769230769232,190.91538461538462,190.92307692307693,190.93076923076924,190.93846153846155,190.94615384615386,190.95384615384617,190.96153846153848,190.9692307692308,190.9769230769231,190.98461538461538,190.9923076923077,191.0,191.0076923076923,191.01538461538462,191.02307692307693,191.03076923076924,191.03846153846155,191.04615384615386,191.05384615384617,191.06153846153848,191.06923076923078,191.0769230769231,191.0846153846154,191.0923076923077,191.10000000000002,191.10769230769233,191.1153846153846,191.12307692307692,191.13076923076923,191.13846153846154,191.14615384615385,191.15384615384616,191.16153846153847,191.16923076923078,191.1769230769231,191.1846153846154,191.1923076923077,191.20000000000002,191.20769230769233,191.21538461538464,191.22307692307695,191.23076923076925,191.23846153846154,191.24615384615385,191.25384615384615,191.26153846153846,191.26923076923077,191.27692307692308,191.2846153846154,191.2923076923077,191.3,191.30769230769232,191.31538461538463,191.32307692307694,191.33076923076925,191.33846153846156,191.34615384615387,191.35384615384618,191.36153846153846,191.36923076923077,191.37692307692308,191.3846153846154,191.3923076923077,191.4,191.40769230769232,191.41538461538462,191.42307692307693,191.43076923076924,191.43846153846155,191.44615384615386,191.45384615384617,191.46153846153848,191.4692307692308,191.4769230769231,191.48461538461538,191.4923076923077,191.5,191.5076923076923,191.51538461538462,191.52307692307693,191.53076923076924,191.53846153846155,191.54615384615386,191.55384615384617,191.56153846153848,191.56923076923078,191.5769230769231,191.5846153846154,191.5923076923077,191.60000000000002,191.60769230769233,191.6153846153846,191.62307692307692,191.63076923076923,191.63846153846154,191.64615384615385,191.65384615384616,191.66153846153847,191.66923076923078,191.6769230769231,191.6846153846154,191.6923076923077,191.70000000000002,191.70769230769233,191.71538461538464,191.72307692307695,191.73076923076925,191.73846153846154,191.74615384615385,191.75384615384615,191.76153846153846,191.76923076923077,191.77692307692308,191.7846153846154,191.7923076923077,191.8,191.80769230769232,191.81538461538463,191.82307692307694,191.83076923076925,191.83846153846156,191.84615384615387,191.85384615384618,191.86153846153846,191.86923076923077,191.87692307692308,191.8846153846154,191.8923076923077,191.9,191.90769230769232,191.91538461538462,191.92307692307693,191.93076923076924,191.93846153846155,191.94615384615386,191.95384615384617,191.96153846153848,191.9692307692308,191.9769230769231,191.98461538461538,191.9923076923077,192.0,192.0076923076923,192.01538461538462,192.02307692307693,192.03076923076924,192.03846153846155,192.04615384615386,192.05384615384617,192.06153846153848,192.06923076923078,192.0769230769231,192.0846153846154,192.0923076923077,192.10000000000002,192.10769230769233,192.1153846153846,192.12307692307692,192.13076923076923,192.13846153846154,192.14615384615385,192.15384615384616,192.16153846153847,192.16923076923078,192.1769230769231,192.1846153846154,192.1923076923077,192.20000000000002,192.20769230769233,192.21538461538464,192.22307692307695,192.23076923076925,192.23846153846154,192.24615384615385,192.25384615384615,192.26153846153846,192.26923076923077,192.27692307692308,192.2846153846154,192.2923076923077,192.3,192.30769230769232,192.31538461538463,192.32307692307694,192.33076923076925,192.33846153846156,192.34615384615387,192.35384615384618,192.36153846153846,192.36923076923077,192.37692307692308,192.3846153846154,192.3923076923077,192.4,192.40769230769232,192.41538461538462,192.42307692307693,192.43076923076924,192.43846153846155,192.44615384615386,192.45384615384617,192.46153846153848,192.4692307692308,192.4769230769231,192.48461538461538,192.4923076923077,192.5,192.5076923076923,192.51538461538462,192.52307692307693,192.53076923076924,192.53846153846155,192.54615384615386,192.55384615384617,192.56153846153848,192.56923076923078,192.5769230769231,192.5846153846154,192.5923076923077,192.60000000000002,192.60769230769233,192.6153846153846,192.62307692307692,192.63076923076923,192.63846153846154,192.64615384615385,192.65384615384616,192.66153846153847,192.66923076923078,192.6769230769231,192.6846153846154,192.6923076923077,192.70000000000002,192.70769230769233,192.71538461538464,192.72307692307695,192.73076923076925,192.73846153846154,192.74615384615385,192.75384615384615,192.76153846153846,192.76923076923077,192.77692307692308,192.7846153846154,192.7923076923077,192.8,192.80769230769232,192.81538461538463,192.82307692307694,192.83076923076925,192.83846153846156,192.84615384615387,192.85384615384618,192.86153846153846,192.86923076923077,192.87692307692308,192.8846153846154,192.8923076923077,192.9,192.90769230769232,192.91538461538462,192.92307692307693,192.93076923076924,192.93846153846155,192.94615384615386,192.95384615384617,192.96153846153848,192.9692307692308,192.9769230769231,192.98461538461538,192.9923076923077,193.0,193.0076923076923,193.01538461538462,193.02307692307693,193.03076923076924,193.03846153846155,193.04615384615386,193.05384615384617,193.06153846153848,193.06923076923078,193.0769230769231,193.0846153846154,193.0923076923077,193.10000000000002,193.10769230769233,193.1153846153846,193.12307692307692,193.13076923076923,193.13846153846154,193.14615384615385,193.15384615384616,193.16153846153847,193.16923076923078,193.1769230769231,193.1846153846154,193.1923076923077,193.20000000000002,193.20769230769233,193.21538461538464,193.22307692307695,193.23076923076925,193.23846153846154,193.24615384615385,193.25384615384615,193.26153846153846,193.26923076923077,193.27692307692308,193.2846153846154,193.2923076923077,193.3,193.30769230769232,193.31538461538463,193.32307692307694,193.33076923076925,193.33846153846156,193.34615384615387,193.35384615384618,193.36153846153846,193.36923076923077,193.37692307692308,193.3846153846154,193.3923076923077,193.4,193.40769230769232,193.41538461538462,193.42307692307693,193.43076923076924,193.43846153846155,193.44615384615386,193.45384615384617,193.46153846153848,193.4692307692308,193.4769230769231,193.4846153846154,193.4923076923077,193.5,193.5076923076923,193.51538461538462,193.52307692307693,193.53076923076924,193.53846153846155,193.54615384615386,193.55384615384617,193.56153846153848,193.56923076923078,193.5769230769231,193.5846153846154,193.5923076923077,193.60000000000002,193.60769230769233,193.6153846153846,193.62307692307692,193.63076923076923,193.63846153846154,193.64615384615385,193.65384615384616,193.66153846153847,193.66923076923078,193.6769230769231,193.6846153846154,193.6923076923077,193.70000000000002,193.70769230769233,193.71538461538464,193.72307692307695,193.73076923076925,193.73846153846154,193.74615384615385,193.75384615384615,193.76153846153846,193.76923076923077,193.77692307692308,193.7846153846154,193.7923076923077,193.8,193.80769230769232,193.81538461538463,193.82307692307694,193.83076923076925,193.83846153846156,193.84615384615387,193.85384615384618,193.86153846153846,193.86923076923077,193.87692307692308,193.8846153846154,193.8923076923077,193.9,193.90769230769232,193.91538461538462,193.92307692307693,193.93076923076924,193.93846153846155,193.94615384615386,193.95384615384617,193.96153846153848,193.9692307692308,193.9769230769231,193.9846153846154,193.9923076923077,194.0,194.0076923076923,194.01538461538462,194.02307692307693,194.03076923076924,194.03846153846155,194.04615384615386,194.05384615384617,194.06153846153848,194.06923076923078,194.0769230769231,194.0846153846154,194.0923076923077,194.10000000000002,194.10769230769233,194.1153846153846,194.12307692307692,194.13076923076923,194.13846153846154,194.14615384615385,194.15384615384616,194.16153846153847,194.16923076923078,194.1769230769231,194.1846153846154,194.1923076923077,194.20000000000002,194.20769230769233,194.21538461538464,194.22307692307695,194.23076923076925,194.23846153846154,194.24615384615385,194.25384615384615,194.26153846153846,194.26923076923077,194.27692307692308,194.2846153846154,194.2923076923077,194.3,194.30769230769232,194.31538461538463,194.32307692307694,194.33076923076925,194.33846153846156,194.34615384615387,194.35384615384618,194.36153846153846,194.36923076923077,194.37692307692308,194.3846153846154,194.3923076923077,194.4,194.40769230769232,194.41538461538462,194.42307692307693,194.43076923076924,194.43846153846155,194.44615384615386,194.45384615384617,194.46153846153848,194.4692307692308,194.4769230769231,194.4846153846154,194.4923076923077,194.5,194.5076923076923,194.51538461538462,194.52307692307693,194.53076923076924,194.53846153846155,194.54615384615386,194.55384615384617,194.56153846153848,194.56923076923078,194.5769230769231,194.5846153846154,194.5923076923077,194.60000000000002,194.60769230769233,194.6153846153846,194.62307692307692,194.63076923076923,194.63846153846154,194.64615384615385,194.65384615384616,194.66153846153847,194.66923076923078,194.6769230769231,194.6846153846154,194.6923076923077,194.70000000000002,194.70769230769233,194.71538461538464,194.72307692307695,194.73076923076925,194.73846153846154,194.74615384615385,194.75384615384615,194.76153846153846,194.76923076923077,194.77692307692308,194.7846153846154,194.7923076923077,194.8,194.80769230769232,194.81538461538463,194.82307692307694,194.83076923076925,194.83846153846156,194.84615384615387,194.85384615384618,194.86153846153846,194.86923076923077,194.87692307692308,194.8846153846154,194.8923076923077,194.9,194.90769230769232,194.91538461538462,194.92307692307693,194.93076923076924,194.93846153846155,194.94615384615386,194.95384615384617,194.96153846153848,194.9692307692308,194.9769230769231,194.9846153846154,194.9923076923077,195.0,195.0076923076923,195.01538461538462,195.02307692307693,195.03076923076924,195.03846153846155,195.04615384615386,195.05384615384617,195.06153846153848,195.06923076923078,195.0769230769231,195.0846153846154,195.0923076923077,195.10000000000002,195.10769230769233,195.1153846153846,195.12307692307692,195.13076923076923,195.13846153846154,195.14615384615385,195.15384615384616,195.16153846153847,195.16923076923078,195.1769230769231,195.1846153846154,195.1923076923077,195.20000000000002,195.20769230769233,195.21538461538464,195.22307692307695,195.23076923076925,195.23846153846154,195.24615384615385,195.25384615384615,195.26153846153846,195.26923076923077,195.27692307692308,195.2846153846154,195.2923076923077,195.3,195.30769230769232,195.31538461538463,195.32307692307694,195.33076923076925,195.33846153846156,195.34615384615387,195.35384615384618,195.36153846153846,195.36923076923077,195.37692307692308,195.3846153846154,195.3923076923077,195.4,195.40769230769232,195.41538461538462,195.42307692307693,195.43076923076924,195.43846153846155,195.44615384615386,195.45384615384617,195.46153846153848,195.4692307692308,195.4769230769231,195.4846153846154,195.4923076923077,195.5,195.5076923076923,195.51538461538462,195.52307692307693,195.53076923076924,195.53846153846155,195.54615384615386,195.55384615384617,195.56153846153848,195.56923076923078,195.5769230769231,195.5846153846154,195.5923076923077,195.60000000000002,195.60769230769233,195.6153846153846,195.62307692307692,195.63076923076923,195.63846153846154,195.64615384615385,195.65384615384616,195.66153846153847,195.66923076923078,195.6769230769231,195.6846153846154,195.6923076923077,195.70000000000002,195.70769230769233,195.71538461538464,195.72307692307695,195.73076923076925,195.73846153846154,195.74615384615385,195.75384615384615,195.76153846153846,195.76923076923077,195.77692307692308,195.7846153846154,195.7923076923077,195.8,195.80769230769232,195.81538461538463,195.82307692307694,195.83076923076925,195.83846153846156,195.84615384615387,195.85384615384618,195.86153846153846,195.86923076923077,195.87692307692308,195.8846153846154,195.8923076923077,195.9,195.90769230769232,195.91538461538462,195.92307692307693,195.93076923076924,195.93846153846155,195.94615384615386,195.95384615384617,195.96153846153848,195.9692307692308,195.9769230769231,195.9846153846154,195.9923076923077,196.0,196.0076923076923,196.01538461538462,196.02307692307693,196.03076923076924,196.03846153846155,196.04615384615386,196.05384615384617,196.06153846153848,196.06923076923078,196.0769230769231,196.0846153846154,196.0923076923077,196.10000000000002,196.10769230769233,196.1153846153846,196.12307692307692,196.13076923076923,196.13846153846154,196.14615384615385,196.15384615384616,196.16153846153847,196.16923076923078,196.1769230769231,196.1846153846154,196.1923076923077,196.20000000000002,196.20769230769233,196.21538461538464,196.22307692307695,196.23076923076925,196.23846153846154,196.24615384615385,196.25384615384615,196.26153846153846,196.26923076923077,196.27692307692308,196.2846153846154,196.2923076923077,196.3,196.30769230769232,196.31538461538463,196.32307692307694,196.33076923076925,196.33846153846156,196.34615384615387,196.35384615384618,196.36153846153846,196.36923076923077,196.37692307692308,196.3846153846154,196.3923076923077,196.4,196.40769230769232,196.41538461538462,196.42307692307693,196.43076923076924,196.43846153846155,196.44615384615386,196.45384615384617,196.46153846153848,196.4692307692308,196.4769230769231,196.4846153846154,196.4923076923077,196.5,196.5076923076923,196.51538461538462,196.52307692307693,196.53076923076924,196.53846153846155,196.54615384615386,196.55384615384617,196.56153846153848,196.56923076923078,196.5769230769231,196.5846153846154,196.5923076923077,196.60000000000002,196.60769230769233,196.6153846153846,196.62307692307692,196.63076923076923,196.63846153846154,196.64615384615385,196.65384615384616,196.66153846153847,196.66923076923078,196.6769230769231,196.6846153846154,196.6923076923077,196.70000000000002,196.70769230769233,196.71538461538464,196.72307692307695,196.73076923076925,196.73846153846154,196.74615384615385,196.75384615384615,196.76153846153846,196.76923076923077,196.77692307692308,196.7846153846154,196.7923076923077,196.8,196.80769230769232,196.81538461538463,196.82307692307694,196.83076923076925,196.83846153846156,196.84615384615387,196.85384615384618,196.86153846153846,196.86923076923077,196.87692307692308,196.8846153846154,196.8923076923077,196.9,196.90769230769232,196.91538461538462,196.92307692307693,196.93076923076924,196.93846153846155,196.94615384615386,196.95384615384617,196.96153846153848,196.9692307692308,196.9769230769231,196.9846153846154,196.9923076923077,197.0,197.0076923076923,197.01538461538462,197.02307692307693,197.03076923076924,197.03846153846155,197.04615384615386,197.05384615384617,197.06153846153848,197.06923076923078,197.0769230769231,197.0846153846154,197.0923076923077,197.10000000000002,197.10769230769233,197.1153846153846,197.12307692307692,197.13076923076923,197.13846153846154,197.14615384615385,197.15384615384616,197.16153846153847,197.16923076923078,197.1769230769231,197.1846153846154,197.1923076923077,197.20000000000002,197.20769230769233,197.21538461538464,197.22307692307695,197.23076923076925,197.23846153846154,197.24615384615385,197.25384615384615,197.26153846153846,197.26923076923077,197.27692307692308,197.2846153846154,197.2923076923077,197.3,197.30769230769232,197.31538461538463,197.32307692307694,197.33076923076925,197.33846153846156,197.34615384615387,197.35384615384618,197.36153846153846,197.36923076923077,197.37692307692308,197.3846153846154,197.3923076923077,197.4,197.40769230769232,197.41538461538462,197.42307692307693,197.43076923076924,197.43846153846155,197.44615384615386,197.45384615384617,197.46153846153848,197.4692307692308,197.4769230769231,197.4846153846154,197.4923076923077,197.5,197.5076923076923,197.51538461538462,197.52307692307693,197.53076923076924,197.53846153846155,197.54615384615386,197.55384615384617,197.56153846153848,197.56923076923078,197.5769230769231,197.5846153846154,197.5923076923077,197.60000000000002,197.60769230769233,197.6153846153846,197.62307692307692,197.63076923076923,197.63846153846154,197.64615384615385,197.65384615384616,197.66153846153847,197.66923076923078,197.6769230769231,197.6846153846154,197.6923076923077,197.70000000000002,197.70769230769233,197.71538461538464,197.72307692307695,197.73076923076925,197.73846153846154,197.74615384615385,197.75384615384615,197.76153846153846,197.76923076923077,197.77692307692308,197.7846153846154,197.7923076923077,197.8,197.80769230769232,197.81538461538463,197.82307692307694,197.83076923076925,197.83846153846156,197.84615384615387,197.85384615384618,197.86153846153846,197.86923076923077,197.87692307692308,197.8846153846154,197.8923076923077,197.9,197.90769230769232,197.91538461538462,197.92307692307693,197.93076923076924,197.93846153846155,197.94615384615386,197.95384615384617,197.96153846153848,197.9692307692308,197.9769230769231,197.9846153846154,197.9923076923077,198.0,198.0076923076923,198.01538461538462,198.02307692307693,198.03076923076924,198.03846153846155,198.04615384615386,198.05384615384617,198.06153846153848,198.06923076923078,198.0769230769231,198.0846153846154,198.0923076923077,198.10000000000002,198.10769230769233,198.1153846153846,198.12307692307692,198.13076923076923,198.13846153846154,198.14615384615385,198.15384615384616,198.16153846153847,198.16923076923078,198.1769230769231,198.1846153846154,198.1923076923077,198.20000000000002,198.20769230769233,198.21538461538464,198.22307692307695,198.23076923076925,198.23846153846154,198.24615384615385,198.25384615384615,198.26153846153846,198.26923076923077,198.27692307692308,198.2846153846154,198.2923076923077,198.3,198.30769230769232,198.31538461538463,198.32307692307694,198.33076923076925,198.33846153846156,198.34615384615387,198.35384615384618,198.36153846153846,198.36923076923077,198.37692307692308,198.3846153846154,198.3923076923077,198.4,198.40769230769232,198.41538461538462,198.42307692307693,198.43076923076924,198.43846153846155,198.44615384615386,198.45384615384617,198.46153846153848,198.4692307692308,198.4769230769231,198.4846153846154,198.4923076923077,198.5,198.5076923076923,198.51538461538462,198.52307692307693,198.53076923076924,198.53846153846155,198.54615384615386,198.55384615384617,198.56153846153848,198.56923076923078,198.5769230769231,198.5846153846154,198.5923076923077,198.60000000000002,198.60769230769233,198.6153846153846,198.62307692307692,198.63076923076923,198.63846153846154,198.64615384615385,198.65384615384616,198.66153846153847,198.66923076923078,198.6769230769231,198.6846153846154,198.6923076923077,198.70000000000002,198.70769230769233,198.71538461538464,198.72307692307695,198.73076923076925,198.73846153846154,198.74615384615385,198.75384615384615,198.76153846153846,198.76923076923077,198.77692307692308,198.7846153846154,198.7923076923077,198.8,198.80769230769232,198.81538461538463,198.82307692307694,198.83076923076925,198.83846153846156,198.84615384615387,198.85384615384618,198.86153846153846,198.86923076923077,198.87692307692308,198.8846153846154,198.8923076923077,198.9,198.90769230769232,198.91538461538462,198.92307692307693,198.93076923076924,198.93846153846155,198.94615384615386,198.95384615384617,198.96153846153848,198.9692307692308,198.9769230769231,198.9846153846154,198.9923076923077,199.0,199.0076923076923,199.01538461538462,199.02307692307693,199.03076923076924,199.03846153846155,199.04615384615386,199.05384615384617,199.06153846153848,199.06923076923078,199.0769230769231,199.0846153846154,199.0923076923077,199.10000000000002,199.10769230769233,199.1153846153846,199.12307692307692,199.13076923076923,199.13846153846154,199.14615384615385,199.15384615384616,199.16153846153847,199.16923076923078,199.1769230769231,199.1846153846154,199.1923076923077,199.20000000000002,199.20769230769233,199.21538461538464,199.22307692307695,199.23076923076925,199.23846153846154,199.24615384615385,199.25384615384615,199.26153846153846,199.26923076923077,199.27692307692308,199.2846153846154,199.2923076923077,199.3,199.30769230769232,199.31538461538463,199.32307692307694,199.33076923076925,199.33846153846156,199.34615384615387,199.35384615384618,199.36153846153846,199.36923076923077,199.37692307692308,199.3846153846154,199.3923076923077,199.4,199.40769230769232,199.41538461538462,199.42307692307693,199.43076923076924,199.43846153846155,199.44615384615386,199.45384615384617,199.46153846153848,199.4692307692308,199.4769230769231,199.4846153846154,199.4923076923077,199.5,199.5076923076923,199.51538461538462,199.52307692307693,199.53076923076924,199.53846153846155,199.54615384615386,199.55384615384617,199.56153846153848,199.56923076923078,199.5769230769231,199.5846153846154,199.5923076923077,199.60000000000002,199.60769230769233,199.6153846153846,199.62307692307692,199.63076923076923,199.63846153846154,199.64615384615385,199.65384615384616,199.66153846153847,199.66923076923078,199.6769230769231,199.6846153846154,199.6923076923077,199.70000000000002,199.70769230769233,199.71538461538464,199.72307692307695,199.73076923076925,199.73846153846154,199.74615384615385,199.75384615384615,199.76153846153846,199.76923076923077,199.77692307692308,199.7846153846154,199.7923076923077,199.8,199.80769230769232,199.81538461538463,199.82307692307694,199.83076923076925,199.83846153846156,199.84615384615387,199.85384615384618,199.86153846153846,199.86923076923077,199.87692307692308,199.8846153846154,199.8923076923077,199.9,199.90769230769232,199.91538461538462,199.92307692307693,199.93076923076924,199.93846153846155,199.94615384615386,199.95384615384617,199.96153846153848,199.9692307692308,199.9769230769231,199.9846153846154,199.9923076923077,200.0,200.0076923076923,200.01538461538462,200.02307692307693,200.03076923076924,200.03846153846155,200.04615384615386,200.05384615384617,200.06153846153848,200.06923076923078,200.0769230769231,200.0846153846154,200.0923076923077,200.10000000000002,200.10769230769233,200.1153846153846,200.12307692307692,200.13076923076923,200.13846153846154,200.14615384615385,200.15384615384616,200.16153846153847,200.16923076923078,200.1769230769231,200.1846153846154,200.1923076923077,200.20000000000002,200.20769230769233,200.21538461538464,200.22307692307695,200.23076923076925,200.23846153846154,200.24615384615385,200.25384615384615,200.26153846153846,200.26923076923077,200.27692307692308,200.2846153846154,200.2923076923077,200.3,200.30769230769232,200.31538461538463,200.32307692307694,200.33076923076925,200.33846153846156,200.34615384615387,200.35384615384618,200.36153846153846,200.36923076923077,200.37692307692308,200.3846153846154,200.3923076923077,200.4,200.40769230769232,200.41538461538462,200.42307692307693,200.43076923076924,200.43846153846155,200.44615384615386,200.45384615384617,200.46153846153848,200.4692307692308,200.4769230769231,200.4846153846154,200.4923076923077,200.5,200.5076923076923,200.51538461538462,200.52307692307693,200.53076923076924,200.53846153846155,200.54615384615386,200.55384615384617,200.56153846153848,200.56923076923078,200.5769230769231,200.5846153846154,200.5923076923077,200.60000000000002,200.60769230769233,200.6153846153846,200.62307692307692,200.63076923076923,200.63846153846154,200.64615384615385,200.65384615384616,200.66153846153847,200.66923076923078,200.6769230769231,200.6846153846154,200.6923076923077,200.70000000000002,200.70769230769233,200.71538461538464,200.72307692307695,200.73076923076925,200.73846153846154,200.74615384615385,200.75384615384615,200.76153846153846,200.76923076923077,200.77692307692308,200.7846153846154,200.7923076923077,200.8,200.80769230769232,200.81538461538463,200.82307692307694,200.83076923076925,200.83846153846156,200.84615384615387,200.85384615384618,200.8615384615385,200.86923076923077,200.87692307692308,200.8846153846154,200.8923076923077,200.9,200.90769230769232,200.91538461538462,200.92307692307693,200.93076923076924,200.93846153846155,200.94615384615386,200.95384615384617,200.96153846153848,200.9692307692308,200.9769230769231,200.9846153846154,200.9923076923077,201.0,201.0076923076923,201.01538461538462,201.02307692307693,201.03076923076924,201.03846153846155,201.04615384615386,201.05384615384617,201.06153846153848,201.06923076923078,201.0769230769231,201.0846153846154,201.0923076923077,201.10000000000002,201.10769230769233,201.1153846153846,201.12307692307692,201.13076923076923,201.13846153846154,201.14615384615385,201.15384615384616,201.16153846153847,201.16923076923078,201.1769230769231,201.1846153846154,201.1923076923077,201.20000000000002,201.20769230769233,201.21538461538464,201.22307692307695,201.23076923076925,201.23846153846154,201.24615384615385,201.25384615384615,201.26153846153846,201.26923076923077,201.27692307692308,201.2846153846154,201.2923076923077,201.3,201.30769230769232,201.31538461538463,201.32307692307694,201.33076923076925,201.33846153846156,201.34615384615387,201.35384615384618,201.3615384615385,201.36923076923077,201.37692307692308,201.3846153846154,201.3923076923077,201.4,201.40769230769232,201.41538461538462,201.42307692307693,201.43076923076924,201.43846153846155,201.44615384615386,201.45384615384617,201.46153846153848,201.4692307692308,201.4769230769231,201.4846153846154,201.4923076923077,201.5,201.5076923076923,201.51538461538462,201.52307692307693,201.53076923076924,201.53846153846155,201.54615384615386,201.55384615384617,201.56153846153848,201.56923076923078,201.5769230769231,201.5846153846154,201.5923076923077,201.60000000000002,201.60769230769233,201.6153846153846,201.62307692307692,201.63076923076923,201.63846153846154,201.64615384615385,201.65384615384616,201.66153846153847,201.66923076923078,201.6769230769231,201.6846153846154,201.6923076923077,201.70000000000002,201.70769230769233,201.71538461538464,201.72307692307695,201.73076923076925,201.73846153846154,201.74615384615385,201.75384615384615,201.76153846153846,201.76923076923077,201.77692307692308,201.7846153846154,201.7923076923077,201.8,201.80769230769232,201.81538461538463,201.82307692307694,201.83076923076925,201.83846153846156,201.84615384615387,201.85384615384618,201.8615384615385,201.86923076923077,201.87692307692308,201.8846153846154,201.8923076923077,201.9,201.90769230769232,201.91538461538462,201.92307692307693,201.93076923076924,201.93846153846155,201.94615384615386,201.95384615384617,201.96153846153848,201.9692307692308,201.9769230769231,201.9846153846154,201.9923076923077,202.0,202.0076923076923,202.01538461538462,202.02307692307693,202.03076923076924,202.03846153846155,202.04615384615386,202.05384615384617,202.06153846153848,202.06923076923078,202.0769230769231,202.0846153846154,202.0923076923077,202.10000000000002,202.10769230769233,202.1153846153846,202.12307692307692,202.13076923076923,202.13846153846154,202.14615384615385,202.15384615384616,202.16153846153847,202.16923076923078,202.1769230769231,202.1846153846154,202.1923076923077,202.20000000000002,202.20769230769233,202.21538461538464,202.22307692307695,202.23076923076925,202.23846153846154,202.24615384615385,202.25384615384615,202.26153846153846,202.26923076923077,202.27692307692308,202.2846153846154,202.2923076923077,202.3,202.30769230769232,202.31538461538463,202.32307692307694,202.33076923076925,202.33846153846156,202.34615384615387,202.35384615384618,202.3615384615385,202.36923076923077,202.37692307692308,202.3846153846154,202.3923076923077,202.4,202.40769230769232,202.41538461538462,202.42307692307693,202.43076923076924,202.43846153846155,202.44615384615386,202.45384615384617,202.46153846153848,202.4692307692308,202.4769230769231,202.4846153846154,202.4923076923077,202.5,202.5076923076923,202.51538461538462,202.52307692307693,202.53076923076924,202.53846153846155,202.54615384615386,202.55384615384617,202.56153846153848,202.56923076923078,202.5769230769231,202.5846153846154,202.5923076923077,202.60000000000002,202.60769230769233,202.6153846153846,202.62307692307692,202.63076923076923,202.63846153846154,202.64615384615385,202.65384615384616,202.66153846153847,202.66923076923078,202.6769230769231,202.6846153846154,202.6923076923077,202.70000000000002,202.70769230769233,202.71538461538464,202.72307692307695,202.73076923076925,202.73846153846154,202.74615384615385,202.75384615384615,202.76153846153846,202.76923076923077,202.77692307692308,202.7846153846154,202.7923076923077,202.8,202.80769230769232,202.81538461538463,202.82307692307694,202.83076923076925,202.83846153846156,202.84615384615387,202.85384615384618,202.8615384615385,202.86923076923077,202.87692307692308,202.8846153846154,202.8923076923077,202.9,202.90769230769232,202.91538461538462,202.92307692307693,202.93076923076924,202.93846153846155,202.94615384615386,202.95384615384617,202.96153846153848,202.9692307692308,202.9769230769231,202.9846153846154,202.9923076923077,203.0,203.0076923076923,203.01538461538462,203.02307692307693,203.03076923076924,203.03846153846155,203.04615384615386,203.05384615384617,203.06153846153848,203.06923076923078,203.0769230769231,203.0846153846154,203.0923076923077,203.10000000000002,203.10769230769233,203.1153846153846,203.12307692307692,203.13076923076923,203.13846153846154,203.14615384615385,203.15384615384616,203.16153846153847,203.16923076923078,203.1769230769231,203.1846153846154,203.1923076923077,203.20000000000002,203.20769230769233,203.21538461538464,203.22307692307695,203.23076923076925,203.23846153846154,203.24615384615385,203.25384615384615,203.26153846153846,203.26923076923077,203.27692307692308,203.2846153846154,203.2923076923077,203.3,203.30769230769232,203.31538461538463,203.32307692307694,203.33076923076925,203.33846153846156,203.34615384615387,203.35384615384618,203.3615384615385,203.36923076923077,203.37692307692308,203.3846153846154,203.3923076923077,203.4,203.40769230769232,203.41538461538462,203.42307692307693,203.43076923076924,203.43846153846155,203.44615384615386,203.45384615384617,203.46153846153848,203.4692307692308,203.4769230769231,203.4846153846154,203.4923076923077,203.5,203.5076923076923,203.51538461538462,203.52307692307693,203.53076923076924,203.53846153846155,203.54615384615386,203.55384615384617,203.56153846153848,203.56923076923078,203.5769230769231,203.5846153846154,203.5923076923077,203.60000000000002,203.60769230769233,203.6153846153846,203.62307692307692,203.63076923076923,203.63846153846154,203.64615384615385,203.65384615384616,203.66153846153847,203.66923076923078,203.6769230769231,203.6846153846154,203.6923076923077,203.70000000000002,203.70769230769233,203.71538461538464,203.72307692307695,203.73076923076925,203.73846153846154,203.74615384615385,203.75384615384615,203.76153846153846,203.76923076923077,203.77692307692308,203.7846153846154,203.7923076923077,203.8,203.80769230769232,203.81538461538463,203.82307692307694,203.83076923076925,203.83846153846156,203.84615384615387,203.85384615384618,203.8615384615385,203.86923076923077,203.87692307692308,203.8846153846154,203.8923076923077,203.9,203.90769230769232,203.91538461538462,203.92307692307693,203.93076923076924,203.93846153846155,203.94615384615386,203.95384615384617,203.96153846153848,203.9692307692308,203.9769230769231,203.9846153846154,203.9923076923077,204.0,204.0076923076923,204.01538461538462,204.02307692307693,204.03076923076924,204.03846153846155,204.04615384615386,204.05384615384617,204.06153846153848,204.06923076923078,204.0769230769231,204.0846153846154,204.0923076923077,204.10000000000002,204.10769230769233,204.1153846153846,204.12307692307692,204.13076923076923,204.13846153846154,204.14615384615385,204.15384615384616,204.16153846153847,204.16923076923078,204.1769230769231,204.1846153846154,204.1923076923077,204.20000000000002,204.20769230769233,204.21538461538464,204.22307692307695,204.23076923076925,204.23846153846154,204.24615384615385,204.25384615384615,204.26153846153846,204.26923076923077,204.27692307692308,204.2846153846154,204.2923076923077,204.3,204.30769230769232,204.31538461538463,204.32307692307694,204.33076923076925,204.33846153846156,204.34615384615387,204.35384615384618,204.3615384615385,204.36923076923077,204.37692307692308,204.3846153846154,204.3923076923077,204.4,204.40769230769232,204.41538461538462,204.42307692307693,204.43076923076924,204.43846153846155,204.44615384615386,204.45384615384617,204.46153846153848,204.4692307692308,204.4769230769231,204.4846153846154,204.4923076923077,204.5,204.5076923076923,204.51538461538462,204.52307692307693,204.53076923076924,204.53846153846155,204.54615384615386,204.55384615384617,204.56153846153848,204.56923076923078,204.5769230769231,204.5846153846154,204.5923076923077,204.60000000000002,204.60769230769233,204.6153846153846,204.62307692307692,204.63076923076923,204.63846153846154,204.64615384615385,204.65384615384616,204.66153846153847,204.66923076923078,204.6769230769231,204.6846153846154,204.6923076923077,204.70000000000002,204.70769230769233,204.71538461538464,204.72307692307695,204.73076923076925,204.73846153846154,204.74615384615385,204.75384615384615,204.76153846153846,204.76923076923077,204.77692307692308,204.7846153846154,204.7923076923077,204.8,204.80769230769232,204.81538461538463,204.82307692307694,204.83076923076925,204.83846153846156,204.84615384615387,204.85384615384618,204.8615384615385,204.86923076923077,204.87692307692308,204.8846153846154,204.8923076923077,204.9,204.90769230769232,204.91538461538462,204.92307692307693,204.93076923076924,204.93846153846155,204.94615384615386,204.95384615384617,204.96153846153848,204.9692307692308,204.9769230769231,204.9846153846154,204.9923076923077,205.0,205.0076923076923,205.01538461538462,205.02307692307693,205.03076923076924,205.03846153846155,205.04615384615386,205.05384615384617,205.06153846153848,205.06923076923078,205.0769230769231,205.0846153846154,205.0923076923077,205.10000000000002,205.10769230769233,205.1153846153846,205.12307692307692,205.13076923076923,205.13846153846154,205.14615384615385,205.15384615384616,205.16153846153847,205.16923076923078,205.1769230769231,205.1846153846154,205.1923076923077,205.20000000000002,205.20769230769233,205.21538461538464,205.22307692307695,205.23076923076925,205.23846153846154,205.24615384615385,205.25384615384615,205.26153846153846,205.26923076923077,205.27692307692308,205.2846153846154,205.2923076923077,205.3,205.30769230769232,205.31538461538463,205.32307692307694,205.33076923076925,205.33846153846156,205.34615384615387,205.35384615384618,205.3615384615385,205.36923076923077,205.37692307692308,205.3846153846154,205.3923076923077,205.4,205.40769230769232,205.41538461538462,205.42307692307693,205.43076923076924,205.43846153846155,205.44615384615386,205.45384615384617,205.46153846153848,205.4692307692308,205.4769230769231,205.4846153846154,205.4923076923077,205.5,205.5076923076923,205.51538461538462,205.52307692307693,205.53076923076924,205.53846153846155,205.54615384615386,205.55384615384617,205.56153846153848,205.56923076923078,205.5769230769231,205.5846153846154,205.5923076923077,205.60000000000002,205.60769230769233,205.6153846153846,205.62307692307692,205.63076923076923,205.63846153846154,205.64615384615385,205.65384615384616,205.66153846153847,205.66923076923078,205.6769230769231,205.6846153846154,205.6923076923077,205.70000000000002,205.70769230769233,205.71538461538464,205.72307692307695,205.73076923076925,205.73846153846154,205.74615384615385,205.75384615384615,205.76153846153846,205.76923076923077,205.77692307692308,205.7846153846154,205.7923076923077,205.8,205.80769230769232,205.81538461538463,205.82307692307694,205.83076923076925,205.83846153846156,205.84615384615387,205.85384615384618,205.8615384615385,205.86923076923077,205.87692307692308,205.8846153846154,205.8923076923077,205.9,205.90769230769232,205.91538461538462,205.92307692307693,205.93076923076924,205.93846153846155,205.94615384615386,205.95384615384617,205.96153846153848,205.9692307692308,205.9769230769231,205.9846153846154,205.9923076923077,206.0,206.0076923076923,206.01538461538462,206.02307692307693,206.03076923076924,206.03846153846155,206.04615384615386,206.05384615384617,206.06153846153848,206.06923076923078,206.0769230769231,206.0846153846154,206.0923076923077,206.10000000000002,206.10769230769233,206.1153846153846,206.12307692307692,206.13076923076923,206.13846153846154,206.14615384615385,206.15384615384616,206.16153846153847,206.16923076923078,206.1769230769231,206.1846153846154,206.1923076923077,206.20000000000002,206.20769230769233,206.21538461538464,206.22307692307695,206.23076923076925,206.23846153846154,206.24615384615385,206.25384615384615,206.26153846153846,206.26923076923077,206.27692307692308,206.2846153846154,206.2923076923077,206.3,206.30769230769232,206.31538461538463,206.32307692307694,206.33076923076925,206.33846153846156,206.34615384615387,206.35384615384618,206.3615384615385,206.36923076923077,206.37692307692308,206.3846153846154,206.3923076923077,206.4,206.40769230769232,206.41538461538462,206.42307692307693,206.43076923076924,206.43846153846155,206.44615384615386,206.45384615384617,206.46153846153848,206.4692307692308,206.4769230769231,206.4846153846154,206.4923076923077,206.5,206.5076923076923,206.51538461538462,206.52307692307693,206.53076923076924,206.53846153846155,206.54615384615386,206.55384615384617,206.56153846153848,206.56923076923078,206.5769230769231,206.5846153846154,206.5923076923077,206.60000000000002,206.60769230769233,206.6153846153846,206.62307692307692,206.63076923076923,206.63846153846154,206.64615384615385,206.65384615384616,206.66153846153847,206.66923076923078,206.6769230769231,206.6846153846154,206.6923076923077,206.70000000000002,206.70769230769233,206.71538461538464,206.72307692307695,206.73076923076925,206.73846153846154,206.74615384615385,206.75384615384615,206.76153846153846,206.76923076923077,206.77692307692308,206.7846153846154,206.7923076923077,206.8,206.80769230769232,206.81538461538463,206.82307692307694,206.83076923076925,206.83846153846156,206.84615384615387,206.85384615384618,206.8615384615385,206.86923076923077,206.87692307692308,206.8846153846154,206.8923076923077,206.9,206.90769230769232,206.91538461538462,206.92307692307693,206.93076923076924,206.93846153846155,206.94615384615386,206.95384615384617,206.96153846153848,206.9692307692308,206.9769230769231,206.9846153846154,206.9923076923077,207.0,207.0076923076923,207.01538461538462,207.02307692307693,207.03076923076924,207.03846153846155,207.04615384615386,207.05384615384617,207.06153846153848,207.06923076923078,207.0769230769231,207.0846153846154,207.0923076923077,207.10000000000002,207.10769230769233,207.1153846153846,207.12307692307692,207.13076923076923,207.13846153846154,207.14615384615385,207.15384615384616,207.16153846153847,207.16923076923078,207.1769230769231,207.1846153846154,207.1923076923077,207.20000000000002,207.20769230769233,207.21538461538464,207.22307692307695,207.23076923076925,207.23846153846154,207.24615384615385,207.25384615384615,207.26153846153846,207.26923076923077,207.27692307692308,207.2846153846154,207.2923076923077,207.3,207.30769230769232,207.31538461538463,207.32307692307694,207.33076923076925,207.33846153846156,207.34615384615387,207.35384615384618,207.3615384615385,207.36923076923077,207.37692307692308,207.3846153846154,207.3923076923077,207.4,207.40769230769232,207.41538461538462,207.42307692307693,207.43076923076924,207.43846153846155,207.44615384615386,207.45384615384617,207.46153846153848,207.4692307692308,207.4769230769231,207.4846153846154,207.4923076923077,207.5,207.5076923076923,207.51538461538462,207.52307692307693,207.53076923076924,207.53846153846155,207.54615384615386,207.55384615384617,207.56153846153848,207.56923076923078,207.5769230769231,207.5846153846154,207.5923076923077,207.60000000000002,207.60769230769233,207.6153846153846,207.62307692307692,207.63076923076923,207.63846153846154,207.64615384615385,207.65384615384616,207.66153846153847,207.66923076923078,207.6769230769231,207.6846153846154,207.6923076923077,207.70000000000002,207.70769230769233,207.71538461538464,207.72307692307695,207.73076923076925,207.73846153846154,207.74615384615385,207.75384615384615,207.76153846153846,207.76923076923077,207.77692307692308,207.7846153846154,207.7923076923077,207.8,207.80769230769232,207.81538461538463,207.82307692307694,207.83076923076925,207.83846153846156,207.84615384615387,207.85384615384618,207.8615384615385,207.86923076923077,207.87692307692308,207.8846153846154,207.8923076923077,207.9,207.90769230769232,207.91538461538462,207.92307692307693,207.93076923076924,207.93846153846155,207.94615384615386,207.95384615384617,207.96153846153848,207.9692307692308,207.9769230769231,207.9846153846154,207.9923076923077,208.0,208.0076923076923,208.01538461538462,208.02307692307693,208.03076923076924,208.03846153846155,208.04615384615386,208.05384615384617,208.06153846153848,208.06923076923078,208.0769230769231,208.0846153846154,208.0923076923077,208.10000000000002,208.10769230769233,208.1153846153846,208.12307692307692,208.13076923076923,208.13846153846154,208.14615384615385,208.15384615384616,208.16153846153847,208.16923076923078,208.1769230769231,208.1846153846154,208.1923076923077,208.20000000000002,208.20769230769233,208.21538461538464,208.22307692307695,208.23076923076925,208.23846153846154,208.24615384615385,208.25384615384615,208.26153846153846,208.26923076923077,208.27692307692308,208.2846153846154,208.2923076923077,208.3,208.30769230769232,208.31538461538463,208.32307692307694,208.33076923076925,208.33846153846156,208.34615384615387,208.35384615384618,208.3615384615385,208.36923076923077,208.37692307692308,208.3846153846154,208.3923076923077,208.4,208.40769230769232,208.41538461538462,208.42307692307693,208.43076923076924,208.43846153846155,208.44615384615386,208.45384615384617,208.46153846153848,208.4692307692308,208.4769230769231,208.4846153846154,208.4923076923077,208.5,208.5076923076923,208.51538461538462,208.52307692307693,208.53076923076924,208.53846153846155,208.54615384615386,208.55384615384617,208.56153846153848,208.56923076923078,208.5769230769231,208.5846153846154,208.5923076923077,208.60000000000002,208.60769230769233,208.6153846153846,208.62307692307692,208.63076923076923,208.63846153846154,208.64615384615385,208.65384615384616,208.66153846153847,208.66923076923078,208.6769230769231,208.6846153846154,208.6923076923077,208.70000000000002,208.70769230769233,208.71538461538464,208.72307692307695,208.73076923076925,208.73846153846154,208.74615384615385,208.75384615384615,208.76153846153846,208.76923076923077,208.77692307692308,208.7846153846154,208.7923076923077,208.8,208.80769230769232,208.81538461538463,208.82307692307694,208.83076923076925,208.83846153846156,208.84615384615387,208.85384615384618,208.8615384615385,208.86923076923077,208.87692307692308,208.8846153846154,208.8923076923077,208.9,208.90769230769232,208.91538461538462,208.92307692307693,208.93076923076924,208.93846153846155,208.94615384615386,208.95384615384617,208.96153846153848,208.9692307692308,208.9769230769231,208.9846153846154,208.9923076923077,209.0,209.0076923076923,209.01538461538462,209.02307692307693,209.03076923076924,209.03846153846155,209.04615384615386,209.05384615384617,209.06153846153848,209.06923076923078,209.0769230769231,209.0846153846154,209.0923076923077,209.10000000000002,209.10769230769233,209.1153846153846,209.12307692307692,209.13076923076923,209.13846153846154,209.14615384615385,209.15384615384616,209.16153846153847,209.16923076923078,209.1769230769231,209.1846153846154,209.1923076923077,209.20000000000002,209.20769230769233,209.21538461538464,209.22307692307695,209.23076923076925,209.23846153846156,209.24615384615385,209.25384615384615,209.26153846153846,209.26923076923077,209.27692307692308,209.2846153846154,209.2923076923077,209.3,209.30769230769232,209.31538461538463,209.32307692307694,209.33076923076925,209.33846153846156,209.34615384615387,209.35384615384618,209.3615384615385,209.36923076923077,209.37692307692308,209.3846153846154,209.3923076923077,209.4,209.40769230769232,209.41538461538462,209.42307692307693,209.43076923076924,209.43846153846155,209.44615384615386,209.45384615384617,209.46153846153848,209.4692307692308,209.4769230769231,209.4846153846154,209.4923076923077,209.5,209.5076923076923,209.51538461538462,209.52307692307693,209.53076923076924,209.53846153846155,209.54615384615386,209.55384615384617,209.56153846153848,209.56923076923078,209.5769230769231,209.5846153846154,209.5923076923077,209.60000000000002,209.60769230769233,209.6153846153846,209.62307692307692,209.63076923076923,209.63846153846154,209.64615384615385,209.65384615384616,209.66153846153847,209.66923076923078,209.6769230769231,209.6846153846154,209.6923076923077,209.70000000000002,209.70769230769233,209.71538461538464,209.72307692307695,209.73076923076925,209.73846153846156,209.74615384615385,209.75384615384615,209.76153846153846,209.76923076923077,209.77692307692308,209.7846153846154,209.7923076923077,209.8,209.80769230769232,209.81538461538463,209.82307692307694,209.83076923076925,209.83846153846156,209.84615384615387,209.85384615384618,209.8615384615385,209.86923076923077,209.87692307692308,209.8846153846154,209.8923076923077,209.9,209.90769230769232,209.91538461538462,209.92307692307693,209.93076923076924,209.93846153846155,209.94615384615386,209.95384615384617,209.96153846153848,209.9692307692308,209.9769230769231,209.9846153846154,209.9923076923077,210.0,210.0076923076923,210.01538461538462,210.02307692307693,210.03076923076924,210.03846153846155,210.04615384615386,210.05384615384617,210.06153846153848,210.06923076923078,210.0769230769231,210.0846153846154,210.0923076923077,210.10000000000002,210.10769230769233,210.1153846153846,210.12307692307692,210.13076923076923,210.13846153846154,210.14615384615385,210.15384615384616,210.16153846153847,210.16923076923078,210.1769230769231,210.1846153846154,210.1923076923077,210.20000000000002,210.20769230769233,210.21538461538464,210.22307692307695,210.23076923076925,210.23846153846156,210.24615384615385,210.25384615384615,210.26153846153846,210.26923076923077,210.27692307692308,210.2846153846154,210.2923076923077,210.3,210.30769230769232,210.31538461538463,210.32307692307694,210.33076923076925,210.33846153846156,210.34615384615387,210.35384615384618,210.3615384615385,210.36923076923077,210.37692307692308,210.3846153846154,210.3923076923077,210.4,210.40769230769232,210.41538461538462,210.42307692307693,210.43076923076924,210.43846153846155,210.44615384615386,210.45384615384617,210.46153846153848,210.4692307692308,210.4769230769231,210.4846153846154,210.4923076923077,210.5,210.5076923076923,210.51538461538462,210.52307692307693,210.53076923076924,210.53846153846155,210.54615384615386,210.55384615384617,210.56153846153848,210.56923076923078,210.5769230769231,210.5846153846154,210.5923076923077,210.60000000000002,210.60769230769233,210.6153846153846,210.62307692307692,210.63076923076923,210.63846153846154,210.64615384615385,210.65384615384616,210.66153846153847,210.66923076923078,210.6769230769231,210.6846153846154,210.6923076923077,210.70000000000002,210.70769230769233,210.71538461538464,210.72307692307695,210.73076923076925,210.73846153846156,210.74615384615385,210.75384615384615,210.76153846153846,210.76923076923077,210.77692307692308,210.7846153846154,210.7923076923077,210.8,210.80769230769232,210.81538461538463,210.82307692307694,210.83076923076925,210.83846153846156,210.84615384615387,210.85384615384618,210.8615384615385,210.86923076923077,210.87692307692308,210.8846153846154,210.8923076923077,210.9,210.90769230769232,210.91538461538462,210.92307692307693,210.93076923076924,210.93846153846155,210.94615384615386,210.95384615384617,210.96153846153848,210.9692307692308,210.9769230769231,210.9846153846154,210.9923076923077,211.0,211.0076923076923,211.01538461538462,211.02307692307693,211.03076923076924,211.03846153846155,211.04615384615386,211.05384615384617,211.06153846153848,211.06923076923078,211.0769230769231,211.0846153846154,211.0923076923077,211.10000000000002,211.10769230769233,211.1153846153846,211.12307692307692,211.13076923076923,211.13846153846154,211.14615384615385,211.15384615384616,211.16153846153847,211.16923076923078,211.1769230769231,211.1846153846154,211.1923076923077,211.20000000000002,211.20769230769233,211.21538461538464,211.22307692307695,211.23076923076925,211.23846153846156,211.24615384615385,211.25384615384615,211.26153846153846,211.26923076923077,211.27692307692308,211.2846153846154,211.2923076923077,211.3,211.30769230769232,211.31538461538463,211.32307692307694,211.33076923076925,211.33846153846156,211.34615384615387,211.35384615384618,211.3615384615385,211.36923076923077,211.37692307692308,211.3846153846154,211.3923076923077,211.4,211.40769230769232,211.41538461538462,211.42307692307693,211.43076923076924,211.43846153846155,211.44615384615386,211.45384615384617,211.46153846153848,211.4692307692308,211.4769230769231,211.4846153846154,211.4923076923077,211.5,211.5076923076923,211.51538461538462,211.52307692307693,211.53076923076924,211.53846153846155,211.54615384615386,211.55384615384617,211.56153846153848,211.56923076923078,211.5769230769231,211.5846153846154,211.5923076923077,211.60000000000002,211.60769230769233,211.6153846153846,211.62307692307692,211.63076923076923,211.63846153846154,211.64615384615385,211.65384615384616,211.66153846153847,211.66923076923078,211.6769230769231,211.6846153846154,211.6923076923077,211.70000000000002,211.70769230769233,211.71538461538464,211.72307692307695,211.73076923076925,211.73846153846156,211.74615384615385,211.75384615384615,211.76153846153846,211.76923076923077,211.77692307692308,211.7846153846154,211.7923076923077,211.8,211.80769230769232,211.81538461538463,211.82307692307694,211.83076923076925,211.83846153846156,211.84615384615387,211.85384615384618,211.8615384615385,211.86923076923077,211.87692307692308,211.8846153846154,211.8923076923077,211.9,211.90769230769232,211.91538461538462,211.92307692307693,211.93076923076924,211.93846153846155,211.94615384615386,211.95384615384617,211.96153846153848,211.9692307692308,211.9769230769231,211.9846153846154,211.9923076923077,212.0,212.0076923076923,212.01538461538462,212.02307692307693,212.03076923076924,212.03846153846155,212.04615384615386,212.05384615384617,212.06153846153848,212.06923076923078,212.0769230769231,212.0846153846154,212.0923076923077,212.10000000000002,212.10769230769233,212.1153846153846,212.12307692307692,212.13076923076923,212.13846153846154,212.14615384615385,212.15384615384616,212.16153846153847,212.16923076923078,212.1769230769231,212.1846153846154,212.1923076923077,212.20000000000002,212.20769230769233,212.21538461538464,212.22307692307695,212.23076923076925,212.23846153846156,212.24615384615385,212.25384615384615,212.26153846153846,212.26923076923077,212.27692307692308,212.2846153846154,212.2923076923077,212.3,212.30769230769232,212.31538461538463,212.32307692307694,212.33076923076925,212.33846153846156,212.34615384615387,212.35384615384618,212.3615384615385,212.36923076923077,212.37692307692308,212.3846153846154,212.3923076923077,212.4,212.40769230769232,212.41538461538462,212.42307692307693,212.43076923076924,212.43846153846155,212.44615384615386,212.45384615384617,212.46153846153848,212.4692307692308,212.4769230769231,212.4846153846154,212.4923076923077,212.5,212.5076923076923,212.51538461538462,212.52307692307693,212.53076923076924,212.53846153846155,212.54615384615386,212.55384615384617,212.56153846153848,212.56923076923078,212.5769230769231,212.5846153846154,212.5923076923077,212.60000000000002,212.60769230769233,212.6153846153846,212.62307692307692,212.63076923076923,212.63846153846154,212.64615384615385,212.65384615384616,212.66153846153847,212.66923076923078,212.6769230769231,212.6846153846154,212.6923076923077,212.70000000000002,212.70769230769233,212.71538461538464,212.72307692307695,212.73076923076925,212.73846153846156,212.74615384615385,212.75384615384615,212.76153846153846,212.76923076923077,212.77692307692308,212.7846153846154,212.7923076923077,212.8,212.80769230769232,212.81538461538463,212.82307692307694,212.83076923076925,212.83846153846156,212.84615384615387,212.85384615384618,212.8615384615385,212.86923076923077,212.87692307692308,212.8846153846154,212.8923076923077,212.9,212.90769230769232,212.91538461538462,212.92307692307693,212.93076923076924,212.93846153846155,212.94615384615386,212.95384615384617,212.96153846153848,212.9692307692308,212.9769230769231,212.9846153846154,212.9923076923077,213.0,213.0076923076923,213.01538461538462,213.02307692307693,213.03076923076924,213.03846153846155,213.04615384615386,213.05384615384617,213.06153846153848,213.06923076923078,213.0769230769231,213.0846153846154,213.0923076923077,213.10000000000002,213.10769230769233,213.1153846153846,213.12307692307692,213.13076923076923,213.13846153846154,213.14615384615385,213.15384615384616,213.16153846153847,213.16923076923078,213.1769230769231,213.1846153846154,213.1923076923077,213.20000000000002,213.20769230769233,213.21538461538464,213.22307692307695,213.23076923076925,213.23846153846156,213.24615384615385,213.25384615384615,213.26153846153846,213.26923076923077,213.27692307692308,213.2846153846154,213.2923076923077,213.3,213.30769230769232,213.31538461538463,213.32307692307694,213.33076923076925,213.33846153846156,213.34615384615387,213.35384615384618,213.3615384615385,213.36923076923077,213.37692307692308,213.3846153846154,213.3923076923077,213.4,213.40769230769232,213.41538461538462,213.42307692307693,213.43076923076924,213.43846153846155,213.44615384615386,213.45384615384617,213.46153846153848,213.4692307692308,213.4769230769231,213.4846153846154,213.4923076923077,213.5,213.5076923076923,213.51538461538462,213.52307692307693,213.53076923076924,213.53846153846155,213.54615384615386,213.55384615384617,213.56153846153848,213.56923076923078,213.5769230769231,213.5846153846154,213.5923076923077,213.60000000000002,213.60769230769233,213.6153846153846,213.62307692307692,213.63076923076923,213.63846153846154,213.64615384615385,213.65384615384616,213.66153846153847,213.66923076923078,213.6769230769231,213.6846153846154,213.6923076923077,213.70000000000002,213.70769230769233,213.71538461538464,213.72307692307695,213.73076923076925,213.73846153846156,213.74615384615385,213.75384615384615,213.76153846153846,213.76923076923077,213.77692307692308,213.7846153846154,213.7923076923077,213.8,213.80769230769232,213.81538461538463,213.82307692307694,213.83076923076925,213.83846153846156,213.84615384615387,213.85384615384618,213.8615384615385,213.86923076923077,213.87692307692308,213.8846153846154,213.8923076923077,213.9,213.90769230769232,213.91538461538462,213.92307692307693,213.93076923076924,213.93846153846155,213.94615384615386,213.95384615384617,213.96153846153848,213.9692307692308,213.9769230769231,213.9846153846154,213.9923076923077,214.0,214.0076923076923,214.01538461538462,214.02307692307693,214.03076923076924,214.03846153846155,214.04615384615386,214.05384615384617,214.06153846153848,214.06923076923078,214.0769230769231,214.0846153846154,214.0923076923077,214.10000000000002,214.10769230769233,214.1153846153846,214.12307692307692,214.13076923076923,214.13846153846154,214.14615384615385,214.15384615384616,214.16153846153847,214.16923076923078,214.1769230769231,214.1846153846154,214.1923076923077,214.20000000000002,214.20769230769233,214.21538461538464,214.22307692307695,214.23076923076925,214.23846153846156,214.24615384615385,214.25384615384615,214.26153846153846,214.26923076923077,214.27692307692308,214.2846153846154,214.2923076923077,214.3,214.30769230769232,214.31538461538463,214.32307692307694,214.33076923076925,214.33846153846156,214.34615384615387,214.35384615384618,214.3615384615385,214.36923076923077,214.37692307692308,214.3846153846154,214.3923076923077,214.4,214.40769230769232,214.41538461538462,214.42307692307693,214.43076923076924,214.43846153846155,214.44615384615386,214.45384615384617,214.46153846153848,214.4692307692308,214.4769230769231,214.4846153846154,214.4923076923077,214.5,214.5076923076923,214.51538461538462,214.52307692307693,214.53076923076924,214.53846153846155,214.54615384615386,214.55384615384617,214.56153846153848,214.56923076923078,214.5769230769231,214.5846153846154,214.5923076923077,214.60000000000002,214.60769230769233,214.6153846153846,214.62307692307692,214.63076923076923,214.63846153846154,214.64615384615385,214.65384615384616,214.66153846153847,214.66923076923078,214.6769230769231,214.6846153846154,214.6923076923077,214.70000000000002,214.70769230769233,214.71538461538464,214.72307692307695,214.73076923076925,214.73846153846156,214.74615384615385,214.75384615384615,214.76153846153846,214.76923076923077,214.77692307692308,214.7846153846154,214.7923076923077,214.8,214.80769230769232,214.81538461538463,214.82307692307694,214.83076923076925,214.83846153846156,214.84615384615387,214.85384615384618,214.8615384615385,214.86923076923077,214.87692307692308,214.8846153846154,214.8923076923077,214.9,214.90769230769232,214.91538461538462,214.92307692307693,214.93076923076924,214.93846153846155,214.94615384615386,214.95384615384617,214.96153846153848,214.9692307692308,214.9769230769231,214.9846153846154,214.9923076923077,215.0,215.0076923076923,215.01538461538462,215.02307692307693,215.03076923076924,215.03846153846155,215.04615384615386,215.05384615384617,215.06153846153848,215.06923076923078,215.0769230769231,215.0846153846154,215.0923076923077,215.10000000000002,215.10769230769233,215.1153846153846,215.12307692307692,215.13076923076923,215.13846153846154,215.14615384615385,215.15384615384616,215.16153846153847,215.16923076923078,215.1769230769231,215.1846153846154,215.1923076923077,215.20000000000002,215.20769230769233,215.21538461538464,215.22307692307695,215.23076923076925,215.23846153846156,215.24615384615385,215.25384615384615,215.26153846153846,215.26923076923077,215.27692307692308,215.2846153846154,215.2923076923077,215.3,215.30769230769232,215.31538461538463,215.32307692307694,215.33076923076925,215.33846153846156,215.34615384615387,215.35384615384618,215.3615384615385,215.36923076923077,215.37692307692308,215.3846153846154,215.3923076923077,215.4,215.40769230769232,215.41538461538462,215.42307692307693,215.43076923076924,215.43846153846155,215.44615384615386,215.45384615384617,215.46153846153848,215.4692307692308,215.4769230769231,215.4846153846154,215.4923076923077,215.5,215.5076923076923,215.51538461538462,215.52307692307693,215.53076923076924,215.53846153846155,215.54615384615386,215.55384615384617,215.56153846153848,215.56923076923078,215.5769230769231,215.5846153846154,215.5923076923077,215.60000000000002,215.60769230769233,215.6153846153846,215.62307692307692,215.63076923076923,215.63846153846154,215.64615384615385,215.65384615384616,215.66153846153847,215.66923076923078,215.6769230769231,215.6846153846154,215.6923076923077,215.70000000000002,215.70769230769233,215.71538461538464,215.72307692307695,215.73076923076925,215.73846153846156,215.74615384615385,215.75384615384615,215.76153846153846,215.76923076923077,215.77692307692308,215.7846153846154,215.7923076923077,215.8,215.80769230769232,215.81538461538463,215.82307692307694,215.83076923076925,215.83846153846156,215.84615384615387,215.85384615384618,215.8615384615385,215.86923076923077,215.87692307692308,215.8846153846154,215.8923076923077,215.9,215.90769230769232,215.91538461538462,215.92307692307693,215.93076923076924,215.93846153846155,215.94615384615386,215.95384615384617,215.96153846153848,215.9692307692308,215.9769230769231,215.9846153846154,215.9923076923077,216.0,216.0076923076923,216.01538461538462,216.02307692307693,216.03076923076924,216.03846153846155,216.04615384615386,216.05384615384617,216.06153846153848,216.06923076923078,216.0769230769231,216.0846153846154,216.0923076923077,216.10000000000002,216.10769230769233,216.1153846153846,216.12307692307692,216.13076923076923,216.13846153846154,216.14615384615385,216.15384615384616,216.16153846153847,216.16923076923078,216.1769230769231,216.1846153846154,216.1923076923077,216.20000000000002,216.20769230769233,216.21538461538464,216.22307692307695,216.23076923076925,216.23846153846156,216.24615384615385,216.25384615384615,216.26153846153846,216.26923076923077,216.27692307692308,216.2846153846154,216.2923076923077,216.3,216.30769230769232,216.31538461538463,216.32307692307694,216.33076923076925,216.33846153846156,216.34615384615387,216.35384615384618,216.3615384615385,216.36923076923077,216.37692307692308,216.3846153846154,216.3923076923077,216.4,216.40769230769232,216.41538461538462,216.42307692307693,216.43076923076924,216.43846153846155,216.44615384615386,216.45384615384617,216.46153846153848,216.4692307692308,216.4769230769231,216.4846153846154,216.4923076923077,216.5,216.5076923076923,216.51538461538462,216.52307692307693,216.53076923076924,216.53846153846155,216.54615384615386,216.55384615384617,216.56153846153848,216.56923076923078,216.5769230769231,216.5846153846154,216.5923076923077,216.60000000000002,216.60769230769233,216.61538461538464,216.62307692307692,216.63076923076923,216.63846153846154,216.64615384615385,216.65384615384616,216.66153846153847,216.66923076923078,216.6769230769231,216.6846153846154,216.6923076923077,216.70000000000002,216.70769230769233,216.71538461538464,216.72307692307695,216.73076923076925,216.73846153846156,216.74615384615385,216.75384615384615,216.76153846153846,216.76923076923077,216.77692307692308,216.7846153846154,216.7923076923077,216.8,216.80769230769232,216.81538461538463,216.82307692307694,216.83076923076925,216.83846153846156,216.84615384615387,216.85384615384618,216.8615384615385,216.86923076923077,216.87692307692308,216.8846153846154,216.8923076923077,216.9,216.90769230769232,216.91538461538462,216.92307692307693,216.93076923076924,216.93846153846155,216.94615384615386,216.95384615384617,216.96153846153848,216.9692307692308,216.9769230769231,216.9846153846154,216.9923076923077,217.0,217.0076923076923,217.01538461538462,217.02307692307693,217.03076923076924,217.03846153846155,217.04615384615386,217.05384615384617,217.06153846153848,217.06923076923078,217.0769230769231,217.0846153846154,217.0923076923077,217.10000000000002,217.10769230769233,217.11538461538464,217.12307692307692,217.13076923076923,217.13846153846154,217.14615384615385,217.15384615384616,217.16153846153847,217.16923076923078,217.1769230769231,217.1846153846154,217.1923076923077,217.20000000000002,217.20769230769233,217.21538461538464,217.22307692307695,217.23076923076925,217.23846153846156,217.24615384615385,217.25384615384615,217.26153846153846,217.26923076923077,217.27692307692308,217.2846153846154,217.2923076923077,217.3,217.30769230769232,217.31538461538463,217.32307692307694,217.33076923076925,217.33846153846156,217.34615384615387,217.35384615384618,217.3615384615385,217.36923076923077,217.37692307692308,217.3846153846154,217.3923076923077,217.4,217.40769230769232,217.41538461538462,217.42307692307693,217.43076923076924,217.43846153846155,217.44615384615386,217.45384615384617,217.46153846153848,217.4692307692308,217.4769230769231,217.4846153846154,217.4923076923077,217.5,217.5076923076923,217.51538461538462,217.52307692307693,217.53076923076924,217.53846153846155,217.54615384615386,217.55384615384617,217.56153846153848,217.56923076923078,217.5769230769231,217.5846153846154,217.5923076923077,217.60000000000002,217.60769230769233,217.61538461538464,217.62307692307692,217.63076923076923,217.63846153846154,217.64615384615385,217.65384615384616,217.66153846153847,217.66923076923078,217.6769230769231,217.6846153846154,217.6923076923077,217.70000000000002,217.70769230769233,217.71538461538464,217.72307692307695,217.73076923076925,217.73846153846156,217.74615384615385,217.75384615384615,217.76153846153846,217.76923076923077,217.77692307692308,217.7846153846154,217.7923076923077,217.8,217.80769230769232,217.81538461538463,217.82307692307694,217.83076923076925,217.83846153846156,217.84615384615387,217.85384615384618,217.8615384615385,217.86923076923077,217.87692307692308,217.8846153846154,217.8923076923077,217.9,217.90769230769232,217.91538461538462,217.92307692307693,217.93076923076924,217.93846153846155,217.94615384615386,217.95384615384617,217.96153846153848,217.9692307692308,217.9769230769231,217.9846153846154,217.9923076923077,218.0,218.0076923076923,218.01538461538462,218.02307692307693,218.03076923076924,218.03846153846155,218.04615384615386,218.05384615384617,218.06153846153848,218.06923076923078,218.0769230769231,218.0846153846154,218.0923076923077,218.10000000000002,218.10769230769233,218.11538461538464,218.12307692307692,218.13076923076923,218.13846153846154,218.14615384615385,218.15384615384616,218.16153846153847,218.16923076923078,218.1769230769231,218.1846153846154,218.1923076923077,218.20000000000002,218.20769230769233,218.21538461538464,218.22307692307695,218.23076923076925,218.23846153846156,218.24615384615385,218.25384615384615,218.26153846153846,218.26923076923077,218.27692307692308,218.2846153846154,218.2923076923077,218.3,218.30769230769232,218.31538461538463,218.32307692307694,218.33076923076925,218.33846153846156,218.34615384615387,218.35384615384618,218.3615384615385,218.36923076923077,218.37692307692308,218.3846153846154,218.3923076923077,218.4,218.40769230769232,218.41538461538462,218.42307692307693,218.43076923076924,218.43846153846155,218.44615384615386,218.45384615384617,218.46153846153848,218.4692307692308,218.4769230769231,218.4846153846154,218.4923076923077,218.5,218.5076923076923,218.51538461538462,218.52307692307693,218.53076923076924,218.53846153846155,218.54615384615386,218.55384615384617,218.56153846153848,218.56923076923078,218.5769230769231,218.5846153846154,218.5923076923077,218.60000000000002,218.60769230769233,218.61538461538464,218.62307692307692,218.63076923076923,218.63846153846154,218.64615384615385,218.65384615384616,218.66153846153847,218.66923076923078,218.6769230769231,218.6846153846154,218.6923076923077,218.70000000000002,218.70769230769233,218.71538461538464,218.72307692307695,218.73076923076925,218.73846153846156,218.74615384615385,218.75384615384615,218.76153846153846,218.76923076923077,218.77692307692308,218.7846153846154,218.7923076923077,218.8,218.80769230769232,218.81538461538463,218.82307692307694,218.83076923076925,218.83846153846156,218.84615384615387,218.85384615384618,218.8615384615385,218.86923076923077,218.87692307692308,218.8846153846154,218.8923076923077,218.9,218.90769230769232,218.91538461538462,218.92307692307693,218.93076923076924,218.93846153846155,218.94615384615386,218.95384615384617,218.96153846153848,218.9692307692308,218.9769230769231,218.9846153846154,218.9923076923077,219.0,219.0076923076923,219.01538461538462,219.02307692307693,219.03076923076924,219.03846153846155,219.04615384615386,219.05384615384617,219.06153846153848,219.06923076923078,219.0769230769231,219.0846153846154,219.0923076923077,219.10000000000002,219.10769230769233,219.11538461538464,219.12307692307692,219.13076923076923,219.13846153846154,219.14615384615385,219.15384615384616,219.16153846153847,219.16923076923078,219.1769230769231,219.1846153846154,219.1923076923077,219.20000000000002,219.20769230769233,219.21538461538464,219.22307692307695,219.23076923076925,219.23846153846156,219.24615384615385,219.25384615384615,219.26153846153846,219.26923076923077,219.27692307692308,219.2846153846154,219.2923076923077,219.3,219.30769230769232,219.31538461538463,219.32307692307694,219.33076923076925,219.33846153846156,219.34615384615387,219.35384615384618,219.3615384615385,219.36923076923077,219.37692307692308,219.3846153846154,219.3923076923077,219.4,219.40769230769232,219.41538461538462,219.42307692307693,219.43076923076924,219.43846153846155,219.44615384615386,219.45384615384617,219.46153846153848,219.4692307692308,219.4769230769231,219.4846153846154,219.4923076923077,219.5,219.5076923076923,219.51538461538462,219.52307692307693,219.53076923076924,219.53846153846155,219.54615384615386,219.55384615384617,219.56153846153848,219.56923076923078,219.5769230769231,219.5846153846154,219.5923076923077,219.60000000000002,219.60769230769233,219.61538461538464,219.62307692307692,219.63076923076923,219.63846153846154,219.64615384615385,219.65384615384616,219.66153846153847,219.66923076923078,219.6769230769231,219.6846153846154,219.6923076923077,219.70000000000002,219.70769230769233,219.71538461538464,219.72307692307695,219.73076923076925,219.73846153846156,219.74615384615385,219.75384615384615,219.76153846153846,219.76923076923077,219.77692307692308,219.7846153846154,219.7923076923077,219.8,219.80769230769232,219.81538461538463,219.82307692307694,219.83076923076925,219.83846153846156,219.84615384615387,219.85384615384618,219.8615384615385,219.86923076923077,219.87692307692308,219.8846153846154,219.8923076923077,219.9,219.90769230769232,219.91538461538462,219.92307692307693,219.93076923076924,219.93846153846155,219.94615384615386,219.95384615384617,219.96153846153848,219.9692307692308,219.9769230769231,219.9846153846154,219.9923076923077,220.0,220.0076923076923,220.01538461538462,220.02307692307693,220.03076923076924,220.03846153846155,220.04615384615386,220.05384615384617,220.06153846153848,220.06923076923078,220.0769230769231,220.0846153846154,220.0923076923077,220.10000000000002,220.10769230769233,220.11538461538464,220.12307692307692,220.13076923076923,220.13846153846154,220.14615384615385,220.15384615384616,220.16153846153847,220.16923076923078,220.1769230769231,220.1846153846154,220.1923076923077,220.20000000000002,220.20769230769233,220.21538461538464,220.22307692307695,220.23076923076925,220.23846153846156,220.24615384615385,220.25384615384615,220.26153846153846,220.26923076923077,220.27692307692308,220.2846153846154,220.2923076923077,220.3,220.30769230769232,220.31538461538463,220.32307692307694,220.33076923076925,220.33846153846156,220.34615384615387,220.35384615384618,220.3615384615385,220.36923076923077,220.37692307692308,220.3846153846154,220.3923076923077,220.4,220.40769230769232,220.41538461538462,220.42307692307693,220.43076923076924,220.43846153846155,220.44615384615386,220.45384615384617,220.46153846153848,220.4692307692308,220.4769230769231,220.4846153846154,220.4923076923077,220.5,220.5076923076923,220.51538461538462,220.52307692307693,220.53076923076924,220.53846153846155,220.54615384615386,220.55384615384617,220.56153846153848,220.56923076923078,220.5769230769231,220.5846153846154,220.5923076923077,220.60000000000002,220.60769230769233,220.61538461538464,220.62307692307692,220.63076923076923,220.63846153846154,220.64615384615385,220.65384615384616,220.66153846153847,220.66923076923078,220.6769230769231,220.6846153846154,220.6923076923077,220.70000000000002,220.70769230769233,220.71538461538464,220.72307692307695,220.73076923076925,220.73846153846156,220.74615384615385,220.75384615384615,220.76153846153846,220.76923076923077,220.77692307692308,220.7846153846154,220.7923076923077,220.8,220.80769230769232,220.81538461538463,220.82307692307694,220.83076923076925,220.83846153846156,220.84615384615387,220.85384615384618,220.8615384615385,220.86923076923077,220.87692307692308,220.8846153846154,220.8923076923077,220.9,220.90769230769232,220.91538461538462,220.92307692307693,220.93076923076924,220.93846153846155,220.94615384615386,220.95384615384617,220.96153846153848,220.9692307692308,220.9769230769231,220.9846153846154,220.9923076923077,221.0,221.0076923076923,221.01538461538462,221.02307692307693,221.03076923076924,221.03846153846155,221.04615384615386,221.05384615384617,221.06153846153848,221.06923076923078,221.0769230769231,221.0846153846154,221.0923076923077,221.10000000000002,221.10769230769233,221.11538461538464,221.12307692307692,221.13076923076923,221.13846153846154,221.14615384615385,221.15384615384616,221.16153846153847,221.16923076923078,221.1769230769231,221.1846153846154,221.1923076923077,221.20000000000002,221.20769230769233,221.21538461538464,221.22307692307695,221.23076923076925,221.23846153846156,221.24615384615385,221.25384615384615,221.26153846153846,221.26923076923077,221.27692307692308,221.2846153846154,221.2923076923077,221.3,221.30769230769232,221.31538461538463,221.32307692307694,221.33076923076925,221.33846153846156,221.34615384615387,221.35384615384618,221.3615384615385,221.36923076923077,221.37692307692308,221.3846153846154,221.3923076923077,221.4,221.40769230769232,221.41538461538462,221.42307692307693,221.43076923076924,221.43846153846155,221.44615384615386,221.45384615384617,221.46153846153848,221.4692307692308,221.4769230769231,221.4846153846154,221.4923076923077,221.5,221.5076923076923,221.51538461538462,221.52307692307693,221.53076923076924,221.53846153846155,221.54615384615386,221.55384615384617,221.56153846153848,221.56923076923078,221.5769230769231,221.5846153846154,221.5923076923077,221.60000000000002,221.60769230769233,221.61538461538464,221.62307692307692,221.63076923076923,221.63846153846154,221.64615384615385,221.65384615384616,221.66153846153847,221.66923076923078,221.6769230769231,221.6846153846154,221.6923076923077,221.70000000000002,221.70769230769233,221.71538461538464,221.72307692307695,221.73076923076925,221.73846153846156,221.74615384615385,221.75384615384615,221.76153846153846,221.76923076923077,221.77692307692308,221.7846153846154,221.7923076923077,221.8,221.80769230769232,221.81538461538463,221.82307692307694,221.83076923076925,221.83846153846156,221.84615384615387,221.85384615384618,221.8615384615385,221.86923076923077,221.87692307692308,221.8846153846154,221.8923076923077,221.9,221.90769230769232,221.91538461538462,221.92307692307693,221.93076923076924,221.93846153846155,221.94615384615386,221.95384615384617,221.96153846153848,221.9692307692308,221.9769230769231,221.9846153846154,221.9923076923077,222.0,222.0076923076923,222.01538461538462,222.02307692307693,222.03076923076924,222.03846153846155,222.04615384615386,222.05384615384617,222.06153846153848,222.06923076923078,222.0769230769231,222.0846153846154,222.0923076923077,222.10000000000002,222.10769230769233,222.11538461538464,222.12307692307692,222.13076923076923,222.13846153846154,222.14615384615385,222.15384615384616,222.16153846153847,222.16923076923078,222.1769230769231,222.1846153846154,222.1923076923077,222.20000000000002,222.20769230769233,222.21538461538464,222.22307692307695,222.23076923076925,222.23846153846156,222.24615384615385,222.25384615384615,222.26153846153846,222.26923076923077,222.27692307692308,222.2846153846154,222.2923076923077,222.3,222.30769230769232,222.31538461538463,222.32307692307694,222.33076923076925,222.33846153846156,222.34615384615387,222.35384615384618,222.3615384615385,222.36923076923077,222.37692307692308,222.3846153846154,222.3923076923077,222.4,222.40769230769232,222.41538461538462,222.42307692307693,222.43076923076924,222.43846153846155,222.44615384615386,222.45384615384617,222.46153846153848,222.4692307692308,222.4769230769231,222.4846153846154,222.4923076923077,222.5,222.5076923076923,222.51538461538462,222.52307692307693,222.53076923076924,222.53846153846155,222.54615384615386,222.55384615384617,222.56153846153848,222.56923076923078,222.5769230769231,222.5846153846154,222.5923076923077,222.60000000000002,222.60769230769233,222.61538461538464,222.62307692307692,222.63076923076923,222.63846153846154,222.64615384615385,222.65384615384616,222.66153846153847,222.66923076923078,222.6769230769231,222.6846153846154,222.6923076923077,222.70000000000002,222.70769230769233,222.71538461538464,222.72307692307695,222.73076923076925,222.73846153846156,222.74615384615385,222.75384615384615,222.76153846153846,222.76923076923077,222.77692307692308,222.7846153846154,222.7923076923077,222.8,222.80769230769232,222.81538461538463,222.82307692307694,222.83076923076925,222.83846153846156,222.84615384615387,222.85384615384618,222.8615384615385,222.86923076923077,222.87692307692308,222.8846153846154,222.8923076923077,222.9,222.90769230769232,222.91538461538462,222.92307692307693,222.93076923076924,222.93846153846155,222.94615384615386,222.95384615384617,222.96153846153848,222.9692307692308,222.9769230769231,222.9846153846154,222.9923076923077,223.0,223.0076923076923,223.01538461538462,223.02307692307693,223.03076923076924,223.03846153846155,223.04615384615386,223.05384615384617,223.06153846153848,223.06923076923078,223.0769230769231,223.0846153846154,223.0923076923077,223.10000000000002,223.10769230769233,223.11538461538464,223.12307692307692,223.13076923076923,223.13846153846154,223.14615384615385,223.15384615384616,223.16153846153847,223.16923076923078,223.1769230769231,223.1846153846154,223.1923076923077,223.20000000000002,223.20769230769233,223.21538461538464,223.22307692307695,223.23076923076925,223.23846153846156,223.24615384615385,223.25384615384615,223.26153846153846,223.26923076923077,223.27692307692308,223.2846153846154,223.2923076923077,223.3,223.30769230769232,223.31538461538463,223.32307692307694,223.33076923076925,223.33846153846156,223.34615384615387,223.35384615384618,223.3615384615385,223.36923076923077,223.37692307692308,223.3846153846154,223.3923076923077,223.4,223.40769230769232,223.41538461538462,223.42307692307693,223.43076923076924,223.43846153846155,223.44615384615386,223.45384615384617,223.46153846153848,223.4692307692308,223.4769230769231,223.4846153846154,223.4923076923077,223.5,223.5076923076923,223.51538461538462,223.52307692307693,223.53076923076924,223.53846153846155,223.54615384615386,223.55384615384617,223.56153846153848,223.56923076923078,223.5769230769231,223.5846153846154,223.5923076923077,223.60000000000002,223.60769230769233,223.61538461538464,223.62307692307692,223.63076923076923,223.63846153846154,223.64615384615385,223.65384615384616,223.66153846153847,223.66923076923078,223.6769230769231,223.6846153846154,223.6923076923077,223.70000000000002,223.70769230769233,223.71538461538464,223.72307692307695,223.73076923076925,223.73846153846156,223.74615384615385,223.75384615384615,223.76153846153846,223.76923076923077,223.77692307692308,223.7846153846154,223.7923076923077,223.8,223.80769230769232,223.81538461538463,223.82307692307694,223.83076923076925,223.83846153846156,223.84615384615387,223.85384615384618,223.8615384615385,223.86923076923077,223.87692307692308,223.8846153846154,223.8923076923077,223.9,223.90769230769232,223.91538461538462,223.92307692307693,223.93076923076924,223.93846153846155,223.94615384615386,223.95384615384617,223.96153846153848,223.9692307692308,223.9769230769231,223.9846153846154,223.9923076923077,224.0,224.0076923076923,224.01538461538462,224.02307692307693,224.03076923076924,224.03846153846155,224.04615384615386,224.05384615384617,224.06153846153848,224.06923076923078,224.0769230769231,224.0846153846154,224.0923076923077,224.10000000000002,224.10769230769233,224.11538461538464,224.12307692307692,224.13076923076923,224.13846153846154,224.14615384615385,224.15384615384616,224.16153846153847,224.16923076923078,224.1769230769231,224.1846153846154,224.1923076923077,224.20000000000002,224.20769230769233,224.21538461538464,224.22307692307695,224.23076923076925,224.23846153846156,224.24615384615385,224.25384615384615,224.26153846153846,224.26923076923077,224.27692307692308,224.2846153846154,224.2923076923077,224.3,224.30769230769232,224.31538461538463,224.32307692307694,224.33076923076925,224.33846153846156,224.34615384615387,224.35384615384618,224.3615384615385,224.36923076923077,224.37692307692308,224.3846153846154,224.3923076923077,224.4,224.40769230769232,224.41538461538462,224.42307692307693,224.43076923076924,224.43846153846155,224.44615384615386,224.45384615384617,224.46153846153848,224.4692307692308,224.4769230769231,224.4846153846154,224.4923076923077,224.5,224.5076923076923,224.51538461538462,224.52307692307693,224.53076923076924,224.53846153846155,224.54615384615386,224.55384615384617,224.56153846153848,224.56923076923078,224.5769230769231,224.5846153846154,224.5923076923077,224.60000000000002,224.60769230769233,224.61538461538464,224.62307692307692,224.63076923076923,224.63846153846154,224.64615384615385,224.65384615384616,224.66153846153847,224.66923076923078,224.6769230769231,224.6846153846154,224.6923076923077,224.70000000000002,224.70769230769233,224.71538461538464,224.72307692307695,224.73076923076925,224.73846153846156,224.74615384615385,224.75384615384615,224.76153846153846,224.76923076923077,224.77692307692308,224.7846153846154,224.7923076923077,224.8,224.80769230769232,224.81538461538463,224.82307692307694,224.83076923076925,224.83846153846156,224.84615384615387,224.85384615384618,224.8615384615385,224.86923076923077,224.87692307692308,224.8846153846154,224.8923076923077,224.9,224.90769230769232,224.91538461538462,224.92307692307693,224.93076923076924,224.93846153846155,224.94615384615386,224.95384615384617,224.96153846153848,224.9692307692308,224.9769230769231,224.9846153846154,224.99230769230772,225.0,225.0076923076923,225.01538461538462,225.02307692307693,225.03076923076924,225.03846153846155,225.04615384615386,225.05384615384617,225.06153846153848,225.06923076923078,225.0769230769231,225.0846153846154,225.0923076923077,225.10000000000002,225.10769230769233,225.11538461538464,225.12307692307692,225.13076923076923,225.13846153846154,225.14615384615385,225.15384615384616,225.16153846153847,225.16923076923078,225.1769230769231,225.1846153846154,225.1923076923077,225.20000000000002,225.20769230769233,225.21538461538464,225.22307692307695,225.23076923076925,225.23846153846156,225.24615384615385,225.25384615384615,225.26153846153846,225.26923076923077,225.27692307692308,225.2846153846154,225.2923076923077,225.3,225.30769230769232,225.31538461538463,225.32307692307694,225.33076923076925,225.33846153846156,225.34615384615387,225.35384615384618,225.3615384615385,225.36923076923077,225.37692307692308,225.3846153846154,225.3923076923077,225.4,225.40769230769232,225.41538461538462,225.42307692307693,225.43076923076924,225.43846153846155,225.44615384615386,225.45384615384617,225.46153846153848,225.4692307692308,225.4769230769231,225.4846153846154,225.49230769230772,225.5,225.5076923076923,225.51538461538462,225.52307692307693,225.53076923076924,225.53846153846155,225.54615384615386,225.55384615384617,225.56153846153848,225.56923076923078,225.5769230769231,225.5846153846154,225.5923076923077,225.60000000000002,225.60769230769233,225.61538461538464,225.62307692307692,225.63076923076923,225.63846153846154,225.64615384615385,225.65384615384616,225.66153846153847,225.66923076923078,225.6769230769231,225.6846153846154,225.6923076923077,225.70000000000002,225.70769230769233,225.71538461538464,225.72307692307695,225.73076923076925,225.73846153846156,225.74615384615385,225.75384615384615,225.76153846153846,225.76923076923077,225.77692307692308,225.7846153846154,225.7923076923077,225.8,225.80769230769232,225.81538461538463,225.82307692307694,225.83076923076925,225.83846153846156,225.84615384615387,225.85384615384618,225.8615384615385,225.86923076923077,225.87692307692308,225.8846153846154,225.8923076923077,225.9,225.90769230769232,225.91538461538462,225.92307692307693,225.93076923076924,225.93846153846155,225.94615384615386,225.95384615384617,225.96153846153848,225.9692307692308,225.9769230769231,225.9846153846154,225.99230769230772,226.0,226.0076923076923,226.01538461538462,226.02307692307693,226.03076923076924,226.03846153846155,226.04615384615386,226.05384615384617,226.06153846153848,226.06923076923078,226.0769230769231,226.0846153846154,226.0923076923077,226.10000000000002,226.10769230769233,226.11538461538464,226.12307692307692,226.13076923076923,226.13846153846154,226.14615384615385,226.15384615384616,226.16153846153847,226.16923076923078,226.1769230769231,226.1846153846154,226.1923076923077,226.20000000000002,226.20769230769233,226.21538461538464,226.22307692307695,226.23076923076925,226.23846153846156,226.24615384615385,226.25384615384615,226.26153846153846,226.26923076923077,226.27692307692308,226.2846153846154,226.2923076923077,226.3,226.30769230769232,226.31538461538463,226.32307692307694,226.33076923076925,226.33846153846156,226.34615384615387,226.35384615384618,226.3615384615385,226.36923076923077,226.37692307692308,226.3846153846154,226.3923076923077,226.4,226.40769230769232,226.41538461538462,226.42307692307693,226.43076923076924,226.43846153846155,226.44615384615386,226.45384615384617,226.46153846153848,226.4692307692308,226.4769230769231,226.4846153846154,226.49230769230772,226.5,226.5076923076923,226.51538461538462,226.52307692307693,226.53076923076924,226.53846153846155,226.54615384615386,226.55384615384617,226.56153846153848,226.56923076923078,226.5769230769231,226.5846153846154,226.5923076923077,226.60000000000002,226.60769230769233,226.61538461538464,226.62307692307692,226.63076923076923,226.63846153846154,226.64615384615385,226.65384615384616,226.66153846153847,226.66923076923078,226.6769230769231,226.6846153846154,226.6923076923077,226.70000000000002,226.70769230769233,226.71538461538464,226.72307692307695,226.73076923076925,226.73846153846156,226.74615384615385,226.75384615384615,226.76153846153846,226.76923076923077,226.77692307692308,226.7846153846154,226.7923076923077,226.8,226.80769230769232,226.81538461538463,226.82307692307694,226.83076923076925,226.83846153846156,226.84615384615387,226.85384615384618,226.8615384615385,226.86923076923077,226.87692307692308,226.8846153846154,226.8923076923077,226.9,226.90769230769232,226.91538461538462,226.92307692307693,226.93076923076924,226.93846153846155,226.94615384615386,226.95384615384617,226.96153846153848,226.9692307692308,226.9769230769231,226.9846153846154,226.99230769230772,227.0,227.0076923076923,227.01538461538462,227.02307692307693,227.03076923076924,227.03846153846155,227.04615384615386,227.05384615384617,227.06153846153848,227.06923076923078,227.0769230769231,227.0846153846154,227.0923076923077,227.10000000000002,227.10769230769233,227.11538461538464,227.12307692307692,227.13076923076923,227.13846153846154,227.14615384615385,227.15384615384616,227.16153846153847,227.16923076923078,227.1769230769231,227.1846153846154,227.1923076923077,227.20000000000002,227.20769230769233,227.21538461538464,227.22307692307695,227.23076923076925,227.23846153846156,227.24615384615385,227.25384615384615,227.26153846153846,227.26923076923077,227.27692307692308,227.2846153846154,227.2923076923077,227.3,227.30769230769232,227.31538461538463,227.32307692307694,227.33076923076925,227.33846153846156,227.34615384615387,227.35384615384618,227.3615384615385,227.36923076923077,227.37692307692308,227.3846153846154,227.3923076923077,227.4,227.40769230769232,227.41538461538462,227.42307692307693,227.43076923076924,227.43846153846155,227.44615384615386,227.45384615384617,227.46153846153848,227.4692307692308,227.4769230769231,227.4846153846154,227.49230769230772,227.5,227.5076923076923,227.51538461538462,227.52307692307693,227.53076923076924,227.53846153846155,227.54615384615386,227.55384615384617,227.56153846153848,227.56923076923078,227.5769230769231,227.5846153846154,227.5923076923077,227.60000000000002,227.60769230769233,227.61538461538464,227.62307692307692,227.63076923076923,227.63846153846154,227.64615384615385,227.65384615384616,227.66153846153847,227.66923076923078,227.6769230769231,227.6846153846154,227.6923076923077,227.70000000000002,227.70769230769233,227.71538461538464,227.72307692307695,227.73076923076925,227.73846153846156,227.74615384615385,227.75384615384615,227.76153846153846,227.76923076923077,227.77692307692308,227.7846153846154,227.7923076923077,227.8,227.80769230769232,227.81538461538463,227.82307692307694,227.83076923076925,227.83846153846156,227.84615384615387,227.85384615384618,227.8615384615385,227.86923076923077,227.87692307692308,227.8846153846154,227.8923076923077,227.9,227.90769230769232,227.91538461538462,227.92307692307693,227.93076923076924,227.93846153846155,227.94615384615386,227.95384615384617,227.96153846153848,227.9692307692308,227.9769230769231,227.9846153846154,227.99230769230772,228.0,228.0076923076923,228.01538461538462,228.02307692307693,228.03076923076924,228.03846153846155,228.04615384615386,228.05384615384617,228.06153846153848,228.06923076923078,228.0769230769231,228.0846153846154,228.0923076923077,228.10000000000002,228.10769230769233,228.11538461538464,228.12307692307692,228.13076923076923,228.13846153846154,228.14615384615385,228.15384615384616,228.16153846153847,228.16923076923078,228.1769230769231,228.1846153846154,228.1923076923077,228.20000000000002,228.20769230769233,228.21538461538464,228.22307692307695,228.23076923076925,228.23846153846156,228.24615384615385,228.25384615384615,228.26153846153846,228.26923076923077,228.27692307692308,228.2846153846154,228.2923076923077,228.3,228.30769230769232,228.31538461538463,228.32307692307694,228.33076923076925,228.33846153846156,228.34615384615387,228.35384615384618,228.3615384615385,228.36923076923077,228.37692307692308,228.3846153846154,228.3923076923077,228.4,228.40769230769232,228.41538461538462,228.42307692307693,228.43076923076924,228.43846153846155,228.44615384615386,228.45384615384617,228.46153846153848,228.4692307692308,228.4769230769231,228.4846153846154,228.49230769230772,228.5,228.5076923076923,228.51538461538462,228.52307692307693,228.53076923076924,228.53846153846155,228.54615384615386,228.55384615384617,228.56153846153848,228.56923076923078,228.5769230769231,228.5846153846154,228.5923076923077,228.60000000000002,228.60769230769233,228.61538461538464,228.62307692307692,228.63076923076923,228.63846153846154,228.64615384615385,228.65384615384616,228.66153846153847,228.66923076923078,228.6769230769231,228.6846153846154,228.6923076923077,228.70000000000002,228.70769230769233,228.71538461538464,228.72307692307695,228.73076923076925,228.73846153846156,228.74615384615385,228.75384615384615,228.76153846153846,228.76923076923077,228.77692307692308,228.7846153846154,228.7923076923077,228.8,228.80769230769232,228.81538461538463,228.82307692307694,228.83076923076925,228.83846153846156,228.84615384615387,228.85384615384618,228.8615384615385,228.86923076923077,228.87692307692308,228.8846153846154,228.8923076923077,228.9,228.90769230769232,228.91538461538462,228.92307692307693,228.93076923076924,228.93846153846155,228.94615384615386,228.95384615384617,228.96153846153848,228.9692307692308,228.9769230769231,228.9846153846154,228.99230769230772,229.0,229.0076923076923,229.01538461538462,229.02307692307693,229.03076923076924,229.03846153846155,229.04615384615386,229.05384615384617,229.06153846153848,229.06923076923078,229.0769230769231,229.0846153846154,229.0923076923077,229.10000000000002,229.10769230769233,229.11538461538464,229.12307692307692,229.13076923076923,229.13846153846154,229.14615384615385,229.15384615384616,229.16153846153847,229.16923076923078,229.1769230769231,229.1846153846154,229.1923076923077,229.20000000000002,229.20769230769233,229.21538461538464,229.22307692307695,229.23076923076925,229.23846153846156,229.24615384615385,229.25384615384615,229.26153846153846,229.26923076923077,229.27692307692308,229.2846153846154,229.2923076923077,229.3,229.30769230769232,229.31538461538463,229.32307692307694,229.33076923076925,229.33846153846156,229.34615384615387,229.35384615384618,229.3615384615385,229.36923076923077,229.37692307692308,229.3846153846154,229.3923076923077,229.4,229.40769230769232,229.41538461538462,229.42307692307693,229.43076923076924,229.43846153846155,229.44615384615386,229.45384615384617,229.46153846153848,229.4692307692308,229.4769230769231,229.4846153846154,229.49230769230772,229.5,229.5076923076923,229.51538461538462,229.52307692307693,229.53076923076924,229.53846153846155,229.54615384615386,229.55384615384617,229.56153846153848,229.56923076923078,229.5769230769231,229.5846153846154,229.5923076923077,229.60000000000002,229.60769230769233,229.61538461538464,229.62307692307692,229.63076923076923,229.63846153846154,229.64615384615385,229.65384615384616,229.66153846153847,229.66923076923078,229.6769230769231,229.6846153846154,229.6923076923077,229.70000000000002,229.70769230769233,229.71538461538464,229.72307692307695,229.73076923076925,229.73846153846156,229.74615384615385,229.75384615384615,229.76153846153846,229.76923076923077,229.77692307692308,229.7846153846154,229.7923076923077,229.8,229.80769230769232,229.81538461538463,229.82307692307694,229.83076923076925,229.83846153846156,229.84615384615387,229.85384615384618,229.8615384615385,229.86923076923077,229.87692307692308,229.8846153846154,229.8923076923077,229.9,229.90769230769232,229.91538461538462,229.92307692307693,229.93076923076924,229.93846153846155,229.94615384615386,229.95384615384617,229.96153846153848,229.9692307692308,229.9769230769231,229.9846153846154,229.99230769230772,230.0,230.0076923076923,230.01538461538462,230.02307692307693,230.03076923076924,230.03846153846155,230.04615384615386,230.05384615384617,230.06153846153848,230.06923076923078,230.0769230769231,230.0846153846154,230.0923076923077,230.10000000000002,230.10769230769233,230.11538461538464,230.12307692307692,230.13076923076923,230.13846153846154,230.14615384615385,230.15384615384616,230.16153846153847,230.16923076923078,230.1769230769231,230.1846153846154,230.1923076923077,230.20000000000002,230.20769230769233,230.21538461538464,230.22307692307695,230.23076923076925,230.23846153846156,230.24615384615385,230.25384615384615,230.26153846153846,230.26923076923077,230.27692307692308,230.2846153846154,230.2923076923077,230.3,230.30769230769232,230.31538461538463,230.32307692307694,230.33076923076925,230.33846153846156,230.34615384615387,230.35384615384618,230.3615384615385,230.36923076923077,230.37692307692308,230.3846153846154,230.3923076923077,230.4,230.40769230769232,230.41538461538462,230.42307692307693,230.43076923076924,230.43846153846155,230.44615384615386,230.45384615384617,230.46153846153848,230.4692307692308,230.4769230769231,230.4846153846154,230.49230769230772,230.5,230.5076923076923,230.51538461538462,230.52307692307693,230.53076923076924,230.53846153846155,230.54615384615386,230.55384615384617,230.56153846153848,230.56923076923078,230.5769230769231,230.5846153846154,230.5923076923077,230.60000000000002,230.60769230769233,230.61538461538464,230.62307692307692,230.63076923076923,230.63846153846154,230.64615384615385,230.65384615384616,230.66153846153847,230.66923076923078,230.6769230769231,230.6846153846154,230.6923076923077,230.70000000000002,230.70769230769233,230.71538461538464,230.72307692307695,230.73076923076925,230.73846153846156,230.74615384615385,230.75384615384615,230.76153846153846,230.76923076923077,230.77692307692308,230.7846153846154,230.7923076923077,230.8,230.80769230769232,230.81538461538463,230.82307692307694,230.83076923076925,230.83846153846156,230.84615384615387,230.85384615384618,230.8615384615385,230.86923076923077,230.87692307692308,230.8846153846154,230.8923076923077,230.9,230.90769230769232,230.91538461538462,230.92307692307693,230.93076923076924,230.93846153846155,230.94615384615386,230.95384615384617,230.96153846153848,230.9692307692308,230.9769230769231,230.9846153846154,230.99230769230772,231.0,231.0076923076923,231.01538461538462,231.02307692307693,231.03076923076924,231.03846153846155,231.04615384615386,231.05384615384617,231.06153846153848,231.06923076923078,231.0769230769231,231.0846153846154,231.0923076923077,231.10000000000002,231.10769230769233,231.11538461538464,231.12307692307692,231.13076923076923,231.13846153846154,231.14615384615385,231.15384615384616,231.16153846153847,231.16923076923078,231.1769230769231,231.1846153846154,231.1923076923077,231.20000000000002,231.20769230769233,231.21538461538464,231.22307692307695,231.23076923076925,231.23846153846156,231.24615384615385,231.25384615384615,231.26153846153846,231.26923076923077,231.27692307692308,231.2846153846154,231.2923076923077,231.3,231.30769230769232,231.31538461538463,231.32307692307694,231.33076923076925,231.33846153846156,231.34615384615387,231.35384615384618,231.3615384615385,231.36923076923077,231.37692307692308,231.3846153846154,231.3923076923077,231.4,231.40769230769232,231.41538461538462,231.42307692307693,231.43076923076924,231.43846153846155,231.44615384615386,231.45384615384617,231.46153846153848,231.4692307692308,231.4769230769231,231.4846153846154,231.49230769230772,231.5,231.5076923076923,231.51538461538462,231.52307692307693,231.53076923076924,231.53846153846155,231.54615384615386,231.55384615384617,231.56153846153848,231.56923076923078,231.5769230769231,231.5846153846154,231.5923076923077,231.60000000000002,231.60769230769233,231.61538461538464,231.62307692307692,231.63076923076923,231.63846153846154,231.64615384615385,231.65384615384616,231.66153846153847,231.66923076923078,231.6769230769231,231.6846153846154,231.6923076923077,231.70000000000002,231.70769230769233,231.71538461538464,231.72307692307695,231.73076923076925,231.73846153846156,231.74615384615385,231.75384615384615,231.76153846153846,231.76923076923077,231.77692307692308,231.7846153846154,231.7923076923077,231.8,231.80769230769232,231.81538461538463,231.82307692307694,231.83076923076925,231.83846153846156,231.84615384615387,231.85384615384618,231.8615384615385,231.86923076923077,231.87692307692308,231.8846153846154,231.8923076923077,231.9,231.90769230769232,231.91538461538462,231.92307692307693,231.93076923076924,231.93846153846155,231.94615384615386,231.95384615384617,231.96153846153848,231.9692307692308,231.9769230769231,231.9846153846154,231.99230769230772,232.0,232.0076923076923,232.01538461538462,232.02307692307693,232.03076923076924,232.03846153846155,232.04615384615386,232.05384615384617,232.06153846153848,232.06923076923078,232.0769230769231,232.0846153846154,232.0923076923077,232.10000000000002,232.10769230769233,232.11538461538464,232.12307692307692,232.13076923076923,232.13846153846154,232.14615384615385,232.15384615384616,232.16153846153847,232.16923076923078,232.1769230769231,232.1846153846154,232.1923076923077,232.20000000000002,232.20769230769233,232.21538461538464,232.22307692307695,232.23076923076925,232.23846153846156,232.24615384615385,232.25384615384615,232.26153846153846,232.26923076923077,232.27692307692308,232.2846153846154,232.2923076923077,232.3,232.30769230769232,232.31538461538463,232.32307692307694,232.33076923076925,232.33846153846156,232.34615384615387,232.35384615384618,232.3615384615385,232.3692307692308,232.37692307692308,232.3846153846154,232.3923076923077,232.4,232.40769230769232,232.41538461538462,232.42307692307693,232.43076923076924,232.43846153846155,232.44615384615386,232.45384615384617,232.46153846153848,232.4692307692308,232.4769230769231,232.4846153846154,232.49230769230772,232.5,232.5076923076923,232.51538461538462,232.52307692307693,232.53076923076924,232.53846153846155,232.54615384615386,232.55384615384617,232.56153846153848,232.56923076923078,232.5769230769231,232.5846153846154,232.5923076923077,232.60000000000002,232.60769230769233,232.61538461538464,232.62307692307692,232.63076923076923,232.63846153846154,232.64615384615385,232.65384615384616,232.66153846153847,232.66923076923078,232.6769230769231,232.6846153846154,232.6923076923077,232.70000000000002,232.70769230769233,232.71538461538464,232.72307692307695,232.73076923076925,232.73846153846156,232.74615384615385,232.75384615384615,232.76153846153846,232.76923076923077,232.77692307692308,232.7846153846154,232.7923076923077,232.8,232.80769230769232,232.81538461538463,232.82307692307694,232.83076923076925,232.83846153846156,232.84615384615387,232.85384615384618,232.8615384615385,232.8692307692308,232.87692307692308,232.8846153846154,232.8923076923077,232.9,232.90769230769232,232.91538461538462,232.92307692307693,232.93076923076924,232.93846153846155,232.94615384615386,232.95384615384617,232.96153846153848,232.9692307692308,232.9769230769231,232.9846153846154,232.99230769230772,233.0,233.0076923076923,233.01538461538462,233.02307692307693,233.03076923076924,233.03846153846155,233.04615384615386,233.05384615384617,233.06153846153848,233.06923076923078,233.0769230769231,233.0846153846154,233.0923076923077,233.10000000000002,233.10769230769233,233.11538461538464,233.12307692307692,233.13076923076923,233.13846153846154,233.14615384615385,233.15384615384616,233.16153846153847,233.16923076923078,233.1769230769231,233.1846153846154,233.1923076923077,233.20000000000002,233.20769230769233,233.21538461538464,233.22307692307695,233.23076923076925,233.23846153846156,233.24615384615385,233.25384615384615,233.26153846153846,233.26923076923077,233.27692307692308,233.2846153846154,233.2923076923077,233.3,233.30769230769232,233.31538461538463,233.32307692307694,233.33076923076925,233.33846153846156,233.34615384615387,233.35384615384618,233.3615384615385,233.3692307692308,233.37692307692308,233.3846153846154,233.3923076923077,233.4,233.40769230769232,233.41538461538462,233.42307692307693,233.43076923076924,233.43846153846155,233.44615384615386,233.45384615384617,233.46153846153848,233.4692307692308,233.4769230769231,233.4846153846154,233.49230769230772,233.5,233.5076923076923,233.51538461538462,233.52307692307693,233.53076923076924,233.53846153846155,233.54615384615386,233.55384615384617,233.56153846153848,233.56923076923078,233.5769230769231,233.5846153846154,233.5923076923077,233.60000000000002,233.60769230769233,233.61538461538464,233.62307692307692,233.63076923076923,233.63846153846154,233.64615384615385,233.65384615384616,233.66153846153847,233.66923076923078,233.6769230769231,233.6846153846154,233.6923076923077,233.70000000000002,233.70769230769233,233.71538461538464,233.72307692307695,233.73076923076925,233.73846153846156,233.74615384615385,233.75384615384615,233.76153846153846,233.76923076923077,233.77692307692308,233.7846153846154,233.7923076923077,233.8,233.80769230769232,233.81538461538463,233.82307692307694,233.83076923076925,233.83846153846156,233.84615384615387,233.85384615384618,233.8615384615385,233.8692307692308,233.87692307692308,233.8846153846154,233.8923076923077,233.9,233.90769230769232,233.91538461538462,233.92307692307693,233.93076923076924,233.93846153846155,233.94615384615386,233.95384615384617,233.96153846153848,233.9692307692308,233.9769230769231,233.9846153846154,233.99230769230772,234.0,234.0076923076923,234.01538461538462,234.02307692307693,234.03076923076924,234.03846153846155,234.04615384615386,234.05384615384617,234.06153846153848,234.06923076923078,234.0769230769231,234.0846153846154,234.0923076923077,234.10000000000002,234.10769230769233,234.11538461538464,234.12307692307692,234.13076923076923,234.13846153846154,234.14615384615385,234.15384615384616,234.16153846153847,234.16923076923078,234.1769230769231,234.1846153846154,234.1923076923077,234.20000000000002,234.20769230769233,234.21538461538464,234.22307692307695,234.23076923076925,234.23846153846156,234.24615384615385,234.25384615384615,234.26153846153846,234.26923076923077,234.27692307692308,234.2846153846154,234.2923076923077,234.3,234.30769230769232,234.31538461538463,234.32307692307694,234.33076923076925,234.33846153846156,234.34615384615387,234.35384615384618,234.3615384615385,234.3692307692308,234.37692307692308,234.3846153846154,234.3923076923077,234.4,234.40769230769232,234.41538461538462,234.42307692307693,234.43076923076924,234.43846153846155,234.44615384615386,234.45384615384617,234.46153846153848,234.4692307692308,234.4769230769231,234.4846153846154,234.49230769230772,234.5,234.5076923076923,234.51538461538462,234.52307692307693,234.53076923076924,234.53846153846155,234.54615384615386,234.55384615384617,234.56153846153848,234.56923076923078,234.5769230769231,234.5846153846154,234.5923076923077,234.60000000000002,234.60769230769233,234.61538461538464,234.62307692307692,234.63076923076923,234.63846153846154,234.64615384615385,234.65384615384616,234.66153846153847,234.66923076923078,234.6769230769231,234.6846153846154,234.6923076923077,234.70000000000002,234.70769230769233,234.71538461538464,234.72307692307695,234.73076923076925,234.73846153846156,234.74615384615385,234.75384615384615,234.76153846153846,234.76923076923077,234.77692307692308,234.7846153846154,234.7923076923077,234.8,234.80769230769232,234.81538461538463,234.82307692307694,234.83076923076925,234.83846153846156,234.84615384615387,234.85384615384618,234.8615384615385,234.8692307692308,234.87692307692308,234.8846153846154,234.8923076923077,234.9,234.90769230769232,234.91538461538462,234.92307692307693,234.93076923076924,234.93846153846155,234.94615384615386,234.95384615384617,234.96153846153848,234.9692307692308,234.9769230769231,234.9846153846154,234.99230769230772,235.0,235.0076923076923,235.01538461538462,235.02307692307693,235.03076923076924,235.03846153846155,235.04615384615386,235.05384615384617,235.06153846153848,235.06923076923078,235.0769230769231,235.0846153846154,235.0923076923077,235.10000000000002,235.10769230769233,235.11538461538464,235.12307692307692,235.13076923076923,235.13846153846154,235.14615384615385,235.15384615384616,235.16153846153847,235.16923076923078,235.1769230769231,235.1846153846154,235.1923076923077,235.20000000000002,235.20769230769233,235.21538461538464,235.22307692307695,235.23076923076925,235.23846153846156,235.24615384615385,235.25384615384615,235.26153846153846,235.26923076923077,235.27692307692308,235.2846153846154,235.2923076923077,235.3,235.30769230769232,235.31538461538463,235.32307692307694,235.33076923076925,235.33846153846156,235.34615384615387,235.35384615384618,235.3615384615385,235.3692307692308,235.37692307692308,235.3846153846154,235.3923076923077,235.4,235.40769230769232,235.41538461538462,235.42307692307693,235.43076923076924,235.43846153846155,235.44615384615386,235.45384615384617,235.46153846153848,235.4692307692308,235.4769230769231,235.4846153846154,235.49230769230772,235.5,235.5076923076923,235.51538461538462,235.52307692307693,235.53076923076924,235.53846153846155,235.54615384615386,235.55384615384617,235.56153846153848,235.56923076923078,235.5769230769231,235.5846153846154,235.5923076923077,235.60000000000002,235.60769230769233,235.61538461538464,235.62307692307692,235.63076923076923,235.63846153846154,235.64615384615385,235.65384615384616,235.66153846153847,235.66923076923078,235.6769230769231,235.6846153846154,235.6923076923077,235.70000000000002,235.70769230769233,235.71538461538464,235.72307692307695,235.73076923076925,235.73846153846156,235.74615384615385,235.75384615384615,235.76153846153846,235.76923076923077,235.77692307692308,235.7846153846154,235.7923076923077,235.8,235.80769230769232,235.81538461538463,235.82307692307694,235.83076923076925,235.83846153846156,235.84615384615387,235.85384615384618,235.8615384615385,235.8692307692308,235.87692307692308,235.8846153846154,235.8923076923077,235.9,235.90769230769232,235.91538461538462,235.92307692307693,235.93076923076924,235.93846153846155,235.94615384615386,235.95384615384617,235.96153846153848,235.9692307692308,235.9769230769231,235.9846153846154,235.99230769230772,236.0,236.0076923076923,236.01538461538462,236.02307692307693,236.03076923076924,236.03846153846155,236.04615384615386,236.05384615384617,236.06153846153848,236.06923076923078,236.0769230769231,236.0846153846154,236.0923076923077,236.10000000000002,236.10769230769233,236.11538461538464,236.12307692307692,236.13076923076923,236.13846153846154,236.14615384615385,236.15384615384616,236.16153846153847,236.16923076923078,236.1769230769231,236.1846153846154,236.1923076923077,236.20000000000002,236.20769230769233,236.21538461538464,236.22307692307695,236.23076923076925,236.23846153846156,236.24615384615385,236.25384615384615,236.26153846153846,236.26923076923077,236.27692307692308,236.2846153846154,236.2923076923077,236.3,236.30769230769232,236.31538461538463,236.32307692307694,236.33076923076925,236.33846153846156,236.34615384615387,236.35384615384618,236.3615384615385,236.3692307692308,236.37692307692308,236.3846153846154,236.3923076923077,236.4,236.40769230769232,236.41538461538462,236.42307692307693,236.43076923076924,236.43846153846155,236.44615384615386,236.45384615384617,236.46153846153848,236.4692307692308,236.4769230769231,236.4846153846154,236.49230769230772,236.5,236.5076923076923,236.51538461538462,236.52307692307693,236.53076923076924,236.53846153846155,236.54615384615386,236.55384615384617,236.56153846153848,236.56923076923078,236.5769230769231,236.5846153846154,236.5923076923077,236.60000000000002,236.60769230769233,236.61538461538464,236.62307692307692,236.63076923076923,236.63846153846154,236.64615384615385,236.65384615384616,236.66153846153847,236.66923076923078,236.6769230769231,236.6846153846154,236.6923076923077,236.70000000000002,236.70769230769233,236.71538461538464,236.72307692307695,236.73076923076925,236.73846153846156,236.74615384615385,236.75384615384615,236.76153846153846,236.76923076923077,236.77692307692308,236.7846153846154,236.7923076923077,236.8,236.80769230769232,236.81538461538463,236.82307692307694,236.83076923076925,236.83846153846156,236.84615384615387,236.85384615384618,236.8615384615385,236.8692307692308,236.87692307692308,236.8846153846154,236.8923076923077,236.9,236.90769230769232,236.91538461538462,236.92307692307693,236.93076923076924,236.93846153846155,236.94615384615386,236.95384615384617,236.96153846153848,236.9692307692308,236.9769230769231,236.9846153846154,236.99230769230772,237.0,237.0076923076923,237.01538461538462,237.02307692307693,237.03076923076924,237.03846153846155,237.04615384615386,237.05384615384617,237.06153846153848,237.06923076923078,237.0769230769231,237.0846153846154,237.0923076923077,237.10000000000002,237.10769230769233,237.11538461538464,237.12307692307692,237.13076923076923,237.13846153846154,237.14615384615385,237.15384615384616,237.16153846153847,237.16923076923078,237.1769230769231,237.1846153846154,237.1923076923077,237.20000000000002,237.20769230769233,237.21538461538464,237.22307692307695,237.23076923076925,237.23846153846156,237.24615384615385,237.25384615384615,237.26153846153846,237.26923076923077,237.27692307692308,237.2846153846154,237.2923076923077,237.3,237.30769230769232,237.31538461538463,237.32307692307694,237.33076923076925,237.33846153846156,237.34615384615387,237.35384615384618,237.3615384615385,237.3692307692308,237.37692307692308,237.3846153846154,237.3923076923077,237.4,237.40769230769232,237.41538461538462,237.42307692307693,237.43076923076924,237.43846153846155,237.44615384615386,237.45384615384617,237.46153846153848,237.4692307692308,237.4769230769231,237.4846153846154,237.49230769230772,237.5,237.5076923076923,237.51538461538462,237.52307692307693,237.53076923076924,237.53846153846155,237.54615384615386,237.55384615384617,237.56153846153848,237.56923076923078,237.5769230769231,237.5846153846154,237.5923076923077,237.60000000000002,237.60769230769233,237.61538461538464,237.62307692307692,237.63076923076923,237.63846153846154,237.64615384615385,237.65384615384616,237.66153846153847,237.66923076923078,237.6769230769231,237.6846153846154,237.6923076923077,237.70000000000002,237.70769230769233,237.71538461538464,237.72307692307695,237.73076923076925,237.73846153846156,237.74615384615385,237.75384615384615,237.76153846153846,237.76923076923077,237.77692307692308,237.7846153846154,237.7923076923077,237.8,237.80769230769232,237.81538461538463,237.82307692307694,237.83076923076925,237.83846153846156,237.84615384615387,237.85384615384618,237.8615384615385,237.8692307692308,237.87692307692308,237.8846153846154,237.8923076923077,237.9,237.90769230769232,237.91538461538462,237.92307692307693,237.93076923076924,237.93846153846155,237.94615384615386,237.95384615384617,237.96153846153848,237.9692307692308,237.9769230769231,237.9846153846154,237.99230769230772,238.0,238.0076923076923,238.01538461538462,238.02307692307693,238.03076923076924,238.03846153846155,238.04615384615386,238.05384615384617,238.06153846153848,238.06923076923078,238.0769230769231,238.0846153846154,238.0923076923077,238.10000000000002,238.10769230769233,238.11538461538464,238.12307692307692,238.13076923076923,238.13846153846154,238.14615384615385,238.15384615384616,238.16153846153847,238.16923076923078,238.1769230769231,238.1846153846154,238.1923076923077,238.20000000000002,238.20769230769233,238.21538461538464,238.22307692307695,238.23076923076925,238.23846153846156,238.24615384615385,238.25384615384615,238.26153846153846,238.26923076923077,238.27692307692308,238.2846153846154,238.2923076923077,238.3,238.30769230769232,238.31538461538463,238.32307692307694,238.33076923076925,238.33846153846156,238.34615384615387,238.35384615384618,238.3615384615385,238.3692307692308,238.37692307692308,238.3846153846154,238.3923076923077,238.4,238.40769230769232,238.41538461538462,238.42307692307693,238.43076923076924,238.43846153846155,238.44615384615386,238.45384615384617,238.46153846153848,238.4692307692308,238.4769230769231,238.4846153846154,238.49230769230772,238.5,238.5076923076923,238.51538461538462,238.52307692307693,238.53076923076924,238.53846153846155,238.54615384615386,238.55384615384617,238.56153846153848,238.56923076923078,238.5769230769231,238.5846153846154,238.5923076923077,238.60000000000002,238.60769230769233,238.61538461538464,238.62307692307692,238.63076923076923,238.63846153846154,238.64615384615385,238.65384615384616,238.66153846153847,238.66923076923078,238.6769230769231,238.6846153846154,238.6923076923077,238.70000000000002,238.70769230769233,238.71538461538464,238.72307692307695,238.73076923076925,238.73846153846156,238.74615384615385,238.75384615384615,238.76153846153846,238.76923076923077,238.77692307692308,238.7846153846154,238.7923076923077,238.8,238.80769230769232,238.81538461538463,238.82307692307694,238.83076923076925,238.83846153846156,238.84615384615387,238.85384615384618,238.8615384615385,238.8692307692308,238.87692307692308,238.8846153846154,238.8923076923077,238.9,238.90769230769232,238.91538461538462,238.92307692307693,238.93076923076924,238.93846153846155,238.94615384615386,238.95384615384617,238.96153846153848,238.9692307692308,238.9769230769231,238.9846153846154,238.99230769230772,239.0,239.0076923076923,239.01538461538462,239.02307692307693,239.03076923076924,239.03846153846155,239.04615384615386,239.05384615384617,239.06153846153848,239.06923076923078,239.0769230769231,239.0846153846154,239.0923076923077,239.10000000000002,239.10769230769233,239.11538461538464,239.12307692307692,239.13076923076923,239.13846153846154,239.14615384615385,239.15384615384616,239.16153846153847,239.16923076923078,239.1769230769231,239.1846153846154,239.1923076923077,239.20000000000002,239.20769230769233,239.21538461538464,239.22307692307695,239.23076923076925,239.23846153846156,239.24615384615385,239.25384615384615,239.26153846153846,239.26923076923077,239.27692307692308,239.2846153846154,239.2923076923077,239.3,239.30769230769232,239.31538461538463,239.32307692307694,239.33076923076925,239.33846153846156,239.34615384615387,239.35384615384618,239.3615384615385,239.3692307692308,239.37692307692308,239.3846153846154,239.3923076923077,239.4,239.40769230769232,239.41538461538462,239.42307692307693,239.43076923076924,239.43846153846155,239.44615384615386,239.45384615384617,239.46153846153848,239.4692307692308,239.4769230769231,239.4846153846154,239.49230769230772,239.5,239.5076923076923,239.51538461538462,239.52307692307693,239.53076923076924,239.53846153846155,239.54615384615386,239.55384615384617,239.56153846153848,239.56923076923078,239.5769230769231,239.5846153846154,239.5923076923077,239.60000000000002,239.60769230769233,239.61538461538464,239.62307692307692,239.63076923076923,239.63846153846154,239.64615384615385,239.65384615384616,239.66153846153847,239.66923076923078,239.6769230769231,239.6846153846154,239.6923076923077,239.70000000000002,239.70769230769233,239.71538461538464,239.72307692307695,239.73076923076925,239.73846153846156,239.74615384615385,239.75384615384615,239.76153846153846,239.76923076923077,239.77692307692308,239.7846153846154,239.7923076923077,239.8,239.80769230769232,239.81538461538463,239.82307692307694,239.83076923076925,239.83846153846156,239.84615384615387,239.85384615384618,239.8615384615385,239.8692307692308,239.87692307692308,239.8846153846154,239.8923076923077,239.9,239.90769230769232,239.91538461538462,239.92307692307693,239.93076923076924,239.93846153846155,239.94615384615386,239.95384615384617,239.96153846153848,239.9692307692308,239.9769230769231,239.9846153846154,239.99230769230772,240.0,240.0076923076923,240.01538461538462,240.02307692307693,240.03076923076924,240.03846153846155,240.04615384615386,240.05384615384617,240.06153846153848,240.06923076923078,240.0769230769231,240.0846153846154,240.0923076923077,240.10000000000002,240.10769230769233,240.11538461538464,240.12307692307692,240.13076923076923,240.13846153846154,240.14615384615385,240.15384615384616,240.16153846153847,240.16923076923078,240.1769230769231,240.1846153846154,240.1923076923077,240.20000000000002,240.20769230769233,240.21538461538464,240.22307692307695,240.23076923076925,240.23846153846156,240.24615384615385,240.25384615384615,240.26153846153846,240.26923076923077,240.27692307692308,240.2846153846154,240.2923076923077,240.3,240.30769230769232,240.31538461538463,240.32307692307694,240.33076923076925,240.33846153846156,240.34615384615387,240.35384615384618,240.3615384615385,240.3692307692308,240.37692307692308,240.3846153846154,240.3923076923077,240.4,240.40769230769232,240.41538461538462,240.42307692307693,240.43076923076924,240.43846153846155,240.44615384615386,240.45384615384617,240.46153846153848,240.4692307692308,240.4769230769231,240.4846153846154,240.49230769230772,240.5,240.5076923076923,240.51538461538462,240.52307692307693,240.53076923076924,240.53846153846155,240.54615384615386,240.55384615384617,240.56153846153848,240.56923076923078,240.5769230769231,240.5846153846154,240.5923076923077,240.60000000000002,240.60769230769233,240.61538461538464,240.62307692307692,240.63076923076923,240.63846153846154,240.64615384615385,240.65384615384616,240.66153846153847,240.66923076923078,240.6769230769231,240.6846153846154,240.6923076923077,240.70000000000002,240.70769230769233,240.71538461538464,240.72307692307695,240.73076923076925,240.73846153846156,240.74615384615387,240.75384615384615,240.76153846153846,240.76923076923077,240.77692307692308,240.7846153846154,240.7923076923077,240.8,240.80769230769232,240.81538461538463,240.82307692307694,240.83076923076925,240.83846153846156,240.84615384615387,240.85384615384618,240.8615384615385,240.8692307692308,240.87692307692308,240.8846153846154,240.8923076923077,240.9,240.90769230769232,240.91538461538462,240.92307692307693,240.93076923076924,240.93846153846155,240.94615384615386,240.95384615384617,240.96153846153848,240.9692307692308,240.9769230769231,240.9846153846154,240.99230769230772,241.0,241.0076923076923,241.01538461538462,241.02307692307693,241.03076923076924,241.03846153846155,241.04615384615386,241.05384615384617,241.06153846153848,241.06923076923078,241.0769230769231,241.0846153846154,241.0923076923077,241.10000000000002,241.10769230769233,241.11538461538464,241.12307692307692,241.13076923076923,241.13846153846154,241.14615384615385,241.15384615384616,241.16153846153847,241.16923076923078,241.1769230769231,241.1846153846154,241.1923076923077,241.20000000000002,241.20769230769233,241.21538461538464,241.22307692307695,241.23076923076925,241.23846153846156,241.24615384615387,241.25384615384615,241.26153846153846,241.26923076923077,241.27692307692308,241.2846153846154,241.2923076923077,241.3,241.30769230769232,241.31538461538463,241.32307692307694,241.33076923076925,241.33846153846156,241.34615384615387,241.35384615384618,241.3615384615385,241.3692307692308,241.37692307692308,241.3846153846154,241.3923076923077,241.4,241.40769230769232,241.41538461538462,241.42307692307693,241.43076923076924,241.43846153846155,241.44615384615386,241.45384615384617,241.46153846153848,241.4692307692308,241.4769230769231,241.4846153846154,241.49230769230772,241.5,241.5076923076923,241.51538461538462,241.52307692307693,241.53076923076924,241.53846153846155,241.54615384615386,241.55384615384617,241.56153846153848,241.56923076923078,241.5769230769231,241.5846153846154,241.5923076923077,241.60000000000002,241.60769230769233,241.61538461538464,241.62307692307692,241.63076923076923,241.63846153846154,241.64615384615385,241.65384615384616,241.66153846153847,241.66923076923078,241.6769230769231,241.6846153846154,241.6923076923077,241.70000000000002,241.70769230769233,241.71538461538464,241.72307692307695,241.73076923076925,241.73846153846156,241.74615384615387,241.75384615384615,241.76153846153846,241.76923076923077,241.77692307692308,241.7846153846154,241.7923076923077,241.8,241.80769230769232,241.81538461538463,241.82307692307694,241.83076923076925,241.83846153846156,241.84615384615387,241.85384615384618,241.8615384615385,241.8692307692308,241.87692307692308,241.8846153846154,241.8923076923077,241.9,241.90769230769232,241.91538461538462,241.92307692307693,241.93076923076924,241.93846153846155,241.94615384615386,241.95384615384617,241.96153846153848,241.9692307692308,241.9769230769231,241.9846153846154,241.99230769230772,242.0,242.0076923076923,242.01538461538462
Rpeaks,133,262,393,510,633,758,871,981,1098,1217,1322,1436,1554,1662,1765,1877,1991,2099,2214,2332,2450,2562,2680,2800,2918,3026,3145,3264,3377,3495,3617,3735,3844,3962,4080,4189,4304,4425,4537,4642,4757,4875,4987,5100,5219,5336,5443,5556,5673,5789,5900,6022,6146,6254,6351,6454,6562,6680,6795,6911,7033,7157,7278,7391,7506,7621,7738,7853,7975,8101,8224,8345,8472,8600,8721,8846,8968,9087,9200,9314,9437,9555,9672,9786,9892,9997,10105,10211,10312,10416,10523,10632,10735,10846,10959,11070,11172,11278,11382,11484,11589,11699,11810,11916,12029,12142,12254,12361,12473,12589,12703,12810,12921,13033,13136,13246,13359,13465,13570,13678,13786,13888,13996,14103,14210,14310,14414,14521,14625,14726,14835,14946,15051,15161,15270,15373,15477,15588,15702,15806,15914,16024,16132,16236,16345,16454,16559,16666,16779,16895,17003,17117,17233,17347,17452,17564,17680,17792,17899,18014,18130,18239,18348,18459,18574,18680,18787,18899,19015,19124,19240,19356,19469,19580,19698,19812,19917,20027,20138,20248,20352,20466,20579,20684,20782,20887,20996,21109,21216,21330,21444,21555,21659,21768,21882,21998,22100,22193,22288,22388,22492,22604,22720,22837,22946,23057,23166,23272,23378,23479,23583,23691,23803,23916,24027,24141,24255,24367,24473,24580,24691,24804,24914,25017,25124,25235,25343,25446,25556,25667,25769,25867,25968,26065,26159,26254,26352,26455,26552,26653,26758,26864,26964,27069,27173,27278,27378,27481,27587,27695,27797,27905,28016,28126,28231,28339,28448,28554,28657,28764,28873,28977,29080,29185,29291,29389,29490,29591,29692,29787,29886,29987,30085,30182,30282,30385,30485,30586,30690,30795,30894,30998,31102,31202,31305,31409
IBI Series,129.0,131.0,117.0,123.0,125.0,113.0,110.0,117.0,119.0,105.0,114.0,118.0,108.0,103.0,112.0,114.0,108.0,115.0,118.0,118.0,112.0,118.0,120.0,118.0,108.0,119.0,119.0,113.0,118.0,122.0,118.0,109.0,118.0,118.0,109.0,115.0,121.0,112.0,105.0,115.0,118.0,112.0,113.0,119.0,117.0,107.0,113.0,117.0,116.0,111.0,122.0,124.0,108.0,97.0,103.0,108.0,118.0,115.0,116.0,122.0,124.0,121.0,113.0,115.0,115.0,117.0,115.0,122.0,126.0,123.0,121.0,127.0,128.0,121.0,125.0,122.0,119.0,113.0,114.0,123.0,118.0,117.0,114.0,106.0,105.0,108.0,106.0,101.0,104.0,107.0,109.0,103.0,111.0,113.0,111.0,102.0,106.0,104.0,102.0,105.0,110.0,111.0,106.0,113.0,113.0,112.0,107.0,112.0,116.0,114.0,107.0,111.0,112.0,103.0,110.0,113.0,106.0,105.0,108.0,108.0,102.0,108.0,107.0,107.0,100.0,104.0,107.0,104.0,101.0,109.0,111.0,105.0,110.0,109.0,103.0,104.0,111.0,114.0,104.0,108.0,110.0,108.0,104.0,109.0,109.0,105.0,107.0,113.0,116.0,108.0,114.0,116.0,114.0,105.0,112.0,116.0,112.0,107.0,115.0,116.0,109.0,109.0,111.0,115.0,106.0,107.0,112.0,116.0,109.0,116.0,116.0,113.0,111.0,118.0,114.0,105.0,110.0,111.0,110.0,104.0,114.0,113.0,105.0,98.0,105.0,109.0,113.0,107.0,114.0,114.0,111.0,104.0,109.0,114.0,116.0,102.0,93.0,95.0,100.0,104.0,112.0,116.0,117.0,109.0,111.0,109.0,106.0,106.0,101.0,104.0,108.0,112.0,113.0,111.0,114.0,114.0,112.0,106.0,107.0,111.0,113.0,110.0,103.0,107.0,111.0,108.0,103.0,110.0,111.0,102.0,98.0,101.0,97.0,94.0,95.0,98.0,103.0,97.0,101.0,105.0,106.0,100.0,105.0,104.0,105.0,100.0,103.0,106.0,108.0,102.0,108.0,111.0,110.0,105.0,108.0,109.0,106.0,103.0,107.0,109.0,104.0,103.0,105.0,106.0,98.0,101.0,101.0,101.0,95.0,99.0,101.0,98.0,97.0,100.0,103.0,100.0,101.0,104.0,105.0,99.0,104.0,104.0,100.0,103.0,104.0
Heart Rate,2.0153846153846153,3.0230769230769234,3.9230769230769234,4.86923076923077,5.830769230769231,6.7,7.546153846153847,8.446153846153846,9.361538461538462,10.16923076923077,11.046153846153846,11.953846153846154,12.784615384615385,13.576923076923078,14.438461538461539,15.315384615384616,16.146153846153847,17.03076923076923,17.93846153846154,18.846153846153847,19.70769230769231,20.615384615384617,21.53846153846154,22.446153846153848,23.27692307692308,24.192307692307693,25.10769230769231,25.97692307692308,26.884615384615387,27.823076923076925,28.730769230769234,29.56923076923077,30.47692307692308,31.384615384615387,32.223076923076924,33.10769230769231,34.03846153846154,34.9,35.70769230769231,36.59230769230769,37.5,38.361538461538466,39.23076923076923,40.14615384615385,41.04615384615385,41.869230769230775,42.73846153846154,43.63846153846154,44.53076923076923,45.38461538461539,46.323076923076925,47.27692307692308,48.10769230769231,48.853846153846156,49.64615384615385,50.47692307692308,51.38461538461539,52.269230769230774,53.16153846153846,54.1,55.05384615384616,55.98461538461539,56.853846153846156,57.73846153846154,58.62307692307693,59.52307692307693,60.40769230769231,61.34615384615385,62.315384615384616,63.261538461538464,64.1923076923077,65.16923076923078,66.15384615384616,67.08461538461539,68.04615384615386,68.9846153846154,69.9,70.76923076923077,71.64615384615385,72.5923076923077,73.5,74.4,75.27692307692308,76.0923076923077,76.9,77.73076923076924,78.54615384615386,79.32307692307693,80.12307692307692,80.94615384615385,81.78461538461539,82.57692307692308,83.43076923076923,84.30000000000001,85.15384615384616,85.93846153846154,86.75384615384615,87.55384615384615,88.33846153846154,89.14615384615385,89.99230769230769,90.84615384615385,91.66153846153847,92.53076923076924,93.4,94.26153846153846,95.08461538461539,95.94615384615385,96.83846153846154,97.71538461538462,98.53846153846155,99.3923076923077,100.25384615384615,101.04615384615386,101.8923076923077,102.76153846153846,103.57692307692308,104.38461538461539,105.21538461538462,106.04615384615386,106.83076923076923,107.66153846153847,108.4846153846154,109.30769230769232,110.07692307692308,110.87692307692308,111.7,112.5,113.27692307692308,114.11538461538463,114.96923076923078,115.77692307692308,116.62307692307692,117.46153846153847,118.25384615384615,119.05384615384617,119.90769230769232,120.78461538461539,121.58461538461539,122.41538461538462,123.26153846153846,124.0923076923077,124.8923076923077,125.73076923076924,126.56923076923077,127.37692307692308,128.20000000000002,129.06923076923078,129.96153846153848,130.7923076923077,131.66923076923078,132.56153846153848,133.43846153846155,134.24615384615385,135.1076923076923,136.0,136.86153846153846,137.6846153846154,138.56923076923078,139.46153846153848,140.3,141.13846153846154,141.9923076923077,142.87692307692308,143.6923076923077,144.51538461538462,145.37692307692308,146.26923076923077,147.1076923076923,148.0,148.8923076923077,149.76153846153846,150.6153846153846,151.52307692307693,152.4,153.20769230769233,154.05384615384617,154.90769230769232,155.75384615384615,156.55384615384617,157.43076923076924,158.3,159.1076923076923,159.86153846153846,160.66923076923078,161.5076923076923,162.37692307692308,163.20000000000002,164.0769230769231,164.95384615384617,165.80769230769232,166.6076923076923,167.44615384615386,168.32307692307694,169.21538461538464,170.0,170.71538461538464,171.44615384615386,172.21538461538464,173.01538461538462,173.87692307692308,174.76923076923077,175.66923076923078,176.5076923076923,177.36153846153846,178.20000000000002,179.01538461538462,179.83076923076925,180.6076923076923,181.40769230769232,182.23846153846154,183.10000000000002,183.9692307692308,184.82307692307694,185.70000000000002,186.5769230769231,187.43846153846155,188.25384615384615,189.0769230769231,189.93076923076924,190.8,191.64615384615385,192.43846153846155,193.26153846153846,194.1153846153846,194.94615384615386,195.73846153846154,196.5846153846154,197.43846153846155,198.22307692307695,198.9769230769231,199.75384615384615,200.5,201.22307692307695,201.95384615384617,202.70769230769233,203.5,204.24615384615385,205.02307692307693,205.83076923076925,206.64615384615385,207.41538461538462,208.22307692307695,209.02307692307693,209.83076923076925,210.60000000000002,211.3923076923077,212.20769230769233,213.03846153846155,213.82307692307694,214.65384615384616,215.5076923076923,216.35384615384618,217.16153846153847,217.9923076923077,218.83076923076925,219.64615384615385,220.43846153846155,221.26153846153846,222.10000000000002,222.9,223.6923076923077,224.5,225.31538461538463,226.06923076923078,226.84615384615387,227.62307692307692,228.4,229.13076923076923,229.8923076923077,230.66923076923078,231.42307692307693,232.16923076923078,232.93846153846155,233.73076923076925,234.5,235.27692307692308,236.0769230769231,236.8846153846154,237.64615384615385,238.44615384615386,239.24615384615385,240.01538461538462,240.80769230769232,241.60769230769233
